last-generated=2025-08-20
statistics-simulation=
{
  "linear": " ",
  "nonlinear": " ",
  "numerical Jacobians": "0"
}
time=[0e+00, 8.64e+04]
QLos_flow_SteSta[2]=[-2.05037670135498e+01, -1.040544738769531e+02, 9.654362487792969e+01, -1.086377868652344e+02, -6.992151260375977e+00, 3.799695587158203e+01, -1.085949096679688e+02, 4.483555984496486e+01, -3.68971061706543e+01, -4.573825454711914e+01, 1.565166854858398e+01, -4.136196517944336e+01, -1.732366752624512e+01, -2.33474006652832e+01, 3.544300795228644e-01, -5.665920257568359e+01, 4.730720043182373e+00, -4.032113552113649e+00, -8.671389770507812e+01, 6.758737945556641e+01, -7.900448608398438e+01, -3.4015380859375e+01, 6.634174346923828e+01, -1.394262542724609e+02, 6.304693984985352e+01, -2.05037670135498e+01, -1.040544738769531e+02, 9.654362487792969e+01, -1.086377868651351e+02, -6.992151260375977e+00, 3.799695587158203e+01, -1.085949096679688e+02, 4.48355598449707e+01, -3.68971061706543e+01, -4.57382545470016e+01, 1.565166854858278e+01, -4.136196517944336e+01, -1.732366752624512e+01, -2.33474006652832e+01, 3.54430079460144e-01, -5.665920257568359e+01, 4.730720043182373e+00, -4.032113552093506e+00, -8.671389770507812e+01, 6.758737945556641e+01, -7.900448608398438e+01, -3.4015380859375e+01, 6.634174346923828e+01, -1.394262542724609e+02, 6.304693984985352e+01, -2.05037670135498e+01, -1.040544738769531e+02, 9.654362487792969e+01, -1.086377868652344e+02, -6.992151260375977e+00, 3.799695587157589e+01, -1.085949096679638e+02, 4.483555984499695e+01, -3.68971061706543e+01, -4.573825454711914e+01, 1.565166854858398e+01, -4.136196517944336e+01, -1.732366752624512e+01, -2.33474006652832e+01, 3.54430079460144e-01, -5.665920257568359e+01, 4.730720043182373e+00, -4.032113552093506e+00, -8.671389770493275e+01, 6.758737945556143e+01, -7.900448608397892e+01, -3.4015380859375e+01, 6.634174346923828e+01, -1.394262542724609e+02, 6.304693984985352e+01, -2.05037670135498e+01, -1.040544738769531e+02, 9.654362487792969e+01, -1.086377868652344e+02, -6.992151260375977e+00, 3.799695587158203e+01, -1.085949096679688e+02, 4.48355598449707e+01, -3.68971061706543e+01, -4.573825454711914e+01, 1.565166854858398e+01, -4.136196517944336e+01, -1.732366752624512e+01, -2.33474006652832e+01, 3.54430079460144e-01, -5.665920257568359e+01, 4.730720043182373e+00, -4.032113552093506e+00, -8.671389770507812e+01, 6.758737945556641e+01, -7.900448608398438e+01, -3.4015380859375e+01, 6.634174346923828e+01, -1.394262542724609e+02, 6.304693984985352e+01, -2.05037670135498e+01]
QLos_flow_QuaDyn[2]=[-3.000966644287109e+01, -1.654351043701172e+02, 1.611103057861328e+02, -1.947281646728516e+02, -4.168970108032227e+00, 6.101468276977539e+01, -2.122754516601562e+02, 9.700908660887495e+01, -9.476739501953125e+01, -8.706436920166016e+01, 2.617464447021484e+01, -1.044306564331055e+02, -2.736683654785156e+01, -7.732371520996094e+01, 4.952973365943034e+00, -1.385165863037109e+02, -8.604788780212402e+00, -1.757830530916655e-01, -2.354643707275391e+02, 1.677459564208984e+02, -2.047983856201172e+02, -1.041177368164062e+02, 1.756872253417969e+02, -3.790491638183594e+02, 1.612842254638672e+02, -6.016633224487305e+01, -2.83260498046875e+02, 2.514433288574219e+02, -2.990527648923023e+02, -1.472232055664062e+01, 8.473185729980469e+01, -2.859598388671875e+02, 1.185233001708984e+02, -1.140842742919922e+02, -1.052965393063286e+02, 2.867712593078357e+01, -1.116280975341797e+02, -2.853879928588867e+01, -7.583922576904297e+01, 5.782583713531494e+00, -1.226708831787109e+02, -8.230228424072266e+00, 4.218788146972656e+00, -1.846393432617188e+02, 1.279366760253906e+02, -1.423576507568359e+02, -7.125192260742188e+01, 1.20380256652832e+02, -2.346831970214844e+02, 9.986605834960938e+01, -3.000966644287109e+01, -1.496138305664062e+02, 1.349866943359375e+02, -1.455437774658203e+02, 3.1224205493927e+00, 3.818428039550083e+01, -1.156852722167909e+02, 5.87652740478751e+01, -4.759512710571289e+01, -2.373049545288086e+01, 1.287708187103271e+01, -3.54870719909668e+01, 8.753655433654785e+00, -2.860214042663574e+01, 1.455894470214844e+01, -2.262503623962402e+01, -6.554540157318115e+00, 1.934500122070312e+01, -4.346738052357917e+01, 3.594285202026093e+01, -1.981084251403596e+01, -1.567887210845947e+01, 3.899851226806641e+01, -4.856768798828125e+01, 3.02008171081543e+01, 1.470005661249161e-01, -3.178844833374023e+01, 4.465365982055664e+01, -4.121919250488281e+01, 1.367577075958252e+01, 1.446710109710693e+01, -4.200089263916016e+01, 3.725106048583984e+01, -2.827824592590332e+01, -5.498324394226074e+00, 1.037460041046143e+01, -2.828962707519531e+01, 9.925618171691895e+00, -3.008662605285645e+01, 1.372933387756348e+01, -3.847074127197266e+01, -6.92910099029541e+00, 1.495042991638184e+01, -9.429241180419922e+01, 7.575213623046875e+01, -8.225156402587891e+01, -4.854468536376953e+01, 9.430548858642578e+01, -1.929336700439453e+02, 9.161898803710938e+01, -3.000966644287109e+01]
TEnv.y=[2.831499938964844e+02, 2.715923156738281e+02, 2.978843078613281e+02, 2.759237060546875e+02, 2.776281433105469e+02, 2.974158325195312e+02, 2.704850769042969e+02, 2.85029998779296e+02, 2.93418212890625e+02, 2.681795959472656e+02, 2.919667663574219e+02, 2.868803405761719e+02, 2.695776062011719e+02, 2.96722412109375e+02, 2.794196472167985e+02, 2.743332214355469e+02, 2.981203918457031e+02, 2.728818054199231e+02, 2.812699890136719e+02, 2.958149108886719e+02, 2.688841552734375e+02, 2.88671875e+02, 2.903763122558594e+02, 2.684156799316406e+02, 2.947077026367188e+02, 2.831499938964844e+02, 2.715923156738281e+02, 2.978843078613281e+02, 2.759237060546907e+02, 2.776281433105469e+02, 2.974158325195312e+02, 2.704850769042969e+02, 2.850299987792969e+02, 2.93418212890625e+02, 2.681795959472659e+02, 2.919667663574214e+02, 2.868803405761719e+02, 2.695776062011719e+02, 2.96722412109375e+02, 2.794196472167969e+02, 2.743332214355469e+02, 2.981203918457031e+02, 2.728818054199219e+02, 2.812699890136719e+02, 2.958149108886719e+02, 2.688841552734375e+02, 2.88671875e+02, 2.903763122558594e+02, 2.684156799316406e+02, 2.947077026367188e+02, 2.831499938964844e+02, 2.715923156738281e+02, 2.978843078613281e+02, 2.759237060546875e+02, 2.776281433105469e+02, 2.974158325195304e+02, 2.704850769042972e+02, 2.850299987793036e+02, 2.93418212890625e+02, 2.681795959472656e+02, 2.919667663574219e+02, 2.868803405761719e+02, 2.695776062011719e+02, 2.96722412109375e+02, 2.794196472167969e+02, 2.743332214355469e+02, 2.981203918457031e+02, 2.728818054199219e+02, 2.812699890136652e+02, 2.958149108886716e+02, 2.688841552734385e+02, 2.88671875e+02, 2.903763122558594e+02, 2.684156799316406e+02, 2.947077026367188e+02, 2.831499938964844e+02, 2.715923156738281e+02, 2.978843078613281e+02, 2.759237060546875e+02, 2.776281433105469e+02, 2.974158325195312e+02, 2.704850769042969e+02, 2.850299987792969e+02, 2.93418212890625e+02, 2.681795959472656e+02, 2.919667663574219e+02, 2.868803405761719e+02, 2.695776062011719e+02, 2.96722412109375e+02, 2.794196472167969e+02, 2.743332214355469e+02, 2.981203918457031e+02, 2.728818054199219e+02, 2.812699890136719e+02, 2.958149108886719e+02, 2.688841552734375e+02, 2.88671875e+02, 2.903763122558594e+02, 2.684156799316406e+02, 2.947077026367188e+02, 2.831499938964844e+02]
T1.y=[2.831499938964844e+02, 2.919667663574219e+02, 2.688841552734375e+02, 2.974158325195312e+02, 2.743332214355469e+02, 2.831499938964844e+02, 2.919667663574219e+02, 2.688841552734403e+02, 2.974158325195312e+02, 2.743332214355469e+02, 2.831499938964844e+02, 2.919667663574219e+02, 2.688841552734375e+02, 2.974158325195312e+02, 2.743332214355332e+02, 2.831499938964844e+02, 2.919667663574219e+02, 2.688841552734432e+02, 2.974158325195312e+02, 2.743332214355469e+02, 2.831499938964844e+02, 2.919667663574219e+02, 2.688841552734375e+02, 2.974158325195312e+02, 2.743332214355469e+02, 2.831499938964844e+02, 2.919667663574219e+02, 2.688841552734375e+02, 2.974158325195102e+02, 2.743332214355469e+02, 2.831499938964844e+02, 2.919667663574219e+02, 2.688841552734375e+02, 2.974158325195312e+02, 2.743332214355185e+02, 2.831499938964842e+02, 2.919667663574219e+02, 2.688841552734375e+02, 2.974158325195312e+02, 2.743332214355469e+02, 2.831499938964844e+02, 2.919667663574219e+02, 2.688841552734375e+02, 2.974158325195312e+02, 2.743332214355469e+02, 2.831499938964844e+02, 2.919667663574219e+02, 2.688841552734375e+02, 2.974158325195312e+02, 2.743332214355469e+02, 2.831499938964844e+02, 2.919667663574219e+02, 2.688841552734375e+02, 2.974158325195312e+02, 2.743332214355469e+02, 2.83149993896485e+02, 2.919667663574209e+02, 2.688841552734393e+02, 2.974158325195312e+02, 2.743332214355469e+02, 2.831499938964844e+02, 2.919667663574219e+02, 2.688841552734375e+02, 2.974158325195312e+02, 2.743332214355469e+02, 2.831499938964844e+02, 2.919667663574219e+02, 2.688841552734375e+02, 2.974158325194892e+02, 2.743332214355478e+02, 2.83149993896484e+02, 2.919667663574219e+02, 2.688841552734375e+02, 2.974158325195312e+02, 2.743332214355469e+02, 2.831499938964844e+02, 2.919667663574219e+02, 2.688841552734375e+02, 2.974158325195312e+02, 2.743332214355469e+02, 2.831499938964844e+02, 2.919667663574219e+02, 2.688841552734375e+02, 2.974158325195312e+02, 2.743332214355469e+02, 2.831499938964844e+02, 2.919667663574219e+02, 2.688841552734375e+02, 2.974158325195312e+02, 2.743332214355469e+02, 2.831499938964844e+02, 2.919667663574219e+02, 2.688841552734375e+02, 2.974158325195312e+02, 2.743332214355469e+02, 2.831499938964844e+02, 2.919667663574219e+02, 2.688841552734375e+02, 2.974158325195312e+02, 2.743332214355469e+02, 2.831499938964844e+02]
T2.y=[2.881499938964844e+02, 2.969667663574219e+02, 2.738841552734375e+02, 3.024158325195312e+02, 2.793332214355469e+02, 2.881499938964844e+02, 2.969667663574219e+02, 2.738841552734403e+02, 3.024158325195312e+02, 2.793332214355469e+02, 2.881499938964844e+02, 2.969667663574219e+02, 2.738841552734375e+02, 3.024158325195312e+02, 2.793332214355332e+02, 2.881499938964844e+02, 2.969667663574219e+02, 2.738841552734432e+02, 3.024158325195312e+02, 2.793332214355469e+02, 2.881499938964844e+02, 2.969667663574219e+02, 2.738841552734375e+02, 3.024158325195312e+02, 2.793332214355469e+02, 2.881499938964844e+02, 2.969667663574219e+02, 2.738841552734375e+02, 3.024158325195102e+02, 2.793332214355469e+02, 2.881499938964844e+02, 2.969667663574219e+02, 2.738841552734375e+02, 3.024158325195312e+02, 2.793332214355185e+02, 2.881499938964842e+02, 2.969667663574219e+02, 2.738841552734375e+02, 3.024158325195312e+02, 2.793332214355469e+02, 2.881499938964844e+02, 2.969667663574219e+02, 2.738841552734375e+02, 3.024158325195312e+02, 2.793332214355469e+02, 2.881499938964844e+02, 2.969667663574219e+02, 2.738841552734375e+02, 3.024158325195312e+02, 2.793332214355469e+02, 2.881499938964844e+02, 2.969667663574219e+02, 2.738841552734375e+02, 3.024158325195312e+02, 2.793332214355469e+02, 2.88149993896485e+02, 2.969667663574209e+02, 2.738841552734393e+02, 3.024158325195312e+02, 2.793332214355469e+02, 2.881499938964844e+02, 2.969667663574219e+02, 2.738841552734375e+02, 3.024158325195312e+02, 2.793332214355469e+02, 2.881499938964844e+02, 2.969667663574219e+02, 2.738841552734375e+02, 3.024158325194892e+02, 2.793332214355478e+02, 2.88149993896484e+02, 2.969667663574219e+02, 2.738841552734375e+02, 3.024158325195312e+02, 2.793332214355469e+02, 2.881499938964844e+02, 2.969667663574219e+02, 2.738841552734375e+02, 3.024158325195312e+02, 2.793332214355469e+02, 2.881499938964844e+02, 2.969667663574219e+02, 2.738841552734375e+02, 3.024158325195312e+02, 2.793332214355469e+02, 2.881499938964844e+02, 2.969667663574219e+02, 2.738841552734375e+02, 3.024158325195312e+02, 2.793332214355469e+02, 2.881499938964844e+02, 2.969667663574219e+02, 2.738841552734375e+02, 3.024158325195312e+02, 2.793332214355469e+02, 2.881499938964844e+02, 2.969667663574219e+02, 2.738841552734375e+02, 3.024158325195312e+02, 2.793332214355469e+02, 2.881499938964844e+02]
T3.y=[2.931499938964844e+02, 3.019667663574219e+02, 2.788841552734375e+02, 3.074158325195312e+02, 2.843332214355469e+02, 2.931499938964844e+02, 3.019667663574219e+02, 2.788841552734403e+02, 3.074158325195312e+02, 2.843332214355469e+02, 2.931499938964844e+02, 3.019667663574219e+02, 2.788841552734375e+02, 3.074158325195312e+02, 2.843332214355332e+02, 2.931499938964844e+02, 3.019667663574219e+02, 2.788841552734432e+02, 3.074158325195312e+02, 2.843332214355469e+02, 2.931499938964844e+02, 3.019667663574219e+02, 2.788841552734375e+02, 3.074158325195312e+02, 2.843332214355469e+02, 2.931499938964844e+02, 3.019667663574219e+02, 2.788841552734375e+02, 3.074158325195102e+02, 2.843332214355469e+02, 2.931499938964844e+02, 3.019667663574219e+02, 2.788841552734375e+02, 3.074158325195312e+02, 2.843332214355185e+02, 2.931499938964842e+02, 3.019667663574219e+02, 2.788841552734375e+02, 3.074158325195312e+02, 2.843332214355469e+02, 2.931499938964844e+02, 3.019667663574219e+02, 2.788841552734375e+02, 3.074158325195312e+02, 2.843332214355469e+02, 2.931499938964844e+02, 3.019667663574219e+02, 2.788841552734375e+02, 3.074158325195312e+02, 2.843332214355469e+02, 2.931499938964844e+02, 3.019667663574219e+02, 2.788841552734375e+02, 3.074158325195312e+02, 2.843332214355469e+02, 2.93149993896485e+02, 3.019667663574209e+02, 2.788841552734393e+02, 3.074158325195312e+02, 2.843332214355469e+02, 2.931499938964844e+02, 3.019667663574219e+02, 2.788841552734375e+02, 3.074158325195312e+02, 2.843332214355469e+02, 2.931499938964844e+02, 3.019667663574219e+02, 2.788841552734375e+02, 3.074158325194892e+02, 2.843332214355478e+02, 2.93149993896484e+02, 3.019667663574219e+02, 2.788841552734375e+02, 3.074158325195312e+02, 2.843332214355469e+02, 2.931499938964844e+02, 3.019667663574219e+02, 2.788841552734375e+02, 3.074158325195312e+02, 2.843332214355469e+02, 2.931499938964844e+02, 3.019667663574219e+02, 2.788841552734375e+02, 3.074158325195312e+02, 2.843332214355469e+02, 2.931499938964844e+02, 3.019667663574219e+02, 2.788841552734375e+02, 3.074158325195312e+02, 2.843332214355469e+02, 2.931499938964844e+02, 3.019667663574219e+02, 2.788841552734375e+02, 3.074158325195312e+02, 2.843332214355469e+02, 2.931499938964844e+02, 3.019667663574219e+02, 2.788841552734375e+02, 3.074158325195312e+02, 2.843332214355469e+02, 2.931499938964844e+02]
