last-generated=2019-09-19
statistics-initialization=
{
  "linear": "0, 0, 0, 0, 0, 0, 0, 0, 0, 0",
  "nonlinear": "7, 7, 5, 5, 0, 0, 0, 2",
  "numerical Jacobians": "0"
}
statistics-simulation=
{
  "linear": "0, 0, 0, 0, 0, 0, 0, 0, 0, 0, 0, 0, 0, 0, 0, 0, 0, 0, 5, 0, 0, 5, 0, 0, 0, 0, 0,   0, 0, 0, 0, 0, 0, 0",
  "nonlinear": "1, 0, 0, 0, 2, 2",
  "number of continuous time states": "100",
  "numerical Jacobians": "0"
}
rectangularZoneTemplate.ppm=[4e+02, 4.876593627929688e+02, 4.340012512207031e+02, 4.131891174316406e+02, 4.051136169433594e+02, 4.019830017089844e+02, 4.007697143554688e+02, 4.002991027832031e+02, 4.001165466308594e+02, 4.000455932617188e+02, 4.000180358886719e+02, 4.000073547363281e+02, 4.000033874511719e+02, 4.000011596679688e+02, 4.000000915527344e+02, 3.999974365234375e+02, 3.999995422363281e+02, 4.000003662109375e+02, 4.000000610351562e+02, 4.000005493164062e+02, 4.000007629394531e+02, 4.000008239746094e+02, 4.000008544921875e+02, 1.001633056640625e+03, 1e+03, 1e+03, 1e+03, 6.149505615234375e+02, 4.833765258789062e+02, 4.323410339355469e+02, 4.125449829101562e+02, 4.048665466308594e+02, 9.999784545898438e+02, 1e+03, 1e+03, 7.940870361328125e+02, 5.5286083984375e+02, 4.592928466796875e+02, 4.229993286132812e+02, 4.08919189453125e+02, 1.038904052734375e+03, 9.999998168945312e+02, 1e+03, 1e+03, 6.802217407226562e+02, 5.086944274902344e+02, 4.421618957519531e+02, 4.16352783203125e+02, 4.06343505859375e+02, 9.995958862304688e+02, 9.999999389648438e+02, 1e+03, 9.137269897460938e+02, 5.993088989257812e+02, 4.773669128417969e+02, 4.3003662109375e+02, 4.116507873535156e+02, 5.116827392578125e+02, 9.999862060546875e+02, 1e+03, 1e+03, 7.653185424804688e+02, 5.417052612304688e+02, 4.549770812988281e+02, 4.214269409179688e+02, 4.084170837402344e+02, 4.032832946777344e+02, 4.012793273925781e+02, 4.004982299804688e+02, 4.001943054199219e+02, 4.000760192871094e+02, 4.000299987792969e+02, 4.000123291015625e+02, 4.000054321289062e+02, 4.000026550292969e+02, 4.000015563964844e+02, 4.000011291503906e+02, 4.000009765625e+02, 4.000009155273438e+02, 4.000008850097656e+02, 4.000008850097656e+02, 4.000008850097656e+02, 4.000008850097656e+02, 7.096661376953125e+02, 1.000007751464844e+03, 1e+03, 1e+03, 7.387015380859375e+02, 5.314804077148438e+02, 4.510328979492188e+02, 4.198080749511719e+02, 4.077057189941406e+02, 9.952632446289062e+02, 1.000000305175781e+03, 1e+03, 1e+03, 6.407821655273438e+02, 4.934224853515625e+02, 4.362268981933594e+02, 4.141089172363281e+02, 4.054969177246094e+02]
rectangularZoneTemplate1.ppm=[4e+02, 9.996967163085938e+02, 1.000000061035156e+03, 9.999998779296875e+02, 1e+03, 1.000000122070312e+03, 9.999998168945312e+02, 1e+03, 1e+03, 1.000000061035156e+03, 9.999998168945312e+02, 1.000000061035156e+03, 1.000000061035156e+03, 1e+03, 1.000000061035156e+03, 1.000000122070312e+03, 1e+03, 1e+03, 1e+03, 1e+03, 9.999998779296875e+02, 1e+03, 9.999999389648438e+02, 1.000102600097656e+03, 1e+03, 1e+03, 1e+03, 1e+03, 1e+03, 9.999999389648438e+02, 9.999999389648438e+02, 1.000000061035156e+03, 9.999988403320312e+02, 1e+03, 1e+03, 9.9997802734375e+02, 1e+03, 1e+03, 9.999999389648438e+02, 1.000000244140625e+03, 1.000425903320312e+03, 9.999998779296875e+02, 1e+03, 1e+03, 1.000000427246094e+03, 1e+03, 1e+03, 1e+03, 9.999999389648438e+02, 1.000000854492188e+03, 1e+03, 1e+03, 9.996190795898438e+02, 9.999998779296875e+02, 1e+03, 1e+03, 1e+03, 1e+03, 9.999973754882812e+02, 1e+03, 1e+03, 1.000004821777344e+03, 9.999999389648438e+02, 1e+03, 1e+03, 1e+03, 1e+03, 1e+03, 1e+03, 1e+03, 1e+03, 1e+03, 1e+03, 1e+03, 1e+03, 1e+03, 1e+03, 1e+03, 1e+03, 1e+03, 1e+03, 1e+03, 1e+03, 1e+03, 1.000000610351562e+03, 1e+03, 1e+03, 1.000005493164062e+03, 1e+03, 1e+03, 1e+03, 1e+03, 9.99739501953125e+02, 1e+03, 1e+03, 1e+03, 1.000000427246094e+03, 1e+03, 1e+03, 1e+03, 1e+03]
time=[1e+07, 1.1e+07]
conPID1.y=[1.000000014901161e-01, 3.090618252754211e-01, 3.081642389297485e-01, 3.081634342670441e-01, 3.081646263599396e-01, 3.081641495227814e-01, 3.081636428833008e-01, 3.081642389297485e-01, 3.08163970708847e-01, 3.081643879413605e-01, 3.081596493721008e-01, 3.08164656162262e-01, 3.081642091274261e-01, 3.081641793251038e-01, 3.081648945808411e-01, 3.081650137901306e-01, 3.081640303134918e-01, 3.081645369529724e-01, 3.081646859645844e-01, 3.081641495227814e-01, 3.081637918949127e-01, 3.081651628017426e-01, 3.081639409065247e-01, 3.125431537628174e-01, 3.12498927116394e-01, 3.124990165233612e-01, 3.124990165233612e-01, 3.081641495227814e-01, 3.081642389297485e-01, 3.081637322902679e-01, 3.081640005111694e-01, 3.0816450715065e-01, 3.125237226486206e-01, 3.124990165233612e-01, 3.124990165233612e-01, 3.080820739269257e-01, 3.081643581390381e-01, 3.081642091274261e-01, 3.081636130809784e-01, 3.081639111042023e-01, 3.124555945396423e-01, 3.124980628490448e-01, 3.124990165233612e-01, 3.124990165233612e-01, 3.08163195848465e-01, 3.08163970708847e-01, 3.081641793251038e-01, 3.081642091274261e-01, 3.081647455692291e-01, 3.128537237644196e-01, 3.124991655349731e-01, 3.124990165233612e-01, 3.076091110706329e-01, 3.081591427326202e-01, 3.081640601158142e-01, 3.081640899181366e-01, 3.081640005111694e-01, 3.081640899181366e-01, 3.124882578849792e-01, 3.124989867210388e-01, 3.124990165233612e-01, 3.081186711788177e-01, 3.081637918949127e-01, 3.081640899181366e-01, 3.081640601158142e-01, 3.08164119720459e-01, 3.081640899181366e-01, 3.081640899181366e-01, 3.081640899181366e-01, 3.081640899181366e-01, 3.08164119720459e-01, 3.081640899181366e-01, 3.081640899181366e-01, 3.081640899181366e-01, 3.081640899181366e-01, 3.081640899181366e-01, 3.081640899181366e-01, 3.08164119720459e-01, 3.081640899181366e-01, 3.081640899181366e-01, 3.081640899181366e-01, 3.081640899181366e-01, 3.081640899181366e-01, 3.081640899181366e-01, 3.124915063381195e-01, 3.124990165233612e-01, 3.124990165233612e-01, 3.081946671009064e-01, 3.081640899181366e-01, 3.08164119720459e-01, 3.081642091274261e-01, 3.081640899181366e-01, 3.116502463817596e-01, 3.124978542327881e-01, 3.124990165233612e-01, 3.124990165233612e-01, 3.081665337085724e-01, 3.081640601158142e-01, 3.081640899181366e-01, 3.081640899181366e-01, 3.081640899181366e-01]
conPID.y=[1.000000014901161e-01, 1.000000014901161e-01, 1.000000014901161e-01, 1.000000014901161e-01, 1.000000014901161e-01, 1.000000014901161e-01, 1.000000014901161e-01, 1.000000014901161e-01, 1.000000014901161e-01, 1.000000014901161e-01, 1.000000014901161e-01, 1.000000014901161e-01, 1.000000014901161e-01, 1.000000014901161e-01, 1.000000014901161e-01, 1.000000014901161e-01, 1.000000014901161e-01, 1.000000014901161e-01, 1.000000014901161e-01, 1.000000014901161e-01, 1.000000014901161e-01, 1.000000014901161e-01, 1.000000014901161e-01, 6.802158355712891e-01, 6.734554767608643e-01, 6.734556555747986e-01, 6.734556555747986e-01, 1.000000014901161e-01, 1.000000014901161e-01, 1.000000014901161e-01, 1.000000014901161e-01, 1.000000014901161e-01, 6.735324859619141e-01, 6.734556555747986e-01, 6.734556555747986e-01, 1.000000014901161e-01, 1.000000014901161e-01, 1.000000014901161e-01, 1.000000014901161e-01, 1.000000014901161e-01, 8.046226501464844e-01, 6.734523177146912e-01, 6.734556555747986e-01, 6.734556555747986e-01, 1.000000014901161e-01, 1.000000014901161e-01, 1.000000014901161e-01, 1.000000014901161e-01, 1.000000014901161e-01, 6.758498549461365e-01, 6.734560132026672e-01, 6.734556555747986e-01, 1.000000014901161e-01, 1.000000014901161e-01, 1.000000014901161e-01, 1.000000014901161e-01, 1.000000014901161e-01, 1.000000014901161e-01, 6.733583211898804e-01, 6.734555959701538e-01, 6.734556555747986e-01, 1.000000014901161e-01, 1.000000014901161e-01, 1.000000014901161e-01, 1.000000014901161e-01, 1.000000014901161e-01, 1.000000014901161e-01, 1.000000014901161e-01, 1.000000014901161e-01, 1.000000014901161e-01, 1.000000014901161e-01, 1.000000014901161e-01, 1.000000014901161e-01, 1.000000014901161e-01, 1.000000014901161e-01, 1.000000014901161e-01, 1.000000014901161e-01, 1.000000014901161e-01, 1.000000014901161e-01, 1.000000014901161e-01, 1.000000014901161e-01, 1.000000014901161e-01, 1.000000014901161e-01, 1.000000014901161e-01, 6.734369397163391e-01, 6.734556555747986e-01, 6.734556555747986e-01, 1.000000014901161e-01, 1.000000014901161e-01, 1.000000014901161e-01, 1.000000014901161e-01, 1.000000014901161e-01, 6.37539803981781e-01, 6.734519004821777e-01, 6.734556555747986e-01, 6.734556555747986e-01, 1.000000014901161e-01, 1.000000014901161e-01, 1.000000014901161e-01, 1.000000014901161e-01, 1.000000014901161e-01]
