last-generated=2022-04-10
statistics-simulation=
{
  "linear": " ",
  "nonlinear": "1",
  "numerical Jacobians": "0"
}
time=[0e+00, 8.64e+06]
briCoe.F1=[0e+00, 0e+00, 0e+00, 0e+00, 0e+00, 0e+00, 0e+00, 0e+00, 0e+00, 0e+00, 0e+00, 0e+00, 0e+00, 0e+00, 0e+00, 0e+00, 0e+00, 0e+00, 0e+00, 0e+00, 0e+00, 0e+00, 0e+00, 0e+00, 0e+00, 0e+00, 0e+00, 0e+00, 0e+00, 0e+00, 0e+00, 0e+00, 0e+00, 0e+00, 0e+00, 0e+00, 0e+00, 0e+00, 0e+00, 0e+00, 0e+00, 0e+00, 0e+00, 0e+00, 0e+00, 0e+00, 0e+00, 0e+00, 0e+00, 0e+00, 0e+00, 0e+00, 0e+00, 0e+00, 0e+00, 0e+00, 0e+00, 0e+00, 0e+00, 0e+00, 0e+00, 0e+00, 0e+00, 0e+00, 0e+00, 0e+00, 0e+00, 0e+00, 0e+00, 0e+00, 0e+00, 0e+00, 0e+00, 0e+00, 0e+00, 0e+00, 0e+00, 0e+00, 0e+00, 0e+00, 0e+00, 0e+00, 0e+00, 0e+00, 0e+00, 0e+00, 0e+00, 0e+00, 0e+00, 0e+00, 0e+00, 0e+00, 0e+00, 0e+00, 0e+00, 0e+00, 0e+00, 0e+00, 0e+00, 0e+00, 0e+00]
briCoe.F2=[-1.230919137597084e-01, -1.230558231472969e-01, -1.230169460177422e-01, -1.229753121733665e-01, -1.229309663176537e-01, -1.228839382529259e-01, -1.228342801332474e-01, -1.227820292115211e-01, -1.227272301912308e-01, -1.226699203252792e-01, -1.226101368665695e-01, -1.225479319691658e-01, -1.224833428859711e-01, -1.224164143204689e-01, -1.223471835255623e-01, -1.222756952047348e-01, -1.2220199406147e-01, -1.22126117348671e-01, -1.220481023192406e-01, -1.21968001127243e-01, -1.218858435750008e-01, -1.218016743659973e-01, -1.217155233025551e-01, -1.216274350881577e-01, -1.215374544262886e-01, -1.214456036686897e-01, -1.213519275188446e-01, -1.212564632296562e-01, -1.21159240603447e-01, -1.210603043437004e-01, -1.209596768021584e-01, -1.208573952317238e-01, -1.207534968852997e-01, -1.206480115652084e-01, -1.205409690737724e-01, -1.204324066638947e-01, -1.203223466873169e-01, -1.202108338475227e-01, -1.200978830456734e-01, -1.199835315346718e-01, -1.19867816567421e-01, -1.197507530450821e-01, -1.196323856711388e-01, -1.195127293467522e-01, -1.193918138742447e-01, -1.192696765065193e-01, -1.191463470458984e-01, -1.190218403935432e-01, -1.188961938023567e-01, -1.187694296240807e-01, -1.18641585111618e-01, -1.185126751661301e-01, -1.183827444911003e-01, -1.182518005371094e-01, -1.181198880076408e-01, -1.179870218038559e-01, -1.178532391786575e-01, -1.177185624837875e-01, -1.175830215215683e-01, -1.174466460943222e-01, -1.173094660043716e-01, -1.171715036034584e-01, -1.170327961444855e-01, -1.168933659791946e-01, -1.167532429099083e-01, -1.166124567389488e-01, -1.164710372686386e-01, -1.163290217518806e-01, -1.161864325404167e-01, -1.160432919859886e-01, -1.158996522426605e-01, -1.157555282115936e-01, -1.156109571456909e-01, -1.154659688472748e-01, -1.153206005692482e-01, -1.151748821139336e-01, -1.150288432836533e-01, -1.148825213313103e-01, -1.147359535098076e-01, -1.14589162170887e-01, -1.144421920180321e-01, -1.142950728535652e-01, -1.1414784938097e-01, -1.140005439519882e-01, -1.138531938195229e-01, -1.137058436870575e-01, -1.135585308074951e-01, -1.134112849831581e-01, -1.132641434669495e-01, -1.131171509623528e-01, -1.129703372716904e-01, -1.128237470984459e-01, -1.126774176955223e-01, -1.125313863158226e-01, -1.123856902122498e-01, -1.122403740882874e-01, -1.120954751968384e-01, -1.119510307908058e-01, -1.118070781230927e-01, -1.116636693477631e-01, -1.115208342671394e-01]
