last-generated=2016-05-15
statistics-simulation=
{
  "numerical Jacobians": "0", 
  "nonlinear": "9, 1", 
  "number of continuous time states": "10", 
  "linear": "0, 0, 5, 5, 0, 0"
}
zone1.propsBus[4].surfRad.T=[293.149993896484375, 290.664581298828125, 288.46873982747393938553, 286.84381103515625, 286.671875, 286.2784423828125, 285.558258056640625, 284.94921875, 284.27228800455731061447, 283.553466796875, 282.73057047526043561447, 281.91383870442706438553, 281.64434814453125, 281.52610270182293561447, 281.18779500325518938553, 280.702484130859375, 280.2637939453125, 279.77922566731768938553, 279.432525634765625, 279.1746826171875, 279.033294677734375, 279.70245361328125, 280.07536824544268938553, 280.21412150065106061447, 280.216766357421875, 280.03889973958331438553, 279.74366251627606061447, 279.3006591796875, 278.7772216796875, 278.55373128255206438553, 279.63275146484375, 279.70668538411456438553, 279.217529296875, 278.741241455078125, 278.09843953450518938553, 277.37220255533856061447, 276.568878173828125, 275.85223388671875, 280.14985148111981061447, 288.0390625, 286.140380859375, 282.87113444010418561447, 281.2208251953125, 279.84038289388018938553, 278.63982137044268938553, 277.615142822265625, 276.83209228515625, 276.600128173828125, 279.0560302734375, 277.983642578125, 277.36271158854168561447, 276.941680908203125, 276.54375203450518938553, 276.21225992838543561447, 275.954742431640625, 276.0927734375, 276.91228230794268938553, 277.321929931640625, 277.209930419921875, 277.03837076822918561447, 276.72314453125, 276.26772054036456438553, 275.71858723958331438553, 275.1700439453125, 275.74137369791668561447, 275.82613118489581438553, 275.6256103515625, 275.2205810546875, 274.791778564453125, 274.28826904296875, 273.748870849609375, 273.29979451497393938553, 272.959716796875, 273.553802490234375, 273.98388671875, 273.84149169921875, 273.73610432942706438553, 273.55045572916668561447, 273.36700439453125, 273.197967529296875, 273.07013956705731061447, 273.3404541015625, 274.16216023763018938553, 274.625396728515625, 274.614013671875, 274.52897135416668561447, 274.40309651692706438553, 274.2406005859375, 274.07414754231768938553, 273.94187418619793561447, 276.86944580078125, 279.30470784505206438553, 278.67217000325518938553, 278.054595947265625, 277.324188232421875, 276.386871337890625, 274.943359375, 273.268157958984375, 271.78999837239581438553, 274.3350830078125, 271.9892578125]
zone1.propsBus[2].surfRad.T=[291.8199462890625, 290.34409586588543561447, 288.21339925130206438553, 286.739837646484375, 286.63861083984375, 286.18665568033856061447, 285.474273681640625, 284.85992431640625, 284.17420450846356061447, 283.446990966796875, 282.61622111002606061447, 281.80351765950518938553, 281.66229248046875, 281.49247233072918561447, 281.11146036783856061447, 280.634979248046875, 280.200714111328125, 279.70863850911456438553, 279.392547607421875, 279.143646240234375, 279.01435343424481061447, 279.751983642578125, 280.1414794921875, 280.21422322591143938553, 280.19317626953125, 280.005218505859375, 279.688751220703125, 279.23193359375, 278.70002237955731061447, 278.87157185872393938553, 279.686187744140625, 279.64988199869793561447, 279.16221110026043561447, 278.65203857421875, 277.993682861328125, 277.26361083984375, 276.4722900390625, 275.7530517578125, 281.12994384765625, 288.931793212890625, 285.07390340169268938553, 282.63453165690106061447, 281.0244140625, 279.67502848307293561447, 278.48763020833331438553, 277.4918212890625, 276.74504597981768938553, 276.55196126302081438553, 279.130462646484375, 277.78911336263018938553, 277.29688517252606061447, 276.889923095703125, 276.486907958984375, 276.17213948567706438553, 275.91778564453125, 276.49468994140625, 276.97245279947918561447, 277.319000244140625, 277.20314534505206438553, 276.998992919921875, 276.665618896484375, 276.19183349609375, 275.63585408528643938553, 275.0948486328125, 275.77855428059893938553, 275.873779296875, 275.519561767578125, 275.16077677408856061447, 274.72846476236981061447, 274.211761474609375, 273.679168701171875, 273.23931884765625, 272.92889404296875, 273.64019775390625, 274.02736409505206438553, 273.82598876953125, 273.71120198567706438553, 273.52103678385418561447, 273.350494384765625, 273.174224853515625, 273.04590861002606061447, 273.577178955078125, 274.27565511067706438553, 274.6610107421875, 274.592071533203125, 274.508087158203125, 274.38376871744793561447, 274.2142333984375, 274.05189005533856061447, 273.92198689778643938553, 277.043548583984375, 279.2943115234375, 278.45328776041668561447, 277.965240478515625, 277.20600382486981061447, 276.22904459635418561447, 274.72857666015625, 273.04984537760418561447, 271.80394490559893938553, 274.225006103515625, 271.832000732421875]
zone1.propsBus[3].surfRad.T=[293.149993896484375, 290.42425537109375, 288.332366943359375, 286.751617431640625, 286.56443277994793561447, 286.206695556640625, 285.506072998046875, 284.88801066080731061447, 284.20183308919268938553, 283.47271728515625, 282.65904744466143938553, 281.852325439453125, 281.551849365234375, 281.445892333984375, 281.12778727213543561447, 280.647430419921875, 280.20179239908856061447, 279.69842529296875, 279.371673583984375, 279.11894734700518938553, 278.986480712890625, 279.6494140625, 280.04791259765625, 280.18701171875, 280.17999267578125, 279.98655192057293561447, 279.68741861979168561447, 279.23651123046875, 278.71943155924481061447, 278.47211710611981061447, 279.528076171875, 279.63279215494793561447, 279.14241536458331438553, 278.650482177734375, 278.00099690755206438553, 277.28351847330731061447, 276.48602294921875, 275.77964274088543561447, 279.71168009440106061447, 287.350799560546875, 285.87508138020831438553, 282.74931844075518938553, 281.127166748046875, 279.75910441080731061447, 278.56651814778643938553, 277.554107666015625, 276.783721923828125, 276.55530802408856061447, 278.828826904296875, 277.92073567708331438553, 277.29217529296875, 276.8695068359375, 276.47310384114581438553, 276.148956298828125, 275.896942138671875, 276.00645955403643938553, 276.85154215494793561447, 277.279693603515625, 277.1517333984375, 276.96875, 276.65399169921875, 276.18715413411456438553, 275.634765625, 275.084625244140625, 275.60059611002606061447, 275.739501953125, 275.55621337890625, 275.15345255533856061447, 274.72535196940106061447, 274.22894287109375, 273.69743855794268938553, 273.25608317057293561447, 272.91864013671875, 273.496124267578125, 273.93483479817706438553, 273.795318603515625, 273.69527180989581438553, 273.505462646484375, 273.326995849609375, 273.15937296549481061447, 273.03507486979168561447, 273.274261474609375, 274.12811279296875, 274.61448160807293561447, 274.58984375, 274.49898274739581438553, 274.36799112955731061447, 274.202423095703125, 274.04014078776043561447, 273.91392008463543561447, 276.676055908203125, 279.14288330078125, 278.63409423828125, 277.984283447265625, 277.24225870768231061447, 276.29998779296875, 274.815032958984375, 273.152557373046875, 271.67601521809893938553, 273.956878662109375, 271.803314208984375]
zone1.propsBus[1].surfRad.T=[293.149993896484375, 291.00477091471356061447, 288.60206095377606061447, 286.87347412109375, 286.41419474283856061447, 286.163848876953125, 285.624176025390625, 285.03206380208331438553, 284.37308756510418561447, 283.67279052734375, 282.813079833984375, 281.980072021484375, 281.5169677734375, 281.42413330078125, 281.20537312825518938553, 280.787689208984375, 280.362030029296875, 279.92142740885418561447, 279.532623291015625, 279.27028401692706438553, 279.11553955078125, 279.523651123046875, 279.97996012369793561447, 280.27451578776043561447, 280.28851318359375, 280.1295166015625, 279.83301798502606061447, 279.398773193359375, 278.85807291666668561447, 278.49462890625, 279.293701171875, 279.60240681966143938553, 279.35396321614581438553, 278.899993896484375, 278.26143391927081438553, 277.50274658203125, 276.68328857421875, 275.95305379231768938553, 278.3763427734375, 285.0372314453125, 285.68375651041668561447, 282.98053995768231061447, 281.298858642578125, 279.90688069661456438553, 278.701873779296875, 277.664581298828125, 276.864166259765625, 276.56807454427081438553, 278.13360595703125, 278.02690633138018938553, 277.48111979166668561447, 277.06353759765625, 276.662933349609375, 276.31755574544268938553, 276.057525634765625, 276.02528889973956438553, 276.69456990559893938553, 277.249176025390625, 277.3211669921875, 277.16219075520831438553, 276.84307861328125, 276.406219482421875, 275.856689453125, 275.3140869140625, 275.4609375, 275.65509033203125, 275.663360595703125, 275.33891805013018938553, 274.89166259765625, 274.3734130859375, 273.80877685546875, 273.35752360026043561447, 273.007049560546875, 273.347564697265625, 273.83690388997393938553, 273.927001953125, 273.80634562174481061447, 273.62865193684893938553, 273.432403564453125, 273.26408894856768938553, 273.13297526041668561447, 273.22259521484375, 273.89544677734375, 274.51894124348956438553, 274.646026611328125, 274.58223470052081438553, 274.46321614583331438553, 274.30377197265625, 274.13047281901043561447, 273.98741658528643938553, 275.841705322265625, 278.347686767578125, 278.64049275716143938553, 278.1689453125, 277.44367472330731061447, 276.50809733072918561447, 275.11077880859375, 273.39482625325518938553, 271.80286661783856061447, 273.235687255859375, 271.8917236328125]
time=[0., 1000000.]
