last-generated=2018-07-13
statistics-simulation=
{
  "linear": "0, 0, 0, 0, 0",
  "nonlinear": "1, 1, 1, 1, 1",
  "numerical Jacobians": "0"
}
embeddedPipe.Q[2]=[9.161738586425781e+01, 9.160433959930924e+01, 9.159065246518935e+01, 9.157626342674189e+01, 9.156114959577644e+01, 9.154524994017561e+01, 9.152852630383995e+01, 9.151092529350422e+01, 9.149237823144585e+01, 9.147283936260372e+01, 9.14522323639776e+01, 9.143049621448108e+01, 9.140753936132184e+01, 9.138330076929927e+01, 9.135767364658159e+01, 9.133056642278004e+01, 9.130187987219873e+01, 9.127149963934833e+01, 9.123930361244125e+01, 9.120515441051431e+01, 9.116891480598358e+01, 9.113043210271968e+01, 9.108951568097838e+01, 9.104600526762938e+01, 9.099967953962511e+01, 9.095033264160156e+01, 9.089770502599286e+01, 9.084155279621596e+01, 9.078157044191447e+01, 9.071745294722325e+01, 9.06488419419473e+01, 9.057535554779311e+01, 9.049658197247857e+01, 9.041204082449963e+01, 9.032123569016214e+01, 9.022358697533322e+01, 9.011847702254423e+01, 9.000520330273127e+01, 8.98830031738545e+01, 8.975101451165796e+01, 8.960828408437082e+01, 8.945375055237139e+01, 8.928623176402699e+01, 8.910440076917048e+01, 8.890677637867348e+01, 8.869168826775112e+01, 8.845726796371541e+01, 8.820141598347443e+01, 8.792176787186391e+01, 8.761563140623123e+01, 8.727999114990234e+01, 8.582587897167794e+01, 8.265861701765473e+01, 7.983048306365816e+01, 7.805350689751835e+01, 7.766188856547501e+01, 7.726478586552857e+01, 7.682068600045052e+01, 7.632281405107149e+01, 7.576325831282276e+01, 7.513273778300086e+01, 7.442031204426901e+01, 7.361306040222232e+01, 7.26957087559138e+01, 7.165006094203466e+01, 7.045445705281375e+01, 6.908295820666105e+01, 6.750444309436182e+01, 6.56814360125102e+01, 6.356873266466229e+01, 6.111161101847004e+01, 5.796777183619344e+01, 5.356441260079396e+01, 4.892780822768004e+01, 4.410363091017397e+01, 3.915502166748047e+01, 3.416281034762172e+01, 2.922366741117779e+01, 2.444557581341963e+01, 1.994047148849902e+01, 1.581426805440793e+01, 1.215594183304541e+01, 9.027051833096937e+00, 6.45444877603822e+00, 4.427914411615006e+00, 2.903601500039806e+00, 1.812488942853565e+00, 1.071899590958641e+00, 5.971649407311604e-01, 3.11157712258768e-01, 1.502257981825789e-01, 6.635887786023485e-02, 2.635151207012285e-02, 9.172809130410955e-03, 2.695376224605583e-03, 6.30112833881136e-04, 1.060173484562818e-04, 1.062823859875288e-05, 4.149067134554311e-07, 4.142164010411978e-04, 0e+00]
embeddedPipe.Q[1]=[9.181888580322266e+01, 9.181408691395166e+01, 9.180905914283619e+01, 9.180380248987115e+01, 9.17982864374801e+01, 9.17924957279796e+01, 9.178643035804771e+01, 9.178005981464639e+01, 9.177336883421458e+01, 9.176634216565071e+01, 9.175894928091066e+01, 9.175117492628033e+01, 9.174298858416455e+01, 9.173436736636724e+01, 9.17252883916658e+01, 9.171571350679731e+01, 9.170560454948465e+01, 9.169493866161883e+01, 9.168367005218532e+01, 9.167175292674983e+01, 9.165914917376448e+01, 9.164580534983271e+01, 9.163166808907863e+01, 9.161668396637513e+01, 9.160079192231207e+01, 9.158390808105469e+01, 9.15659713567948e+01, 9.154689790917924e+01, 9.152660370120884e+01, 9.150497434648518e+01, 9.148191836315522e+01, 9.14573135436185e+01, 9.143103788326884e+01, 9.140293888064018e+01, 9.137287140997611e+01, 9.13406677045778e+01, 9.130612187703072e+01, 9.126905061633438e+01, 9.122920225066268e+01, 9.118633263851747e+01, 9.114015963528703e+01, 9.109036253019262e+01, 9.103659813173378e+01, 9.097847752091903e+01, 9.09155578455939e+01, 9.084735861825737e+01, 9.077333075230023e+01, 9.069286345426919e+01, 9.060527028678027e+01, 9.050976571929623e+01, 9.040547943115234e+01, 8.911864939572739e+01, 8.598762712026e+01, 8.322284021102502e+01, 8.160858296205659e+01, 8.153683475740513e+01, 8.150040436699612e+01, 8.145963284229454e+01, 8.14138716832654e+01, 8.136238846587794e+01, 8.130430617560823e+01, 8.12385865245507e+01, 8.116400150224153e+01, 8.107908625991041e+01, 8.098210129003819e+01, 8.087094087425918e+01, 8.074308812320615e+01, 8.059546687472643e+01, 8.042436231243626e+01, 8.022521967451145e+01, 7.999245422386018e+01, 7.912344490959158e+01, 7.60589004039125e+01, 7.269252679746216e+01, 6.901588802470772e+01, 6.502878570556641e+01, 6.07419429233115e+01, 5.617967851394427e+01, 5.138211942206336e+01, 4.640658122784779e+01, 4.132724225558815e+01, 3.623315932194792e+01, 3.122373420263096e+01, 2.640228065289048e+01, 2.186812221040643e+01, 1.770844266876417e+01, 1.399102620331411e+01, 1.075942184028745e+01, 8.03080442985588e+00, 5.796984746265366e+00, 4.027950502585196e+00, 2.677080193777227e+00, 1.686998253822607e+00, 9.953206807167628e-01, 5.395374082053842e-01, 2.60868136767144e-01, 1.070040646309722e-01, 3.387991079213806e-02, 6.694014471925788e-03, 4.184005256353201e-04, 0e+00]
time=[0e+00, 1e+00]
embeddedPipe.Q[4]=[9.121571350097656e+01, 9.118629455498706e+01, 9.115538787699404e+01, 9.112289428486349e+01, 9.108872222585251e+01, 9.105275726591776e+01, 9.101490020228084e+01, 9.097501373412433e+01, 9.093297576128727e+01, 9.088864900300993e+01, 9.084187317606778e+01, 9.07924957244968e+01, 9.074032591326662e+01, 9.068518063686867e+01, 9.06268539464272e+01, 9.056513217874355e+01, 9.049976346456792e+01, 9.043048859910638e+01, 9.035703282965721e+01, 9.027908323269007e+01, 9.019631197594475e+01, 9.010835260130638e+01, 9.001481627261094e+01, 8.991528324570064e+01, 8.980927270705536e+01, 8.96962890625e+01, 8.957577502697701e+01, 8.944711317879927e+01, 8.930966188206e+01, 8.916267382248432e+01, 8.900537128642607e+01, 8.883686832743288e+01, 8.865621934766232e+01, 8.846235682884837e+01, 8.825412757907073e+01, 8.803025040991389e+01, 8.778932225433455e+01, 8.752977765436637e+01, 8.72499083076039e+01, 8.694779923007174e+01, 8.662134572072186e+01, 8.626821886172756e+01, 8.588581795536281e+01, 8.547127563583427e+01, 8.502138508018493e+01, 8.453258453149952e+01, 8.400092361556833e+01, 8.342198173887314e+01, 8.279084706504145e+01, 8.210203620268884e+01, 8.134944152832031e+01, 7.960083466483832e+01, 7.638224969060423e+01, 7.345496381485606e+01, 7.140121747903905e+01, 7.045569724212405e+01, 6.944248224612561e+01, 6.832028112893921e+01, 6.707587211878776e+01, 6.569443889187623e+01, 6.415944290327113e+01, 6.245248286310434e+01, 6.055329608021967e+01, 5.843978392963981e+01, 5.608821891991347e+01, 5.347371772921861e+01, 5.057106811100074e+01, 4.735608468447397e+01, 4.380792881397694e+01, 3.991249368041296e+01, 3.56675361999139e+01, 3.111354225809426e+01, 2.656617117972582e+01, 2.216602195355037e+01, 1.801046756186079e+01, 1.419551658630371e+01, 1.080646028254984e+01, 7.907617880703418e+00, 5.533205822548585e+00, 3.681688747429874e+00, 2.315658075990303e+00, 1.368212294494845e+00, 7.545155027369937e-01, 3.857399084011333e-01, 1.815409988179472e-01, 7.806391339399955e-02, 3.041774482815916e-02, 1.063859991426063e-02, 3.301907454958846e-03, 8.964734288312607e-04, 2.089610667529581e-04, 4.077317150137453e-05, 6.429651890156856e-06, 7.790781395796652e-07, 6.726900843726201e-08, 3.676317860416555e-09, 1.040716884947837e-10, 1.045894640973931e-12, 1.598291183087567e-15, 4.059732621357695e-04, 0e+00]
embeddedPipe.Q[5]=[9.101553344726562e+01, 9.097798919591276e+01, 9.093852996644387e+01, 9.089704894732785e+01, 9.085341643884999e+01, 9.080750275007506e+01, 9.075916289614554e+01, 9.070823669588549e+01, 9.065456389389739e+01, 9.059795381706859e+01, 9.05382232756965e+01, 9.047516631691498e+01, 9.040854642928552e+01, 9.033812710150603e+01, 9.026364136196251e+01, 9.018482213058623e+01, 9.01013488460531e+01, 9.001289369294452e+01, 8.991909796906643e+01, 8.981958005353232e+01, 8.971390536672554e+01, 8.96016234587975e+01, 8.94822311253711e+01, 8.935519414613452e+01, 8.921992485139042e+01, 8.907576751708984e+01, 8.892202743549601e+01, 8.875794238040052e+01, 8.858267976998555e+01, 8.839530928548389e+01, 8.819484735245119e+01, 8.798017888561289e+01, 8.775011426935123e+01, 8.750333437825726e+01, 8.723838052961744e+01, 8.695365888037976e+01, 8.66474156122049e+01, 8.631771866776729e+01, 8.596242505470981e+01, 8.557919254143533e+01, 8.51654284159153e+01, 8.471824629237778e+01, 8.423448877582403e+01, 8.371064796979694e+01, 8.31428373823058e+01, 8.252675551523473e+01, 8.18576589632855e+01, 8.113027944983442e+01, 8.033878237076078e+01, 7.947674645606286e+01, 7.853704071044922e+01, 7.665972594230787e+01, 7.34251115803327e+01, 7.046076197495032e+01, 6.829080527877977e+01, 6.71073699016227e+01, 6.58335192975414e+01, 6.442958725353475e+01, 6.28814097667564e+01, 6.117353345872962e+01, 5.928929223767871e+01, 5.721090625822625e+01, 5.491983908682676e+01, 5.239724985618858e+01, 4.962485085043227e+01, 4.658609770623497e+01, 4.326809066548273e+01, 3.966409159401108e+01, 3.577731609114269e+01, 3.16257981549684e+01, 2.724882735595569e+01, 2.279454287570346e+01, 1.870920175919856e+01, 1.491948251810246e+01, 1.150933574705731e+01, 8.547381401062012e+00, 6.077827772662599e+00, 4.11340204645258e+00, 2.632480015396163e+00, 1.581987037211906e+00, 8.861089640291779e-01, 4.590245402118261e-01, 2.181369552730083e-01, 9.430013310238738e-02, 3.675889734650296e-02, 1.279991158966055e-02, 3.94051376826126e-03, 1.0598627669024e-03, 2.455275276032733e-04, 4.811891703422765e-05, 7.793380102766798e-06, 1.010676931768874e-06, 1.00433480294556e-07, 7.17993761933056e-09, 3.360552368680214e-10, 8.881541329162015e-12, 1.028953057689749e-13, 3.8530156709221e-16, 0e+00, 4.019134322780105e-04, 0e+00]
embeddedPipe.Q[3]=[9.141632843017578e+01, 9.139508056591683e+01, 9.137275695697952e+01, 9.134929656820503e+01, 9.132463073502981e+01, 9.129867553908184e+01, 9.127135467151231e+01, 9.124257659999648e+01, 9.1212249750266e+01, 9.118027497505679e+01, 9.11465454152892e+01, 9.111093139429249e+01, 9.107331847101911e+01, 9.103356931634703e+01, 9.099153137463281e+01, 9.094704439968422e+01, 9.089994047327403e+01, 9.085002137143827e+01, 9.07970962911858e+01, 9.074093626542711e+01, 9.068131257923638e+01, 9.061795039635908e+01, 9.055057524801215e+01, 9.047887423721335e+01, 9.040251918353042e+01, 9.032113647460938e+01, 9.023432150816387e+01, 9.014163981154503e+01, 9.004261018058057e+01, 8.993670645094171e+01, 8.982334913785752e+01, 8.970190432663361e+01, 8.957167043506544e+01, 8.943188495420834e+01, 8.928170018955632e+01, 8.91201704926718e+01, 8.894627405991507e+01, 8.875886544852237e+01, 8.85566710416426e+01, 8.833828702626191e+01, 8.810215773799671e+01, 8.784654989190059e+01, 8.756952629104475e+01, 8.7268936379352e+01, 8.694237510126021e+01, 8.658716538704992e+01, 8.620030245807106e+01, 8.577841944163731e+01, 8.531774087287627e+01, 8.481404163551532e+01, 8.426255798339844e+01, 8.265477450913036e+01, 7.94584826632599e+01, 7.657640109682659e+01, 7.465329986370361e+01, 7.397109303132945e+01, 7.324929064579968e+01, 7.244591460922439e+01, 7.155011589624857e+01, 7.054945092995351e+01, 6.942963688670355e+01, 6.817428776818362e+01, 6.67646109945007e+01, 6.517914500169636e+01, 6.339341080031141e+01, 6.137965258606712e+01, 5.910667663380953e+01, 5.653977271392735e+01, 5.364110019744885e+01, 5.037049400524681e+01, 4.668726259718425e+01, 4.246861019404979e+01, 3.77226889882674e+01, 3.293227536848828e+01, 2.818380804884002e+01, 2.357595825195312e+01, 1.921403296661263e+01, 1.520163200249726e+01, 1.163023679531883e+01, 8.568232923215225e+00, 6.051482553776205e+00, 4.078223648717029e+00, 2.609799008194235e+00, 1.577890479761558e+00, 8.96575720483298e-01, 4.760950486810288e-01, 2.34801678760701e-01, 1.067872204470432e-01, 4.440476801093528e-02, 1.67016348168287e-02, 5.602797542387395e-03, 1.64488950691175e-03, 4.116200124039289e-04, 8.45359938125664e-05, 1.346533656330618e-05, 1.522003702727266e-06, 1.050397681515666e-07, 3.334118548747259e-09, 2.571672610892879e-11, 4.100741061002184e-04, 0e+00]
embeddedPipe.G_t=[6.128401947021484e+01, 6.126265335033938e+01, 6.124029540912881e+01, 6.121688842612031e+01, 6.119236755145823e+01, 6.11666755695781e+01, 6.113973998651767e+01, 6.111148834314292e+01, 6.10818366949825e+01, 6.105070878210243e+01, 6.101800919076197e+01, 6.098364257601498e+01, 6.094750594093639e+01, 6.090948865927934e+01, 6.086946487670274e+01, 6.082731630982739e+01, 6.07828979328206e+01, 6.073606110474519e+01, 6.068664935862118e+01, 6.063448713924848e+01, 6.057938768158075e+01, 6.052115627155521e+01, 6.045956801608737e+01, 6.039439394871187e+01, 6.032537456495341e+01, 6.025224304199219e+01, 6.017470161405815e+01, 6.009242257573923e+01, 6.000506211393756e+01, 5.991223517966517e+01, 5.981353771823227e+01, 5.970851519290677e+01, 5.959668341912874e+01, 5.947751633461225e+01, 5.935042958154863e+01, 5.921479788956157e+01, 5.906993887240744e+01, 5.89150963587925e+01, 5.874945823073374e+01, 5.857213184628798e+01, 5.838213741499907e+01, 5.817841331513198e+01, 5.795979279171312e+01, 5.772499864692929e+01, 5.747263711367681e+01, 5.720118298098782e+01, 5.690896631557774e+01, 5.659416194806007e+01, 5.625477943472365e+01, 5.588863790264731e+01, 5.549336624145508e+01, 5.097523327537585e+01, 4.218838325247425e+01, 3.627561832207997e+01, 3.339618540230871e+01, 3.3276363440468e+01, 3.321577073651971e+01, 3.314814753131756e+01, 3.307250581586551e+01, 3.298771262185568e+01, 3.28924410338637e+01, 3.278513733749151e+01, 3.266400152546964e+01, 3.252690880407255e+01, 3.237137961219238e+01, 3.219448806965055e+01, 3.199281176031593e+01, 3.176229898974402e+01, 3.149820156965396e+01, 3.119492904435027e+01, 3.084592201744492e+01, 3.044350720778266e+01, 2.997875735869257e+01, 2.944136155922369e+01, 2.88195520960183e+01, 2.810010528564453e+01, 2.72685099548308e+01, 2.630936423772892e+01, 2.520715753212026e+01, 2.394755457165052e+01, 2.251929652398645e+01, 2.091688005257641e+01, 1.91438241937507e+01, 1.721621941211459e+01, 1.516578217856928e+01, 1.304129729177572e+01, 1.090707223977646e+01, 8.837743770956905e+00, 6.909428208913448e+00, 5.189070836566416e+00, 3.724749092716799e+00, 2.539679001389092e+00, 1.631379631628239e+00, 9.756948804049578e-01, 5.337179103467951e-01, 2.595000634208883e-01, 1.067731719707935e-01, 3.385672808674027e-02, 6.693109216506885e-03, 8.367795102817837e-04, 8.367793634533882e-04]
embeddedPipe.G_max=[4.184e+03, 4.019133785443794e+03, 3.859188469542385e+03, 3.704065175336189e+03, 3.55366600242787e+03, 3.407894053693419e+03, 3.266653545870351e+03, 3.129849613399885e+03, 2.997388160366321e+03, 2.869176314783394e+03, 2.745122332694096e+03, 2.625135246897625e+03, 2.509125457794431e+03, 2.397003609739466e+03, 2.288682135273355e+03, 2.184074280228079e+03, 2.083093714651578e+03, 1.985656145103059e+03, 1.891677556477469e+03, 1.801074807974553e+03, 1.71376638305484e+03, 1.629671332822931e+03, 1.548709951506132e+03, 1.470803254659375e+03, 1.395873373830552e+03, 1.32384375e+03, 1.254638241249267e+03, 1.188182443185582e+03, 1.12440210708708e+03, 1.063224681671897e+03, 1.0045784989007e+03, 9.483923471495388e+02, 8.945967642844512e+02, 8.431229911059892e+02, 7.939029713872382e+02, 7.468701509536958e+02, 7.019588032888602e+02, 6.591039018858168e+02, 6.182418633967264e+02, 5.793099434836407e+02, 5.422464205806242e+02, 5.069903747328129e+02, 4.734821351363489e+02, 4.416631082229491e+02, 4.114753043093801e+02, 3.828621190870194e+02, 3.557678748964306e+02, 3.301377228766274e+02, 3.059179741657936e+02, 2.830560210526897e+02, 2.615e+02, 2.411992611224954e+02, 2.221040908946715e+02, 2.041657983831167e+02, 1.873367966575434e+02, 1.715701629548633e+02, 1.568203464398506e+02, 1.430426236056046e+02, 1.301933388290531e+02, 1.182298131100242e+02, 1.071104230677639e+02, 9.679438686952349e+01, 8.724209273146504e+01, 7.841489009445525e+01, 7.02751201486191e+01, 6.278613492447009e+01, 5.591231751364563e+01, 4.961894476044149e+01, 4.387242522400746e+01, 3.864011646798951e+01, 3.389039459985659e+01, 2.959262744027396e+01, 2.57172175790022e+01, 2.223549715209971e+01, 1.911987779196278e+01, 1.634375e+01, 1.388150569459099e+01, 1.17085437587169e+01, 9.801266409296296e+00, 8.137088334463401e+00, 6.694401453822787e+00, 5.452630797908163e+00, 4.392195015040587e+00, 3.494517408655471e+00, 2.742024564687054e+00, 2.118151369637695e+00, 1.607326105827619e+00, 1.19499236405196e+00, 8.675941076071211e-01, 6.125791548480396e-01, 4.183996024058587e-01, 2.745125621412106e-01, 1.713767940229635e-01, 1.004578825193798e-01, 5.422463193355965e-02, 2.614997586893486e-02, 1.071101903178677e-02, 3.389054287336597e-03, 6.694429846314818e-04, 4.184021554750829e-05, 0e+00]
embeddedPipe.vol[3].T=[2.930843200683594e+02, 2.93081634521423e+02, 2.930787963865891e+02, 2.93075836181436e+02, 2.930726928708073e+02, 2.930693969729177e+02, 2.93065948485837e+02, 2.930622863770623e+02, 2.930584411613727e+02, 2.93054351808114e+02, 2.930500488287844e+02, 2.930455017087115e+02, 2.930407104478682e+02, 2.93035614011198e+02, 2.930302429202493e+02, 2.930245361363595e+02, 2.930185241676845e+02, 2.930121154796889e+02, 2.93005310063505e+02, 2.929980773907955e+02, 2.92990417482788e+02, 2.929822387639288e+02, 2.929735412586924e+02, 2.92964294437541e+02, 2.92954406732797e+02, 2.929438781738281e+02, 2.929326476938732e+02, 2.929206237925573e+02, 2.929077758804888e+02, 2.928940124392029e+02, 2.928792724791273e+02, 2.928634643593614e+02, 2.928465270868401e+02, 2.928282776125015e+02, 2.928086853099376e+02, 2.927875671255752e+02, 2.927648315765836e+02, 2.927402954222343e+02, 2.927138061391015e+02, 2.926851806210617e+02, 2.92654205341274e+02, 2.92620605456199e+02, 2.925841979480248e+02, 2.925446777636243e+02, 2.925016784560285e+02, 2.924548949609599e+02, 2.92403930707991e+02, 2.923482971121557e+02, 2.922875365523361e+02, 2.922210694015665e+02, 2.921482849121094e+02, 2.920820006861476e+02, 2.920329283660993e+02, 2.919762876584459e+02, 2.918992311574077e+02, 2.917909547249924e+02, 2.91670501738889e+02, 2.915370177206586e+02, 2.913888852347344e+02, 2.912243037394224e+02, 2.910412602210922e+02, 2.908375247183379e+02, 2.906105958161187e+02, 2.903577574397226e+02, 2.900759883397477e+02, 2.897622367513966e+02, 2.894132089622201e+02, 2.890257880268213e+02, 2.885971072523844e+02, 2.881250609162656e+02, 2.87608855554714e+02, 2.8708227445488e+02, 2.866428540483252e+02, 2.861992806308992e+02, 2.857596134528505e+02, 2.853329467773438e+02, 2.849290767804258e+02, 2.845575554882056e+02, 2.842268668083562e+02, 2.839433599404415e+02, 2.837103274018185e+02, 2.835276184470936e+02, 2.833916625185316e+02, 2.832961119357663e+02, 2.832330015849314e+02, 2.831940918710885e+02, 2.831717529543526e+02, 2.831598815960169e+02, 2.831541137678578e+02, 2.83151550290786e+02, 2.831505126942211e+02, 2.831501464851754e+02, 2.831500244143172e+02, 2.831499938965935e+02, 2.831499938964844e+02, 2.831499938964844e+02, 2.831499938964844e+02, 2.831499938964844e+02, 2.831499938964844e+02, 2.928529923522613e+02, 2.931499938964844e+02]
fixTem.T=[2.831499938964844e+02, 2.831499938964844e+02]
embeddedPipe.vol[2].T=[2.931061706542969e+02, 2.931043701171466e+02, 2.931024780272551e+02, 2.931004943846326e+02, 2.93098388671684e+02, 2.930961914064205e+02, 2.930938720700055e+02, 2.930914306641398e+02, 2.930888671870089e+02, 2.930861206065056e+02, 2.930832519535797e+02, 2.930802307126996e+02, 2.930769958487499e+02, 2.93073608396764e+02, 2.93070007324437e+02, 2.930661926293178e+02, 2.930621337875891e+02, 2.930578613289163e+02, 2.930533142122586e+02, 2.93048461912862e+02, 2.93043304444951e+02, 2.930378417931734e+02, 2.930320129387255e+02, 2.93025817873704e+02, 2.930191955529572e+02, 2.930121154785156e+02, 2.930045776291518e+02, 2.929964904875196e+02, 2.929878540049613e+02, 2.929786071697126e+02, 2.92968688977031e+02, 2.929580688502392e+02, 2.929466247473465e+02, 2.929343567060604e+02, 2.929211425829817e+02, 2.929068908603185e+02, 2.928915405500447e+02, 2.928749694905709e+02, 2.928570556551131e+02, 2.928376769727038e+02, 2.928166809211179e+02, 2.927938842687763e+02, 2.927691650048474e+02, 2.927422485551287e+02, 2.927129821703857e+02, 2.926810607509979e+02, 2.926462097469739e+02, 2.926081237745129e+02, 2.925664367202663e+02, 2.925207214806577e+02, 2.924705200195312e+02, 2.924246825851739e+02, 2.923906859653083e+02, 2.923513792666221e+02, 2.922977296316652e+02, 2.922221070279977e+02, 2.921376037807934e+02, 2.920434874769065e+02, 2.91938445857751e+02, 2.918210140749562e+02, 2.916894839707182e+02, 2.915418703383001e+02, 2.913758850927101e+02, 2.91188964748e+02, 2.909780880545496e+02, 2.907398370353143e+02, 2.904703376563795e+02, 2.901652532203207e+02, 2.898197634431228e+02, 2.894286498019706e+02, 2.889864496288888e+02, 2.885173941646571e+02, 2.88109681368436e+02, 2.876803597202384e+02, 2.872336735270146e+02, 2.867754516601562e+02, 2.863132319824146e+02, 2.858558951378363e+02, 2.854134814388734e+02, 2.849963387589231e+02, 2.846142887662644e+02, 2.842755432891436e+02, 2.839858396585436e+02, 2.837476192828312e+02, 2.835599971420158e+02, 2.834188540551645e+02, 2.833178101827922e+02, 2.832492370879768e+02, 2.832052917326221e+02, 2.831788024636048e+02, 2.831639098880991e+02, 2.83156158462072e+02, 2.831524353070635e+02, 2.831508483894359e+02, 2.831502380370366e+02, 2.831500549316406e+02, 2.831500244137351e+02, 2.831499938964844e+02, 2.831499938964844e+02, 2.929509857061139e+02, 2.931499938964844e+02]
embeddedPipe.vol[5].T=[2.930407409667969e+02, 2.930362854002883e+02, 2.930316162107192e+02, 2.930267028805115e+02, 2.930215148921006e+02, 2.93016052246503e+02, 2.930102844230505e+02, 2.930042419435413e+02, 2.929978332507799e+02, 2.929910888696977e+02, 2.929839782725758e+02, 2.929764709468018e+02, 2.929685058571649e+02, 2.929601135212433e+02, 2.929512023931238e+02, 2.929418029842454e+02, 2.92931823726758e+02, 2.929212341327966e+02, 2.929100036702948e+02, 2.928980712861521e+02, 2.928854370155841e+02, 2.928719787505615e+02, 2.928576354962825e+02, 2.928424072330563e+02, 2.928261718659141e+02, 2.92808837890625e+02, 2.92790374737524e+02, 2.927706604220002e+02, 2.927495727564892e+02, 2.927270202440632e+02, 2.927028808890245e+02, 2.926770324770332e+02, 2.926493224891383e+02, 2.926195679113115e+02, 2.925876159785839e+02, 2.925532836700332e+02, 2.925163269588664e+02, 2.924765320019941e+02, 2.92433654763765e+02, 2.923873595499464e+02, 2.923373718569127e+02, 2.922833556926453e+02, 2.922249144703457e+02, 2.921616211404615e+02, 2.920929870433757e+02, 2.920185545943679e+02, 2.919377136928232e+02, 2.918498535046201e+02, 2.917542723532172e+02, 2.916502381397001e+02, 2.91536865234375e+02, 2.914341429949575e+02, 2.913584287999573e+02, 2.912713925406908e+02, 2.911535647586009e+02, 2.909891664642166e+02, 2.9080789189056e+02, 2.906089781210929e+02, 2.903906856501191e+02, 2.901512444537042e+02, 2.898887335591607e+02, 2.896012882678697e+02, 2.892870179773864e+02, 2.889442747304885e+02, 2.885717157495914e+02, 2.88168578096406e+02, 2.877348949673271e+02, 2.872720039647841e+02, 2.867830814110215e+02, 2.862736509994995e+02, 2.857524102647691e+02, 2.852606192862144e+02, 2.84882325273455e+02, 2.845314337501077e+02, 2.842156680108407e+02, 2.839414367675781e+02, 2.837127683634786e+02, 2.835308834942457e+02, 2.833937374721045e+02, 2.832964784492694e+02, 2.832320557273623e+02, 2.831925048903069e+02, 2.831701965225076e+02, 2.831587219118594e+02, 2.831534118568308e+02, 2.831511840856692e+02, 2.831503601080767e+02, 2.831500854492915e+02, 2.831500244140625e+02, 2.831499938964844e+02, 2.831499938964844e+02, 2.831499938964844e+02, 2.831499938964844e+02, 2.831499938964844e+02, 2.831499938964844e+02, 2.831499938964844e+02, 2.831499938964844e+02, 2.831499938964844e+02, 2.831499938964844e+02, 2.926599050394466e+02, 2.931499938964844e+02]
sou.T=[2.931499938964844e+02, 2.931499938964844e+02]
embeddedPipe.vol[4].T=[2.930625e+02, 2.930589294432775e+02, 2.930551757810795e+02, 2.930512390133956e+02, 2.930470581050868e+02, 2.930426940921266e+02, 2.930380859368656e+02, 2.930332336427236e+02, 2.930280761709473e+02, 2.930226745625114e+02, 2.930169677743015e+02, 2.930109252925959e+02, 2.930045471173808e+02, 2.929978027310281e+02, 2.929906616215303e+02, 2.929830932662662e+02, 2.929750671356705e+02, 2.929665527359302e+02, 2.929575500553765e+02, 2.929479675269322e+02, 2.929377746612954e+02, 2.929269409106655e+02, 2.929154357895786e+02, 2.929031677298299e+02, 2.928900756763087e+02, 2.928761291503906e+02, 2.928612670750009e+02, 2.928453369315793e+02, 2.928283386251387e+02, 2.928101501306956e+02, 2.927906799554693e+02, 2.927698059133327e+02, 2.927474059891611e+02, 2.927233581867112e+02, 2.926975097751201e+02, 2.926697082346728e+02, 2.926397705519047e+02, 2.926075134435959e+02, 2.925726928537043e+02, 2.92535095158528e+02, 2.924944458257923e+02, 2.924504699541686e+02, 2.924028014482429e+02, 2.92351135292105e+02, 2.922950744488117e+02, 2.922341002653995e+02, 2.921678162192801e+02, 2.920956115632071e+02, 2.920169066492237e+02, 2.919309998406969e+02, 2.918371887207031e+02, 2.917519835832073e+02, 2.916890257496874e+02, 2.916165158784173e+02, 2.915180971795373e+02, 2.913803102301216e+02, 2.912276916882261e+02, 2.910593870794495e+02, 2.908736874153821e+02, 2.906686395664752e+02, 2.904422613035181e+02, 2.901923221492844e+02, 2.89916534560541e+02, 2.896124876394487e+02, 2.892778925600082e+02, 2.88910552053757e+02, 2.885087291182096e+02, 2.880713813690108e+02, 2.875985721254924e+02, 2.870921324431749e+02, 2.865564263460366e+02, 2.860308828785282e+02, 2.856098339567632e+02, 2.852024238582106e+02, 2.848176273093499e+02, 2.844643859863281e+02, 2.84150603974039e+02, 2.838822016915151e+02, 2.836623224532324e+02, 2.834909060891313e+02, 2.833644105313556e+02, 2.832766723809621e+02, 2.832198486029088e+02, 2.83185729940488e+02, 2.831668090492172e+02, 2.831572265792344e+02, 2.831528015182557e+02, 2.831509704595665e+02, 2.831502990721201e+02, 2.831500854490005e+02, 2.831500244140625e+02, 2.831499938964844e+02, 2.831499938964844e+02, 2.831499938964844e+02, 2.831499938964844e+02, 2.831499938964844e+02, 2.831499938964844e+02, 2.831499938964844e+02, 2.831499938964844e+02, 2.927559451195813e+02, 2.931499938964844e+02]
embeddedPipe.vol[1].T=[2.931280517578125e+02, 2.931271667480264e+02, 2.931262207030773e+02, 2.931252136229753e+02, 2.931241760252951e+02, 2.931230773926577e+02, 2.93121887206888e+02, 2.931206665039472e+02, 2.931193847653794e+02, 2.931180114751005e+02, 2.931165771486649e+02, 2.931150512694403e+02, 2.931134338374404e+02, 2.931117248527153e+02, 2.931099243165154e+02, 2.931080017101667e+02, 2.931059875480641e+02, 2.931038208011632e+02, 2.93101531984059e+02, 2.930990905755898e+02, 2.930965271003824e+02, 2.930937499981992e+02, 2.930908203121362e+02, 2.930877075208682e+02, 2.93084381101633e+02, 2.93080810546875e+02, 2.93077026363404e+02, 2.930729370163026e+02, 2.930686035161525e+02, 2.930639343220973e+02, 2.930589294495439e+02, 2.93053558350919e+02, 2.930477905230873e+02, 2.930415954673881e+02, 2.930349121118306e+02, 2.9302770995639e+02, 2.930199279898661e+02, 2.930115356486058e+02, 2.930024414016661e+02, 2.92992584213891e+02, 2.929819336002984e+02, 2.929703369096969e+02, 2.929577331368892e+02, 2.929440002542906e+02, 2.929290466271123e+02, 2.92912719706008e+02, 2.928948669587662e+02, 2.928752746557475e+02, 2.928538207763887e+02, 2.928302307363192e+02, 2.928042907714844e+02, 2.927805175615361e+02, 2.927628478640115e+02, 2.927423705391132e+02, 2.927143860590137e+02, 2.926747742193975e+02, 2.926302795521116e+02, 2.925805358504737e+02, 2.925246581033006e+02, 2.924618223328901e+02, 2.923909303533116e+02, 2.923106995835967e+02, 2.92219665573036e+02, 2.921160277785539e+02, 2.919976499629151e+02, 2.918619686427178e+02, 2.917059025325943e+02, 2.915257266366771e+02, 2.913168641721396e+02, 2.9107379144035e+02, 2.907896724792217e+02, 2.904762567384777e+02, 2.901925057257907e+02, 2.898807989559614e+02, 2.895403445739882e+02, 2.891711730957031e+02, 2.887742610809867e+02, 2.883518363261387e+02, 2.879075914716452e+02, 2.87446900413653e+02, 2.869765935805458e+02, 2.865049134421657e+02, 2.860410763348173e+02, 2.855946648064177e+02, 2.851748341554299e+02, 2.847896737326661e+02, 2.844454655552175e+02, 2.841462403681776e+02, 2.838935850979051e+02, 2.836867673199056e+02, 2.835229488855168e+02, 2.833978884741178e+02, 2.833062135118357e+02, 2.832421570213839e+02, 2.831999511643806e+02, 2.831741637967137e+02, 2.831599120897303e+02, 2.831531372201277e+02, 2.831506347682443e+02, 2.930499862196423e+02, 2.931499938964844e+02]
