last-generated=2022-04-10
statistics-initialization=
{
  "linear": "3"
}
statistics-simulation=
{
  "linear": "0, 2, 0",
  "nonlinear": " ",
  "number of continuous time states": "3",
  "numerical Jacobians": "0"
}
time=[0e+00, 3.1536e+07]
thermalZoneOneElement.TAir=[2.951499938964844e+02, 3.018570190429688e+02, 2.881768859863281e+02, 2.903403442382813e+02, 3.036267700195312e+02, 2.902289428710938e+02, 2.927306762695313e+02, 3.032559814453125e+02, 2.894250854492187e+02, 2.926132019042969e+02, 3.090888977050781e+02, 2.912822082519531e+02, 2.949494750976563e+02, 3.151926330566406e+02, 2.936318481445313e+02, 2.984374389648438e+02, 3.110134643554687e+02, 2.975376220703125e+02, 3.135140319824219e+02, 3.17180419921875e+02, 3.016444091796875e+02, 3.141403381347656e+02, 3.045286010742187e+02, 2.965859252929687e+02, 3.199848937988281e+02, 3.057753601074219e+02, 3.004096923828125e+02, 3.158793640136719e+02, 3.015358581542969e+02, 3.019324829101562e+02, 3.2643408203125e+02, 3.004446044921875e+02, 3.0662109375e+02, 3.387644409179687e+02, 3.051436706542969e+02, 3.12216552734375e+02, 3.445924621582031e+02, 3.028183715820313e+02, 3.208542053222656e+02, 3.464177856445312e+02, 3.062404174804688e+02, 3.224268127441406e+02, 3.3946611328125e+02, 3.113434387207031e+02, 3.299429931640625e+02, 3.197330627441406e+02, 3.0345078125e+02, 3.204941467285156e+02, 3.045642578125e+02, 3.0964970703125e+02, 3.323888549804688e+02, 3.060240600585938e+02, 3.125504089355469e+02, 3.383651733398438e+02, 3.056894409179687e+02, 3.125151977539062e+02, 3.442371643066406e+02, 3.074678649902344e+02, 3.214299072265625e+02, 3.473087158203125e+02, 3.089976806640625e+02, 3.281143920898438e+02, 3.071360412597656e+02, 3.057613098144531e+02, 3.238772644042969e+02, 3.014627685546875e+02, 3.049677490234375e+02, 3.242199279785156e+02, 3.019224487304688e+02, 3.069242004394531e+02, 3.220901794433594e+02, 3.041404907226562e+02, 3.036081726074219e+02, 3.303008972167969e+02, 2.99181298828125e+02, 3.011909790039062e+02, 3.360384704589844e+02, 2.992898559570312e+02, 3.120551574707031e+02, 3.321649658203125e+02, 3.00944091796875e+02, 3.118985473632812e+02, 3.013286254882813e+02, 2.972526916503906e+02, 3.126952209472656e+02, 2.926956481933594e+02, 2.939956237792969e+02, 3.122431823730469e+02, 2.934895141601563e+02, 2.975475891113281e+02, 3.09885986328125e+02, 2.921164916992187e+02, 2.939286743164063e+02, 3.036000610351563e+02, 2.892481689453125e+02, 2.919023132324219e+02, 3.007906494140625e+02, 2.899187255859375e+02, 3.002777099609375e+02, 2.993014221191406e+02, 2.916399230957031e+02]
