last-generated=2020-11-19
statistics-initialization=
{
  "nonlinear": "18, 10, 8, 11, 10, 8, 12",
  "numerical Jacobians": "0"
}
statistics-simulation=
{
  "linear": "0, 0, 0, 0, 0, 0, 0, 0, 0, 0, 0, 0, 0, 0, 0, 0, 0, 0, 0, 0, 0, 0, 0, 0, 0, 0, 0,   0, 0, 0, 0, 0, 0, 0, 0, 0, 0, 0, 0, 0, 0, 0, 0, 0, 0, 0, 0, 0, 0, 0, 0, 0, 0,   0, 0, 0, 0, 0, 0, 0, 0, 0, 0, 0, 0, 0, 0, 0, 0, 0, 0, 0, 0, 0, 0, 0, 0, 0, 0,   0, 0, 0, 0, 0, 0, 0, 0, 0, 0, 0, 0, 0, 0, 0, 0, 0, 0, 0, 0, 0, 0, 0, 0, 0, 0,   0, 0, 0, 0, 0, 0, 0, 0, 0, 0, 0, 0, 0, 0, 0, 0, 0, 0, 0, 0, 0, 0, 0, 0, 0, 0,   0, 0",
  "nonlinear": "1, 1, 3, 6, 1, 1, 1, 1, 1, 1",
  "number of continuous time states": "373",
  "numerical Jacobians": "0"
}
time=[8e+06, 1.23e+07]
heaSys.Qhea[1]=[5.888088125e+05, 1.472235378689236e+03, 1.158765882703993e+03, 1.043908854166667e+03, 9.962595757378472e+02, 9.744123263888889e+02, 9.633467814127604e+02, 9.569538235134548e+02, 9.528770345052084e+02, 9.499915771484375e+02, 9.477820163302952e+02, 2.170178765190972e+03, 1.116891642252604e+03, 1.448046875e+03, 1.180003146701389e+03, 1.350021402994792e+03, 5.79650132921007e+02, 1.257610799153646e+03, 6.272161254882812e+02, 1.042254787868924e+03, 8.272305433485243e+02, 1.153186645507812e+03, 7.739945814344618e+02, 1.316676907009549e+03, 1.241329956054688e+03, 1.436523044162326e+03, 8.873978271484375e+02, 1.422100830078125e+03, 3.181152615017361e+02, -4.40084957546658e+01, 1.000992101033529e+02, 1.376601918538412e+02, 2.210772264268663e+02, 1.523130645751953e+02, 2.049564768473307e+02, 1.370413479275174e+02, 2.0864501953125e+02, 1.624418453640408e+02, 2.893164740668403e+02, 1.86288823445638e+02, 1.998090169270833e+03, 1.430178927951389e+03, 3.600004781087239e+02, 9.761118842230903e+02, 2.240467291937934e+02, 8.710224609375e+02, 7.035270657009548e+02, 8.82359144422743e+02, 1.017098876953125e+03, 1.17974365234375e+03, 1.008114549424913e+03, 1.175202270507812e+03, 1.897242580837674e+03, 1.836956692165799e+03, 9.508704223632812e+02, 8.385284695095487e+02, 1.585558336046007e+03, 1.195312296549479e+02, 1.653110717773438e+03, 1.448707980685764e+03, 2.365991872151693e+02, 7.732020823160808e+01, 1.743929416232639e+03, 1.806784057617188e+03, 1.941911499023438e+03, 1.746721408420139e+03, 1.815241251627604e+03, 1.711170057508681e+03, 1.78487353515625e+03, 6.282305094401041e+02, 1.711106947157118e+03, 1.457178429497613e+02, 1.36404052734375e+02, -5.536204232109917e+01, 2.068315921359592e+02, 1.575660069783528e+00, 9.370826805962457e+01, 6.032379892137315e+00, 2.105930684407552e+02, 4.394095102945963e+01, 4.350935702853733e+02, 9.944450378417969e+01, 1.899485989040799e+03, 1.490077460394965e+03, 1.129386149088542e+03, 1.299337700737847e+03, 1.253006863064236e+03, 1.27981494140625e+03, 1.203759019639757e+03, 1.191646525065104e+03, 9.102537231445312e+02, 9.335041300455729e+02, 6.23592515733507e+02, 6.957334594726562e+02, 8.206260647243923e+02, 8.523300442165798e+02, 8.594652709960938e+02, 8.588345133463541e+02, 8.557978719075521e+02, 8.52544677734375e+02, 8.496329345703125e+02]
validationDataExp2_1.heat_elP_living_room=[1.832202880859375e+03, 1.832202880859375e+03, 1.832202880859375e+03, 1.832202880859375e+03, 1.832202880859375e+03, 1.832202880859375e+03, 1.832202880859375e+03, 1.832202880859375e+03, 1.832202880859375e+03, 1.832202880859375e+03, 1.832202880859375e+03, 1.947252956814236e+03, 2.706466166178386e+02, 1.47757512749566e+03, 1.008120524088542e+03, 1.352516520182292e+03, 3.851395474539863e+00, 1.354310370551215e+03, 3.741147756576538e+00, 1.163492892795139e+03, 1.139264358944363e+02, 1.282660929361979e+03, 6.892838338216146e+02, 1.465950113932292e+03, 1.221497599283854e+03, 1.511859944661458e+03, 6.470806274414062e+02, 9.00289794921875e+02, 3.720352305306329e+00, 3.670646455552843e+00, 3.896207094192505e+00, 4.025518231921726e+00, 3.849720610512628e+00, 3.537674983342489e+00, 4.150689866807726e+00, 4.016224596235487e+00, 3.923926115036011e+00, 3.795951578352186e+00, 4.039925416310628e+00, 3.848837852478027e+00, 1.799900824652778e+03, 1.460316908094618e+03, 3.701281785964966e+00, 1.120830390082465e+03, 3.688332902060615e+00, 1.034624267578125e+03, 1.66861334906684e+02, 9.852110663519966e+02, 9.409392700195312e+02, 1.284641452365451e+03, 8.193178168402778e+02, 1.225637451171875e+03, 1.799846028645833e+03, 1.799761678059896e+03, 3.893561601638794e+00, 4.029702788458931e+02, 1.800024644639757e+03, 4.11775541305542e+00, 1.800160441080729e+03, 1.799823974609375e+03, 3.814132213592529e+00, 3.816585540771484e+00, 1.799794976128472e+03, 1.799443115234375e+03, 1.799697848849826e+03, 1.800071695963542e+03, 1.799944498697917e+03, 1.799741577148438e+03, 1.799940253363715e+03, 3.781856218973795e+00, 1.799975287543403e+03, 3.47227398554484e+00, 4.24841833114624e+00, 4.102788925170898e+00, 3.434947835074531e+00, 4.037086566289266e+00, 3.906073782179091e+00, 3.812233130137126e+00, 3.811453024546305e+00, 3.909247557322184e+00, 4.11121326022678e+00, 3.912876129150391e+00, 1.842773573133681e+03, 1.521472493489583e+03, 9.104511922200521e+02, 1.370629150390625e+03, 1.082194186740451e+03, 1.352799560546875e+03, 1.107395304361979e+03, 1.257544759114583e+03, 5.924979248046875e+02, 1.049191297743056e+03, 2.538209211561415e+02, 1.015488525390625e+03, 1.076171997070312e+03, 1.076171997070312e+03, 1.076171997070312e+03, 1.076171997070312e+03, 1.076171997070312e+03, 1.076171997070312e+03, 1.076171997070312e+03]
heaSys.Qhea[3]=[6.624323125e+05, 3.170825839572483e+02, 2.231570722791884e+02, 1.976681925455729e+02, 1.88904059516059e+02, 1.852635989718967e+02, 1.834576314290365e+02, 1.823711090087891e+02, 1.816306830512153e+02, 1.810712280273438e+02, 1.806212853325738e+02, 5.770081854926216e+02, 2.588865966796875e+02, 2.739508599175347e+02, 2.286686774359809e+02, 2.497245127360026e+02, 7.939534844292535e+01, 2.33015874226888e+02, 1.029626235961914e+02, 2.042681443956163e+02, 1.540225457085504e+02, 2.313430938720703e+02, 1.402804870605469e+02, 2.3123851691352e+02, 2.085565490722656e+02, 2.523775329589844e+02, 1.26684694925944e+02, 3.306562805175781e+02, -1.365884410010444e+01, -3.281779183281792e+01, -5.938536127408345e+00, -2.039746072557237e+01, 9.209173414442274e+00, -1.000722289085388e+00, 2.386055141025119e+01, 1.901287629869249e+01, 5.325984954833984e+01, 1.913034884134929e+01, 4.968075307210287e+01, 2.697058359781901e+01, 4.464220241970486e+02, 2.954036085340712e+02, 5.276966603597005e+01, 2.172629564073351e+02, -1.853358120388455e+01, 1.980949249267578e+02, 1.459328426784939e+02, 1.987683342827691e+02, 2.045859222412109e+02, 2.197256351047092e+02, 2.008870646158854e+02, 2.20218027750651e+02, 4.521108737521702e+02, 3.970013631184896e+02, 5.520391464233398e+01, 1.375993245442708e+02, 3.725182732476129e+02, -1.798470369974772e+01, 3.807667066786024e+02, 3.294827575683594e+02, -2.704290262858073e+01, -4.292271296183268e+01, 4.153170844184028e+02, 3.989202575683594e+02, 3.401008199055989e+02, 3.735804307725695e+02, 3.443314615885417e+02, 3.360631476508246e+02, 3.699342820909288e+02, 1.734663550059001e+01, 4.026721937391493e+02, -2.224660131666396e+01, -2.174892044067383e+01, -3.552911249796549e+01, -1.516736072964138e+01, -1.152524121602376e+01, -1.257912921905518e+01, -1.897785504659017e+01, -4.072789764404297e+01, -1.747284740871853e+01, 2.288972865210639e+01, -1.151135158538818e+01, 3.69646497938368e+02, 2.955604281955295e+02, 1.909448598225912e+02, 2.47504643758138e+02, 2.40156483968099e+02, 2.415411885579427e+02, 2.244447614881727e+02, 2.326790449354384e+02, 1.519736480712891e+02, 1.98935780843099e+02, -1.698935784233941e+01, 1.221743138631185e+02, 1.536665649414062e+02, 1.595701683892144e+02, 1.594930318196615e+02, 1.582453799777561e+02, 1.569297960069445e+02, 1.558050994873047e+02, 1.549112243652344e+02]
validationDataExp2_1.heat_elP_bath_room=[6.529138793945312e+02, 6.529138793945312e+02, 6.529138793945312e+02, 6.529138793945312e+02, 6.529138793945312e+02, 6.529138793945312e+02, 6.529138793945312e+02, 6.529138793945312e+02, 6.529138793945312e+02, 6.529138793945312e+02, 6.529138793945312e+02, 7.291917385525173e+02, 2.901495259602864e+02, 2.862638108995226e+02, 1.967620527479384e+02, 2.672538655598958e+02, 4.025407791137695e+01, 2.636096428765191e+02, 8.01968994140625e+01, 2.625527716742621e+02, 1.259860551622179e+02, 2.764245707194011e+02, 2.142971038818359e+02, 2.644413113064236e+02, 2.08102793375651e+02, 2.90867933485243e+02, 2.065329810248481e+02, 1.717235565185547e+02, 1.00308903588189e+01, 9.834057913886177e+00, 9.601095835367838e+00, 9.519502109951443e+00, 9.580195956759983e+00, 9.663450241088867e+00, 9.309868388705784e+00, 9.357555389404297e+00, 9.379887580871582e+00, 9.847408294677734e+00, 1.023258050282796e+01, 9.888726870218912e+00, 4.999905836317274e+02, 3.298348558213976e+02, 3.941971333821615e+01, 2.897656012641059e+02, 1.533812321556939e+01, 2.727304382324219e+02, 7.555737728542752e+01, 2.488557366265191e+02, 2.27900136311849e+02, 2.686824713812934e+02, 1.796439548068576e+02, 2.525145111083984e+02, 5.00004157172309e+02, 4.999974399142795e+02, 9.564971923828125e+00, 1.184786172442966e+02, 5.000368482801649e+02, 9.039888699849447e+00, 5.000897318522136e+02, 4.999915568033854e+02, 8.963667233784994e+00, 9.493077066209581e+00, 5.000053304036458e+02, 4.999264526367188e+02, 5.000144246419271e+02, 5.000576612684462e+02, 5.000062764485677e+02, 4.998627556694879e+02, 4.999793497721354e+02, 9.441642761230469e+00, 5.00022216796875e+02, 1.001571167839898e+01, 9.546541213989258e+00, 9.164217525058323e+00, 9.221543100145128e+00, 9.04572614034017e+00, 9.086475054423014e+00, 9.009279780917698e+00, 9.458445231119791e+00, 9.528207778930664e+00, 9.984059121873644e+00, 9.654270172119141e+00, 8.373024410671658e+01, 3.502925686306423e+02, 1.826490224202474e+02, 2.956906500922309e+02, 2.295795271131727e+02, 2.948918050130208e+02, 2.644499104817708e+02, 2.723629692925347e+02, 2.352076148986816e+01, 2.671247897677952e+02, 4.651559617784288e+00, 2.231551818847656e+02, 2.273497772216797e+02, 2.273497772216797e+02, 2.273497772216797e+02, 2.273497772216797e+02, 2.273497772216797e+02, 2.273497772216797e+02, 2.273497772216797e+02]
heaSys.Qhea[4]=[6.721838125e+05, 5.542094794379341e+02, 3.75779296875e+02, 3.185046895345052e+02, 2.957011142306858e+02, 2.850007663302952e+02, 2.791727803548177e+02, 2.75490726047092e+02, 2.729444071451823e+02, 2.710463256835938e+02, 2.695636528862847e+02, 8.867248263888889e+02, 3.940143737792969e+02, 3.871998291015625e+02, 3.20664299858941e+02, 3.363471577962239e+02, 1.35047376844618e+02, 2.970103963216146e+02, 1.495124969482422e+02, 2.524078589545356e+02, 2.11172132703993e+02, 2.727026265462239e+02, 2.116388159857856e+02, 2.906780327690972e+02, 2.79798095703125e+02, 3.188773973253038e+02, 2.274562072753906e+02, 3.247934265136719e+02, 4.07347649468316e+01, -1.128149837917752e+02, -5.927250544230143e+01, -8.379068417019315e+01, -2.043976105584039e+01, -2.126117579142253e+01, 2.282403267754449e+01, 2.260805151197646e+01, 6.891162109375e+01, 4.051295895046658e+01, 7.831081983778212e+01, 4.028563817342123e+01, 8.522115885416666e+02, 4.831482103135851e+02, 1.573660634358724e+02, 2.830336642795139e+02, 7.725200483534071e+01, 2.359583435058594e+02, 1.955368957519531e+02, 2.246698913574219e+02, 2.500216623942057e+02, 2.717037082248264e+02, 2.514056464301215e+02, 2.763672281901042e+02, 6.274522772894966e+02, 5.413706529405382e+02, 2.647760620117188e+02, 1.907425884670682e+02, 4.903348456488715e+02, -1.110134658813477e+02, 5.170269232855903e+02, 4.079000549316406e+02, -1.259699223836263e+02, -1.357271626790365e+02, 5.855251193576389e+02, 5.650420532226562e+02, 6.708880411783854e+02, 5.237099880642361e+02, 6.039470621744791e+02, 4.869992031521267e+02, 4.672304924858941e+02, -2.895620218912761e+01, 4.795918375651042e+02, -1.168320727878147e+02, -1.276189346313477e+02, -1.354383205837674e+02, -6.239701334635416e+01, -5.352251688639323e+01, -7.417214626736111e+01, -6.996447584364149e+01, -1.544040616353353e+01, -4.152951685587565e+01, 1.862618849012587e+01, -4.226234436035156e+01, 6.411330905490452e+02, 4.242183091905382e+02, 2.966463521321614e+02, 3.218334045410156e+02, 3.035229593912761e+02, 3.070743916829427e+02, 2.906643981933594e+02, 2.867466328938802e+02, 2.422353668212891e+02, 2.452034573025174e+02, 1.707424655490451e+02, 1.701323089599609e+02, 1.85555669148763e+02, 1.878084259033203e+02, 1.858962809244792e+02, 1.82869379679362e+02, 1.798267567952474e+02, 1.771515960693359e+02, 1.749534606933594e+02]
validationDataExp2_1.heat_elP_children_room=[6.7473095703125e+02, 6.7473095703125e+02, 6.7473095703125e+02, 6.7473095703125e+02, 6.7473095703125e+02, 6.7473095703125e+02, 6.7473095703125e+02, 6.7473095703125e+02, 6.7473095703125e+02, 6.7473095703125e+02, 6.7473095703125e+02, 7.563535427517361e+02, 2.145452524820963e+02, 3.100720757378472e+02, 2.975270250108507e+02, 2.874563802083333e+02, 1.091549383269416e+00, 2.798645358615452e+02, 7.156118011474609e+01, 2.705017462836371e+02, 1.846650187174479e+02, 2.746572265625e+02, 2.910805935329861e+02, 2.796228705512153e+02, 3.00060302734375e+02, 3.063643493652344e+02, 2.947843797471788e+02, 1.791123046875e+02, 9.58837456173367e-01, 9.715679287910461e-01, 9.901543060938517e-01, 9.775205651919047e-01, 9.819711777899001e-01, 8.844274679819742e-01, 1.011223766538832e+00, 1.044092588954502e+00, 1.00514817237854e+00, 9.739912549654642e-01, 1.057071540090773e+00, 9.825432101885477e-01, 5.000924987792969e+02, 4.353911675347222e+02, 5.548783620198568e+01, 3.113047790527344e+02, 2.56855337354872e+01, 2.722777099609375e+02, 2.180537533230252e+02, 2.582492133246528e+02, 2.782448527018229e+02, 2.75621097140842e+02, 2.883702629937066e+02, 2.727069702148438e+02, 5.00007826063368e+02, 4.999308369954427e+02, 1.402999997138977e+00, 1.120430318117142e+02, 5.000395406087239e+02, 1.075240770975749e+00, 5.001144782172309e+02, 4.99972900390625e+02, 9.943703611691793e-01, 9.846625261836581e-01, 4.999140082465278e+02, 4.999064636230469e+02, 4.99937984890408e+02, 5.000135091145833e+02, 4.999716288248698e+02, 5.000253804524739e+02, 4.999018351236979e+02, 1.12670373916626e+00, 5.000328843858507e+02, 8.965287937058343e-01, 1.097685217857361e+00, 1.050811741087172e+00, 8.662572039498223e-01, 1.034981528917948e+00, 1.010654330253601e+00, 9.784568150838217e-01, 1.010990738868713e+00, 1.022442393832736e+00, 1.044698596000671e+00, 1.049537062644958e+00, 5.890511135525173e+02, 3.849629584418403e+02, 3.121813659667969e+02, 3.028070949978298e+02, 2.901153293185764e+02, 2.819744160970052e+02, 2.800949944390191e+02, 2.75430406358507e+02, 2.919209594726562e+02, 2.488358459472656e+02, 1.638251274956597e+02, 2.298800659179688e+02, 2.450659942626953e+02, 2.450659942626953e+02, 2.450659942626953e+02, 2.450659942626953e+02, 2.450659942626953e+02, 2.450659942626953e+02, 2.450659942626953e+02]
heaSys.Qhea[5]=[2.0045390625e+05, 1.513840094672309e+02, 9.960417599148221e+01, 8.195760854085286e+01, 7.393901994493272e+01, 7.157868364122179e+01, 7.18970438639323e+01, 7.305241394042969e+01, 7.435243140326605e+01, 7.553225708007812e+01, 7.65162862141927e+01, 7.402612982855902e+01, 4.365963745117188e+01, 4.209998236762153e+01, 2.073550330268012e+01, 2.542616208394368e+01, 1.081230735778809e+01, 2.095032352871365e+01, 4.219342231750488e+00, -1.206529564327664e+01, -4.337935341729058e+00, -7.108198483784994e+00, -1.240373622046577e+01, 1.878551398383247e+01, 2.100158246358236e+01, 3.809900665283203e+01, 2.456651496887207e+01, 5.018417358398438e+01, 2.178597577412923e+01, 4.947043948703342e+01, 4.220342890421549e+01, 1.007978591918945e+02, 1.047448289659288e+02, 1.170483957926432e+02, 1.074914304945204e+02, 1.198204998440213e+02, 8.257498168945312e+01, 1.055179892645942e+02, 8.403399403889973e+01, 1.050464808146159e+02, 4.312238566080729e+01, 4.255865308973524e+01, 1.424590110778809e+01, -1.982136064105564e+00, -2.4734867811203e+00, 6.712678074836731e-01, 6.599874364005195e-01, -1.983142849471834e+00, -1.267059834798177e+01, -1.901528845893012e+01, -1.228136380513509e+01, -1.129167652130127e+01, 5.279915491739909e+00, 8.278450859917534e+00, 2.357670974731445e+01, 8.120165665944418e+00, -4.346440315246582e+00, -2.147420692443848e+01, -8.114313125610352e+00, -1.893735059102376e+01, -6.336538060506185e+01, -3.389060677422417e+01, 1.040546968248155e+01, 1.111888599395752e+01, 1.976208170255025e+00, 2.207994736565484e+01, 2.205639330546061e+01, 2.893543879191081e+01, 4.587137699127197e+00, -2.098612149556478e+01, -1.943593597412109e+01, -2.707842063903809e+01, -4.256691360473633e+01, -4.432755703396268e+01, -3.670044835408529e+01, -2.653262329101562e+01, -4.436561499701606e+01, -4.425175984700521e+01, -2.558836110432943e+01, 1.481584358215332e+01, 3.284541575113932e+01, 4.277201843261719e+01, 3.881336636013455e+01, 3.361778767903646e+01, 1.699211692810059e+01, 1.896957408057319e+01, 9.660879029168022e+00, 1.481047121683756e+01, 1.194560485415989e+01, 6.953201823764378e+00, -2.030101537704468e+00, 1.318411456214057e+01, -1.288684050242106e+00, -3.495861530303955e+00, -2.495076921251085e+01, -3.171789911058214e+01, -3.709678268432617e+01, -4.165664121839735e+01, -4.546734703911675e+01, -4.865286636352539e+01, -5.123845672607422e+01]
validationDataExp2_1.heat_elP_kitchen=[4.370800018310547e+01, 4.370800018310547e+01, 4.370800018310547e+01, 4.370800018310547e+01, 4.370800018310547e+01, 4.370800018310547e+01, 4.370800018310547e+01, 4.370800018310547e+01, 4.370800018310547e+01, 4.370800018310547e+01, 4.370800018310547e+01, 4.30748536851671e+01, 2.357698631286621e+01, 3.49151471455892e+01, 2.295854038662381e+01, 3.016344451904297e+01, 8.640521473354763e+00, 3.762528567843967e+01, 9.199333190917969e+00, 1.08691586388482e+01, 9.070188098483616e+00, 1.417866071065267e+01, 1.309288173251682e+01, 4.721430333455404e+01, 5.576609166463216e+01, 6.948030175103082e+01, 4.811741977267795e+01, 4.83388557434082e+01, 4.977938461303711e+01, 9.51494140625e+01, 7.980215962727864e+01, 1.455292477077908e+02, 1.36216788397895e+02, 1.48116200764974e+02, 1.183390663994683e+02, 1.308742218017578e+02, 7.727607727050781e+01, 1.141591415405273e+02, 7.950001186794705e+01, 1.136279805501302e+02, 2.789022890726725e+01, 2.468911107381185e+01, 9.130758285522461e+00, 1.014786593119303e+01, 8.987577544318306e+00, 1.011874008178711e+01, 9.600711080763075e+00, 1.083830473158095e+01, 1.103384081522624e+01, 1.048080656263563e+01, 1.034659269120958e+01, 9.63508415222168e+00, 9.641070153978136e+00, 9.562919298807779e+00, 9.163629531860352e+00, 9.24546676211887e+00, 9.250538720024956e+00, 9.025562604268393e+00, 9.662209828694662e+00, 9.305656115214029e+00, 8.945598920186361e+00, 2.608942116631402e+01, 3.279232449001736e+01, 1.690785217285156e+01, 9.754097514682346e+00, 9.443766593933105e+00, 9.464008013407389e+00, 9.462370130750868e+00, 9.792805989583334e+00, 9.293229738871256e+00, 1.018501408894857e+01, 9.969227261013454e+00, 9.519166946411133e+00, 9.133048269483778e+00, 9.194419436984592e+00, 9.015382130940756e+00, 9.0603363249037e+00, 8.968790054321289e+00, 2.554316139221191e+01, 5.604595353868272e+01, 6.935555945502387e+01, 8.390549468994141e+01, 5.953146743774414e+01, 4.302049297756619e+01, 2.7591246287028e+01, 2.990230941772461e+01, 2.587283515930176e+01, 3.068875694274902e+01, 2.776528082953559e+01, 1.857013363308377e+01, 1.040583324432373e+01, 1.014178477393256e+01, 4.693637450536093e+00, 1.087430636088053e+01, 1.05959997177124e+01, 1.05959997177124e+01, 1.05959997177124e+01, 1.05959997177124e+01, 1.05959997177124e+01, 1.05959997177124e+01, 1.05959997177124e+01]
heaSys.Qhea[6]=[2.3091890625e+05, 1.518354610866971e+02, 1.029707692464193e+02, 8.340944925944011e+01, 7.423924255371094e+01, 7.024937269422743e+01, 6.837477874755859e+01, 6.753189002143012e+01, 6.72062030368381e+01, 6.711688995361328e+01, 6.711969502766927e+01, 7.095392354329427e+01, 4.11014544169108e+01, 5.280632146199545e+01, 1.479953617519802e+01, 1.272057469685872e+01, -1.0016921043396e+01, 1.756235631306966e+01, -3.056537246704102e+01, 2.503971126344469e+00, -9.667943424648708e+00, 1.228341897328695e+01, -1.59467265341017e+00, 1.520958826276991e+01, 1.116066932678223e+01, 2.424399587843153e+01, -1.318936093648275e+01, 3.759704971313477e+01, -1.45133728451199e+01, 3.692799292670356e+01, 4.50329573949178e+00, 7.901812150743272e+01, 7.052184126112196e+01, 8.83309809366862e+01, 5.879527621799045e+01, 8.448176744249132e+01, 1.295222091674805e+01, 7.383804151746962e+01, 3.113855446709527e+01, 7.723427073160808e+01, 5.795601473914252e+00, 3.236879518296983e+01, -1.0059463818868e+01, 1.158778455522325e+01, -2.459375953674316e+01, 8.522138595581055e+00, -1.120168643527561e+01, 5.431687831878662e+00, 1.171366945902506e+01, 1.126826084984673e+01, -5.469886144002278e+00, 9.291454950968424e+00, 1.917944616741605e-01, 3.651602045694987e+01, -5.266375541687012e+00, 2.411536322699653e+01, -2.002702077229818e+01, 2.198572794596354e+00, -7.801005681355794e+00, 5.096710628933376e+00, -1.000363032023112e+01, -2.056765302022298e+01, -1.523324627346463e+01, 3.292074584960938e+01, -9.002349429660374e+00, 3.48505736456977e+01, -1.904222551981608e+01, 2.089604738023546e+01, 1.616944758097331e+01, 2.496320660909017e+01, -1.598889191945394e+01, 4.027282132042779e+00, -1.953365135192871e+01, -1.789217948913574e+01, -2.826915910508897e+01, -5.907510916392009e+00, -8.144057273864746e+00, -6.612181928422716e-01, -9.984358151753744e+00, 4.132284058464898e+00, 2.292412990993924e+01, 3.542611694335938e+01, 1.460717148251004e+01, 2.175590303209093e+01, 5.481164654095967e-01, 1.821744452582465e+01, 5.354985316594441e+00, 1.750628217061361e+01, 1.154275194803874e+01, 1.504684734344482e+01, 3.265241086483002e-01, 1.194999567667643e+01, -1.698449261983236e+01, -1.763335355122884e+01, -2.545754453870985e+01, -2.743082004123264e+01, -2.914757919311523e+01, -3.070329327053494e+01, -3.20712398952908e+01, -3.324926376342773e+01, -3.422668075561523e+01]
validationDataExp2_1.heat_elP_doorway=[6.414999961853027e-01, 6.414999961853027e-01, 6.414999961853027e-01, 6.414999961853027e-01, 6.414999961853027e-01, 6.414999961853027e-01, 6.414999961853027e-01, 6.414999961853027e-01, 6.414999961853027e-01, 6.414999961853027e-01, 6.414999961853027e-01, 5.650432176060147e-01, 8.282098770141602e-01, 8.08819956249661e-01, 7.660884790950351e-01, 8.568271597226461e-01, 9.240817957454257e-01, 8.400915662447611e-01, 9.744444489479065e-01, 7.909835444556342e-01, 9.052571853001913e-01, 8.148858149846395e-01, 7.976172632641263e-01, 8.976810773213705e-01, 8.531566262245178e-01, 7.182072639465332e+00, 9.014423688252767e-01, 4.24285364151001e+00, 8.37623659769694e+00, 3.510874472724067e+01, 3.071772575378418e+01, 7.037856547037761e+01, 7.578727637396918e+01, 7.843080647786458e+01, 6.35137693617079e+01, 7.1958251953125e+01, 2.975913047790527e+01, 5.920235061645508e+01, 2.966947216457791e+01, 5.679577509562174e+01, 4.382358868916829e+00, 8.193950586848788e-01, 9.522438247998556e-01, 8.364362120628357e-01, 9.119510253270467e-01, 9.446666836738586e-01, 8.184567822350396e-01, 9.071687195036147e-01, 8.086049556732178e-01, 8.690946565734016e-01, 8.705658316612244e-01, 7.686010996500651e-01, 8.418508238262601e-01, 7.74209115240309e-01, 9.523518681526184e-01, 9.073981444040935e-01, 6.614989505873786e-01, 1.01871915658315e+00, 7.531286146905687e-01, 6.715781754917569e-01, 9.388333360354105e-01, 9.294506112734476e-01, 7.298529015647041e-01, 7.413703799247742e-01, 7.812983459896512e-01, 7.836378481653001e-01, 8.382253249486288e-01, 6.904660330878364e-01, 8.472098774380155e-01, 9.567993879318237e-01, 7.720781829622057e-01, 8.519475195142958e-01, 1.04709255695343e+00, 9.962363772922092e-01, 8.160596622361077e-01, 9.883580009142557e-01, 9.476440217759874e-01, 9.214938349193997e-01, 9.436890482902527e-01, 9.648436440361871e-01, 4.065895001093547e+00, 2.724170303344727e+01, 7.943986892700195e+00, 2.933283938301934e+00, 8.922353386878967e-01, 8.653168545828925e-01, 8.910473121537102e-01, 8.824506004651388e-01, 8.888827363650004e-01, 8.310301105181376e-01, 8.084259033203125e-01, 7.964809669388665e-01, 8.667654262648689e-01, 8.034321268399557e-01, 8.514999747276306e-01, 8.514999747276306e-01, 8.514999747276306e-01, 8.514999747276306e-01, 8.514999747276306e-01, 8.514999747276306e-01, 8.514999747276306e-01]
heaSys.Qhea[7]=[3.11344e+05, 2.397756585015191e+02, 1.510720045301649e+02, 1.234141693115234e+02, 1.144421090020074e+02, 1.110730395846897e+02, 1.105828679402669e+02, 1.108031149970161e+02, 1.112808108859592e+02, 1.117593154907227e+02, 1.12150139702691e+02, 1.055590243869358e+02, 6.839394124348958e+01, 6.697924211290147e+01, 3.908146964179145e+01, 4.309823989868164e+01, 1.651459545559353e+01, 4.833025783962674e+01, 6.456145763397217e+00, 2.268722894456651e+01, 1.305272367265489e+01, 3.485950215657552e+01, 1.547663328382704e+01, 3.666969638400607e+01, 2.781493186950684e+01, 3.926990848117404e+01, 2.24563045501709e+01, 4.532966232299805e+01, -6.03831148147583e+00, 1.404926988813612e+01, 1.883853753407796e+00, 7.639149644639757e+01, 1.068029946221246e+02, 1.31597526550293e+02, 1.249194217258029e+02, 1.409620513916016e+02, 1.022566299438477e+02, 1.257699576483832e+02, 1.013935936821832e+02, 1.228971125284831e+02, 3.022216584947374e+01, 5.499602932400174e+01, -4.055014769236247e+00, 2.512712499830458e+01, -2.210295952690972e+01, 2.29745922088623e+01, -5.4401965936025e-01, 1.721983040703667e+01, 2.813594818115234e+01, 2.260622236463759e+01, 1.797037654452854e+01, 2.267194175720215e+01, 2.466995747884114e+01, 4.664800601535373e+01, -1.03758180141449e+00, 2.164629385206435e+01, -1.655760298834907e+01, 3.386836131413778e+00, 1.18075622982449e+01, 1.048690795898438e+01, 8.478584925333658e+00, 1.008431222703722e+01, 3.114261033799913e+01, 5.338620376586914e+01, 4.673837926652697e+00, 3.169462203979492e+01, -2.961332766215007e+01, 2.754928655094571e+00, 2.178609155946308e-01, 1.381746927897135e+01, -2.073735788133409e+01, -1.791283408800761e+00, -1.896501731872559e+01, -1.267113484276666e+01, -1.095820204416911e+01, 1.334325281778971e+01, 1.011146884494358e+01, 1.654405275980632e+01, 1.366356086730957e+01, 2.475005361768935e+01, 3.42278789944119e+01, 2.635191917419434e+01, 3.890768475002713e+01, 4.515693367852105e+01, 2.834676233927409e+01, 3.158657540215386e+01, 2.362432204352485e+01, 3.262231572469076e+01, 2.863212246365017e+01, 3.162503051757812e+01, 1.694235992431641e+01, 2.742733807033963e+01, -1.45652518802219e+01, -1.287806574503581e+01, -3.136296123928494e+01, -4.146902804904514e+01, -4.874697240193685e+01, -5.443425835503472e+01, -5.887254969278971e+01, -6.243404006958008e+01, -6.522657775878906e+01]
validationDataExp2_1.heat_elP_parents_room=[1.183055877685547e+01, 1.183055877685547e+01, 1.183055877685547e+01, 1.183055877685547e+01, 1.183055877685547e+01, 1.183055877685547e+01, 1.183055877685547e+01, 1.183055877685547e+01, 1.183055877685547e+01, 1.183055877685547e+01, 1.183055877685547e+01, 1.199909104241265e+01, 1.155797799428304e+01, 1.160574934217665e+01, 1.069912719726562e+01, 1.07635285059611e+01, 9.909903420342339e+00, 1.080287806193034e+01, 1.100877952575684e+01, 1.084261565738254e+01, 1.080412112341987e+01, 1.086983839670817e+01, 1.043138270907932e+01, 1.095919068654378e+01, 9.908881823221842e+00, 1.100146208869086e+01, 1.052982393900553e+01, 1.10616340637207e+01, 1.133266311221653e+01, 1.123413202497694e+01, 1.118651135762533e+01, 5.484067747328017e+01, 8.486455196804471e+01, 9.157468922932942e+01, 9.528991275363498e+01, 9.486553531222873e+01, 7.977210998535156e+01, 8.221834988064236e+01, 7.386472829182942e+01, 7.235190327962239e+01, 1.062839783562554e+01, 1.138216718037923e+01, 1.09264129002889e+01, 1.105208290947808e+01, 1.045154370201958e+01, 1.098244476318359e+01, 1.097883563571506e+01, 1.142696645524767e+01, 1.139182504018148e+01, 1.145057815975613e+01, 1.113856580522325e+01, 1.116574796040853e+01, 1.104973432752821e+01, 1.095881652832031e+01, 1.05063304901123e+01, 1.089411301083035e+01, 1.100621149275038e+01, 1.06432212193807e+01, 1.106984784868028e+01, 1.068591658274333e+01, 1.043288962046305e+01, 1.072830020056831e+01, 1.127821424272325e+01, 1.092591381072998e+01, 1.148214011722141e+01, 1.092739444308811e+01, 1.106068197886149e+01, 1.091174740261502e+01, 1.103968567318386e+01, 1.090537039438883e+01, 1.129528427124023e+01, 1.099123912387424e+01, 1.081146621704102e+01, 1.069284937116835e+01, 1.084424538082547e+01, 1.048707516988119e+01, 1.058480177985297e+01, 1.063234000735813e+01, 1.089437294006348e+01, 1.083514902326796e+01, 1.121938663058811e+01, 1.111963367462158e+01, 1.099581294589573e+01, 1.141470336914062e+01, 1.102562300364176e+01, 1.128112443288167e+01, 1.022117763095432e+01, 1.107497755686442e+01, 1.066702810923258e+01, 1.136785538991292e+01, 1.111101055145264e+01, 1.137602053748237e+01, 4.916111495759752e+00, 1.166111246744792e+01, 1.130653953552246e+01, 1.130653953552246e+01, 1.130653953552246e+01, 1.130653953552246e+01, 1.130653953552246e+01, 1.130653953552246e+01, 1.130653953552246e+01]
heaSys.Qhea[2]=[6.591521875e+05, 2.522261318630642e+02, 1.517850952148438e+02, 1.195540237426758e+02, 1.071147986518012e+02, 1.017623553805881e+02, 9.923901621500652e+01, 9.788745286729601e+01, 9.708976660834418e+01, 9.655792236328125e+01, 9.616614108615451e+01, 3.983098347981771e+02, 1.652391611735026e+02, 1.553736080593533e+02, 1.146330083211263e+02, 1.280994618733724e+02, 7.74242206149631e+01, 1.191284400092231e+02, 6.317232513427734e+01, 9.744984436035156e+01, 8.418394724527995e+01, 1.188926239013672e+02, 8.583832041422527e+01, 1.265266172620985e+02, 1.152705993652344e+02, 1.318341539171007e+02, 8.447349802652995e+01, 1.322326202392578e+02, 5.508315573798286e+01, -6.242563671535916e+01, -2.318860308329264e+01, -5.494670020209418e+01, -1.743339114718967e+01, -2.335633150736491e+01, 3.609910382164849e+00, -5.33437442779541e+00, 3.64984130859375e+01, -1.499227775467767e+00, 2.11868101755778e+01, 2.266865650812785e+00, 4.826685757107205e+02, 1.95787845187717e+02, 9.882066345214844e+01, 1.182876205444336e+02, 6.767055341932509e+01, 9.591367340087891e+01, 7.116950564914279e+01, 9.971077643500433e+01, 1.007127456665039e+02, 1.180913238525391e+02, 1.053206999037001e+02, 1.179127629597982e+02, 3.133736334906684e+02, 2.536639489067925e+02, 1.537354125976562e+02, 8.70430908203125e+01, 2.666178080240886e+02, -5.196621704101562e+01, 2.581229383680555e+02, 2.068982221815321e+02, -7.046250406901042e+01, -6.153264745076498e+01, 3.070827229817708e+02, 2.653623657226562e+02, 3.621570197211371e+02, 2.365911780463325e+02, 3.269227803548177e+02, 2.237891489664713e+02, 2.193544752332899e+02, -1.532159042358398e+01, 2.696185811360677e+02, -4.84833009507921e+01, -4.900098037719727e+01, -4.628811560736762e+01, -2.310085535049438e+00, -1.015933609008789e+01, -2.027204767862956e+01, -2.36591862572564e+01, 1.155036004384359e+01, -8.411753919389513e+00, 1.016381931304932e+01, -2.203182601928711e+01, 2.652626783582899e+02, 1.928796641031901e+02, 1.13622319539388e+02, 1.357306518554688e+02, 1.191498616536458e+02, 1.341736653645833e+02, 1.166500464545356e+02, 1.203845087687175e+02, 7.617027282714844e+01, 1.131446702745226e+02, 7.871318732367621e+01, 8.176546732584636e+01, 9.079058922661676e+01, 9.551912434895833e+01, 9.781408182779948e+01, 9.884966447618272e+01, 9.925102912055121e+01, 9.941343688964844e+01, 9.945619964599609e+01]
