last-generated=2025-07-07
statistics-initialization=
{
  "nonlinear": "7, 7",
  "numerical Jacobians": "0"
}
statistics-simulation=
{
  "linear": "0, 0, 0, 0, 0, 0, 0, 0, 0, 0, 0, 0, 4, 0, 0, 0, 0, 0, 0, 0, 0, 0, 0, 0, 0, 0, 0,   0, 0, 4, 0, 0, 0, 0, 0, 0",
  "nonlinear": "1",
  "number of continuous time states": "91",
  "numerical Jacobians": "0"
}
time=[1e+07, 1.1e+07]
recZon.TSensor=[2.931499938964844e+02, 2.929016418457031e+02, 2.925341796875e+02, 2.922163696289062e+02, 2.919154663085938e+02, 2.916580200195312e+02, 2.917080383300781e+02, 2.918539428710938e+02, 2.9183935546875e+02, 2.916461181640625e+02, 2.912907104492188e+02, 2.909642333984375e+02, 2.906290893554688e+02, 2.902830505371094e+02, 2.901351928710938e+02, 2.903097534179688e+02, 2.904482116699219e+02, 2.904891357421875e+02, 2.903086242675781e+02, 2.899796447753906e+02, 2.89636962890625e+02, 2.892449340820312e+02, 2.890649108886719e+02, 2.893608093261719e+02, 2.899180603027344e+02, 2.901120910644531e+02, 2.900773010253906e+02, 2.898360595703125e+02, 2.895385437011719e+02, 2.892818908691406e+02, 2.890502319335938e+02, 2.889668579101562e+02, 2.890589294433594e+02, 2.892850646972656e+02, 2.895099182128906e+02, 2.894379272460938e+02, 2.890917053222656e+02, 2.887285461425781e+02, 2.883694152832031e+02, 2.88137451171875e+02, 2.8828515625e+02, 2.887122497558594e+02, 2.88957275390625e+02, 2.888851623535156e+02, 2.885848999023438e+02, 2.882590942382812e+02, 2.879266052246094e+02, 2.875921020507812e+02, 2.875228271484375e+02, 2.8771044921875e+02, 2.880973815917969e+02, 2.883695678710938e+02, 2.884423217773438e+02, 2.882500915527344e+02, 2.879233703613281e+02, 2.875225219726562e+02, 2.871728210449219e+02, 2.873554077148438e+02, 2.880455322265625e+02, 2.886341552734375e+02, 2.889699096679688e+02, 2.889289245605469e+02, 2.886812744140625e+02, 2.8847998046875e+02, 2.882454223632812e+02, 2.881209106445312e+02, 2.883192749023438e+02, 2.887528686523438e+02, 2.890745849609375e+02, 2.891765747070312e+02, 2.889943237304688e+02, 2.885657653808594e+02, 2.881810607910156e+02, 2.87821044921875e+02, 2.878455505371094e+02, 2.883038024902344e+02, 2.889137268066406e+02, 2.892070007324219e+02, 2.893102416992188e+02, 2.890321960449219e+02, 2.887040710449219e+02, 2.884175109863281e+02, 2.881495971679688e+02, 2.883589477539062e+02, 2.8895703125e+02, 2.895183410644531e+02, 2.898602905273438e+02, 2.899889831542969e+02, 2.897733764648438e+02, 2.894838256835938e+02, 2.892140502929688e+02, 2.892082214355469e+02, 2.896057739257812e+02, 2.903955078125e+02, 2.908794860839844e+02, 2.911706848144531e+02, 2.912421264648438e+02, 2.90931884765625e+02, 2.907321166992188e+02, 2.905657653808594e+02, 2.907606506347656e+02]
recZon1.TSensor=[2.931499938964844e+02, 2.928706970214844e+02, 2.924557800292969e+02, 2.92093017578125e+02, 2.917507019042969e+02, 2.914616394042969e+02, 2.918855590820312e+02, 2.928941040039062e+02, 2.929254455566406e+02, 2.923981628417969e+02, 2.919002990722656e+02, 2.914913940429688e+02, 2.910778198242188e+02, 2.906547241210938e+02, 2.904869995117188e+02, 2.9099462890625e+02, 2.91546875e+02, 2.916337585449219e+02, 2.911948852539062e+02, 2.907597961425781e+02, 2.903277587890625e+02, 2.898424987792969e+02, 2.895139770507812e+02, 2.900562438964844e+02, 2.915171203613281e+02, 2.916232299804688e+02, 2.913790588378906e+02, 2.909772338867188e+02, 2.905778503417969e+02, 2.902283020019531e+02, 2.899104309082031e+02, 2.897606506347656e+02, 2.8989208984375e+02, 2.902339477539062e+02, 2.906180725097656e+02, 2.903877258300781e+02, 2.89919921875e+02, 2.894635009765625e+02, 2.89011962890625e+02, 2.886645812988281e+02, 2.888905029296875e+02, 2.899818115234375e+02, 2.907546997070312e+02, 2.904492797851562e+02, 2.898705749511719e+02, 2.894185791015625e+02, 2.889755859375e+02, 2.885344848632812e+02, 2.882809448242188e+02, 2.888252258300781e+02, 2.902060546875e+02, 2.90994140625e+02, 2.906596374511719e+02, 2.901508178710938e+02, 2.896821899414062e+02, 2.891387634277344e+02, 2.886184997558594e+02, 2.886871948242188e+02, 2.901207580566406e+02, 2.913775939941406e+02, 2.916727905273438e+02, 2.912358703613281e+02, 2.907886352539062e+02, 2.904504699707031e+02, 2.900969848632812e+02, 2.897628173828125e+02, 2.900796508789062e+02, 2.913582153320312e+02, 2.92295654296875e+02, 2.921213684082031e+02, 2.915214233398438e+02, 2.909070739746094e+02, 2.903513793945312e+02, 2.898255310058594e+02, 2.895996398925781e+02, 2.905231018066406e+02, 2.919841918945312e+02, 2.922625427246094e+02, 2.920518493652344e+02, 2.914913024902344e+02, 2.910040283203125e+02, 2.905657958984375e+02, 2.9009033203125e+02, 2.902026977539062e+02, 2.915620727539062e+02, 2.929308166503906e+02, 2.932592163085938e+02, 2.928506469726562e+02, 2.9241064453125e+02, 2.919572448730469e+02, 2.915439147949219e+02, 2.9126513671875e+02, 2.918548889160156e+02, 2.935692443847656e+02, 2.94583251953125e+02, 2.9453173828125e+02, 2.941617126464844e+02, 2.936681213378906e+02, 2.932982482910156e+02, 2.929789733886719e+02, 2.929391174316406e+02]
