last-generated=2022-04-10
statistics-simulation=
{
  "linear": " ",
  "nonlinear": " ",
  "number of continuous time states": "7",
  "numerical Jacobians": "0"
}
time=[0e+00, 7.2e+03]
cra.v=[0e+00, 0e+00, 0e+00, 0e+00, 0e+00, 0e+00, 0e+00, 0e+00, 0e+00, 0e+00, 0e+00, 0e+00, 0e+00, 0e+00, 0e+00, 0e+00, 0e+00, 0e+00, 0e+00, 0e+00, 0e+00, 0e+00, 0e+00, 0e+00, 0e+00, 0e+00, 4.164132475852966e-02, 8.330257236957563e-02, 1.249507367610933e-01, 1.666205376386642e-01, 2.083442956209183e-01, 2.498437017202377e-01, 2.916007339954376e-01, 3.332605957984924e-01, 3.749310672283173e-01, 4.165771007537842e-01, 4.582673013210297e-01, 4.998771846294403e-01, 5.415874719619751e-01, 5.831615328788757e-01, 6.251018643379211e-01, 6.664562225341797e-01, 7.07926869392395e-01, 7.500830888748169e-01, 7.91557788848877e-01, 8.332176208496094e-01, 8.748812675476074e-01, 9.165449142456055e-01, 9.582086205482483e-01, 9.998723864555359e-01, 1.041536211967468e+00, 1.083200335502625e+00, 1.124863982200623e+00, 1.166527509689331e+00, 1.208193063735962e+00, 1.249858140945435e+00, 1.291518330574036e+00, 1.333181619644165e+00, 1.374859213829041e+00, 1.416526079177856e+00, 1.458149790763855e+00, 1.499804615974426e+00, 1.541587233543396e+00, 1.583200812339783e+00, 1.624435544013977e+00, 1.66664719581604e+00, 1.708348274230957e+00, 1.750145554542542e+00, 1.791466474533081e+00, 1.833152651786804e+00, 1.874843955039978e+00, 1.916468381881714e+00, 1.958141684532166e+00, 1.999821424484253e+00, 2.041483640670776e+00, 2.083134412765503e+00, 2.083333253860474e+00, 2.083333253860474e+00, 2.083333253860474e+00, 2.083333253860474e+00, 2.083333253860474e+00, 2.083333253860474e+00, 2.083333253860474e+00, 2.083333253860474e+00, 2.083333253860474e+00, 2.083333253860474e+00, 2.083333253860474e+00, 2.083333253860474e+00, 2.083333253860474e+00, 2.083333253860474e+00, 2.083333253860474e+00, 2.083333253860474e+00, 2.083333253860474e+00, 2.083333253860474e+00, 2.083333253860474e+00, 2.083333253860474e+00, 2.083333253860474e+00, 2.083333253860474e+00, 2.083333253860474e+00, 2.083333253860474e+00, 2.083333253860474e+00]
cra.m_flow=[0e+00, 0e+00, 0e+00, 0e+00, 0e+00, 0e+00, 0e+00, 0e+00, 0e+00, 0e+00, 0e+00, 0e+00, 0e+00, 0e+00, 0e+00, 0e+00, 0e+00, 0e+00, 0e+00, 0e+00, 0e+00, 0e+00, 0e+00, 0e+00, 0e+00, 0e+00, 9.993917774409056e-05, 1.999261876335371e-04, 2.9988176538609e-04, 3.998893080279231e-04, 5.000263336114585e-04, 5.996248801238835e-04, 6.998417666181922e-04, 7.998254732228816e-04, 8.998345583677292e-04, 9.99785028398037e-04, 1.099841552786529e-03, 1.199705176986754e-03, 1.299810013733804e-03, 1.399587723426521e-03, 1.500244485214353e-03, 1.599494949914515e-03, 1.699024462141097e-03, 1.80019938852638e-03, 1.899738679639995e-03, 1.999722328037024e-03, 2.099715173244476e-03, 2.199707785621285e-03, 2.299700630828738e-03, 2.399693708866835e-03, 2.499687019735575e-03, 2.599680796265602e-03, 2.699673641473055e-03, 2.79966602101922e-03, 2.899663290008903e-03, 2.999659394845367e-03, 3.099643858149648e-03, 3.19963600486517e-03, 3.299662144854665e-03, 3.399662673473358e-03, 3.499559592455626e-03, 3.599531250074506e-03, 3.699809312820435e-03, 3.799682017415762e-03, 3.898645285516977e-03, 3.999953158199787e-03, 4.10003587603569e-03, 4.200349561870098e-03, 4.299519583582878e-03, 4.399566445499659e-03, 4.499625414609909e-03, 4.599524196237326e-03, 4.699540324509144e-03, 4.799571353942156e-03, 4.899560939520597e-03, 4.999523051083088e-03, 4.999999888241291e-03, 4.999999888241291e-03, 4.999999888241291e-03, 4.999999888241291e-03, 4.999999888241291e-03, 4.999999888241291e-03, 4.999999888241291e-03, 4.999999888241291e-03, 4.999999888241291e-03, 4.999999888241291e-03, 4.999999888241291e-03, 4.999999888241291e-03, 4.999999888241291e-03, 4.999999888241291e-03, 4.999999888241291e-03, 4.999999888241291e-03, 4.999999888241291e-03, 4.999999888241291e-03, 4.999999888241291e-03, 4.999999888241291e-03, 4.999999888241291e-03, 4.999999888241291e-03, 4.999999888241291e-03, 4.999999888241291e-03, 4.999999888241291e-03]
