last-generated=2025-07-07
statistics-initialization=
{
  "linear": "0, 0, 0, 0",
  "nonlinear": "7, 7, 2, 2, 1, 1",
  "numerical Jacobians": "0"
}
statistics-simulation=
{
  "linear": "0, 0, 0, 0, 0, 0, 0, 0, 0, 0, 0, 0, 0, 0, 0, 0, 0, 0, 0, 0, 0, 0, 0, 0, 0, 0, 0,   0, 0, 0, 0, 0, 0, 0",
  "nonlinear": "1, 1, 2, 1",
  "number of continuous time states": "97",
  "numerical Jacobians": "0"
}
time=[1e+07, 1.1e+07]
recZon.ppm=[4e+02, 4.616328125e+02, 4.171437683105469e+02, 4.047691345214844e+02, 4.013271484375e+02, 4.003697814941406e+02, 4.001034851074219e+02, 4.000294189453125e+02, 4.000088195800781e+02, 4.000030822753906e+02, 4.000014953613281e+02, 4.000010375976562e+02, 4.000009155273438e+02, 4.000008850097656e+02, 4.000008850097656e+02, 4.000008850097656e+02, 4.000008850097656e+02, 4.000008850097656e+02, 4.000008850097656e+02, 4.000008850097656e+02, 4.000008850097656e+02, 4.000008850097656e+02, 4.000008850097656e+02, 1.001963562011719e+03, 9.999999389648438e+02, 1e+03, 1e+03, 5.571189575195312e+02, 4.437029418945312e+02, 4.12156494140625e+02, 4.033819274902344e+02, 4.009413146972656e+02, 1.000012817382812e+03, 1e+03, 1e+03, 7.56361328125e+02, 4.991212463378906e+02, 4.275709533691406e+02, 4.0766943359375e+02, 4.021338500976562e+02, 1.0427197265625e+03, 9.999990844726562e+02, 1e+03, 1e+03, 6.248157958984375e+02, 4.6253271484375e+02, 4.173939208984375e+02, 4.048387145996094e+02, 4.013464965820312e+02, 1.000216796875e+03, 1e+03, 1e+03, 9.097229614257812e+02, 5.417783813476562e+02, 4.394360046386719e+02, 4.109696350097656e+02, 4.030518188476562e+02, 5.036297607421875e+02, 9.999813232421875e+02, 1e+03, 1e+03, 7.21923583984375e+02, 4.894675903320312e+02, 4.248858337402344e+02, 4.069225769042969e+02, 4.019261169433594e+02, 4.00536376953125e+02, 4.001498107910156e+02, 4.000422973632812e+02, 4.000123901367188e+02, 4.000040893554688e+02, 4.000017700195312e+02, 4.000011291503906e+02, 4.000009460449219e+02, 4.000008850097656e+02, 4.000008850097656e+02, 4.000008850097656e+02, 4.000008850097656e+02, 4.000008850097656e+02, 4.000008850097656e+02, 4.000008850097656e+02, 4.000008850097656e+02, 4.000008850097656e+02, 6.932125854492188e+02, 1.000001281738281e+03, 1e+03, 1e+03, 6.90385498046875e+02, 4.807708129882812e+02, 4.224658813476562e+02, 4.062494812011719e+02, 4.017388916015625e+02, 9.920803833007812e+02, 1.000000183105469e+03, 1e+03, 1e+03, 5.831956176757812e+02, 4.509559631347656e+02, 4.141739196777344e+02, 4.039430847167969e+02, 4.010973815917969e+02]
recZon1.ppm=[4e+02, 1.000842956542969e+03, 9.999999389648438e+02, 1e+03, 1e+03, 1e+03, 1e+03, 1e+03, 1e+03, 1e+03, 1e+03, 1e+03, 1e+03, 1e+03, 1e+03, 1e+03, 1e+03, 1e+03, 1e+03, 1e+03, 1e+03, 1e+03, 1e+03, 1.000043823242188e+03, 1e+03, 1e+03, 1e+03, 1e+03, 1e+03, 1e+03, 1e+03, 1e+03, 1.000004028320312e+03, 1e+03, 1e+03, 9.999813232421875e+02, 1e+03, 1e+03, 1e+03, 1e+03, 1.000187744140625e+03, 9.999998168945312e+02, 1e+03, 1e+03, 1.000000183105469e+03, 1e+03, 1e+03, 1e+03, 1e+03, 1.000044494628906e+03, 1e+03, 1e+03, 9.997088012695312e+02, 1e+03, 1e+03, 1e+03, 1e+03, 1e+03, 9.999978637695312e+02, 1e+03, 1e+03, 1.000002319335938e+03, 1e+03, 1e+03, 1e+03, 1e+03, 1e+03, 1e+03, 1e+03, 1e+03, 1e+03, 1e+03, 1e+03, 1e+03, 1e+03, 1e+03, 1e+03, 1e+03, 1e+03, 1e+03, 1e+03, 1e+03, 1e+03, 1e+03, 9.9999951171875e+02, 1e+03, 1e+03, 1.000003356933594e+03, 1e+03, 1e+03, 1e+03, 1e+03, 9.99816162109375e+02, 1.000000061035156e+03, 1e+03, 1e+03, 9.999999389648438e+02, 1e+03, 1e+03, 1e+03, 1e+03]
conPID1.y=[1.000000014901161e-01, 2.470838278532028e-01, 2.486737966537476e-01, 2.486740350723267e-01, 2.486740350723267e-01, 2.486740350723267e-01, 2.486740350723267e-01, 2.486740350723267e-01, 2.486740350723267e-01, 2.486740350723267e-01, 2.486740350723267e-01, 2.486740350723267e-01, 2.486740350723267e-01, 2.486740350723267e-01, 2.486740350723267e-01, 2.486740350723267e-01, 2.486740350723267e-01, 2.486740350723267e-01, 2.486740350723267e-01, 2.486740350723267e-01, 2.486740350723267e-01, 2.486740350723267e-01, 2.486740350723267e-01, 2.515703737735748e-01, 2.52099484205246e-01, 2.52099484205246e-01, 2.52099484205246e-01, 2.486738860607147e-01, 2.486740350723267e-01, 2.486740350723267e-01, 2.486740350723267e-01, 2.486740350723267e-01, 2.521307468414307e-01, 2.52099484205246e-01, 2.52099484205246e-01, 2.486339807510376e-01, 2.486740350723267e-01, 2.486740350723267e-01, 2.486740350723267e-01, 2.486740350723267e-01, 2.501682341098785e-01, 2.520997822284698e-01, 2.52099484205246e-01, 2.52099484205246e-01, 2.486714422702789e-01, 2.486740350723267e-01, 2.486740350723267e-01, 2.486740350723267e-01, 2.486740350723267e-01, 2.524402737617493e-01, 2.520994544029236e-01, 2.52099484205246e-01, 2.483083456754684e-01, 2.486741244792938e-01, 2.486740350723267e-01, 2.486740350723267e-01, 2.486740350723267e-01, 2.486740350723267e-01, 2.521043121814728e-01, 2.52099484205246e-01, 2.52099484205246e-01, 2.486272156238556e-01, 2.486740350723267e-01, 2.486740350723267e-01, 2.486740350723267e-01, 2.486740350723267e-01, 2.486740350723267e-01, 2.486740350723267e-01, 2.486740350723267e-01, 2.486740350723267e-01, 2.486740350723267e-01, 2.486740350723267e-01, 2.486740350723267e-01, 2.486740350723267e-01, 2.486740350723267e-01, 2.486740350723267e-01, 2.486740350723267e-01, 2.486740350723267e-01, 2.486740350723267e-01, 2.486740350723267e-01, 2.486740350723267e-01, 2.486740350723267e-01, 2.486740350723267e-01, 2.486740350723267e-01, 2.520906925201416e-01, 2.52099484205246e-01, 2.52099484205246e-01, 2.486931979656219e-01, 2.486740350723267e-01, 2.486740350723267e-01, 2.486740350723267e-01, 2.486740350723267e-01, 2.52632200717926e-01, 2.520995736122131e-01, 2.52099484205246e-01, 2.52099484205246e-01, 2.486742436885834e-01, 2.486740350723267e-01, 2.486740350723267e-01, 2.486740350723267e-01, 2.486740350723267e-01]
conPID.y=[1.000000014901161e-01, 1.000000014901161e-01, 1.000000014901161e-01, 1.000000014901161e-01, 1.000000014901161e-01, 1.000000014901161e-01, 1.000000014901161e-01, 1.000000014901161e-01, 1.000000014901161e-01, 1.000000014901161e-01, 1.000000014901161e-01, 1.000000014901161e-01, 1.000000014901161e-01, 1.000000014901161e-01, 1.000000014901161e-01, 1.000000014901161e-01, 1.000000014901161e-01, 1.000000014901161e-01, 1.000000014901161e-01, 1.000000014901161e-01, 1.000000014901161e-01, 1.000000014901161e-01, 1.000000014901161e-01, 6.100329756736755e-01, 6.121591925621033e-01, 6.121591925621033e-01, 6.121591925621033e-01, 1.000000014901161e-01, 1.000000014901161e-01, 1.000000014901161e-01, 1.000000014901161e-01, 1.000000014901161e-01, 6.124407649040222e-01, 6.121591925621033e-01, 6.121591925621033e-01, 1.000000014901161e-01, 1.000000014901161e-01, 1.000000014901161e-01, 1.000000014901161e-01, 1.000000014901161e-01, 5.855856537818909e-01, 6.121582984924316e-01, 6.121591925621033e-01, 6.121591925621033e-01, 1.000000014901161e-01, 1.000000014901161e-01, 1.000000014901161e-01, 1.000000014901161e-01, 1.000000014901161e-01, 6.179598569869995e-01, 6.121590733528137e-01, 6.121591925621033e-01, 1.000000014901161e-01, 1.000000014901161e-01, 1.000000014901161e-01, 1.000000014901161e-01, 1.000000014901161e-01, 1.000000014901161e-01, 6.12133264541626e-01, 6.121591925621033e-01, 6.121591925621033e-01, 1.000000014901161e-01, 1.000000014901161e-01, 1.000000014901161e-01, 1.000000014901161e-01, 1.000000014901161e-01, 1.000000014901161e-01, 1.000000014901161e-01, 1.000000014901161e-01, 1.000000014901161e-01, 1.000000014901161e-01, 1.000000014901161e-01, 1.000000014901161e-01, 1.000000014901161e-01, 1.000000014901161e-01, 1.000000014901161e-01, 1.000000014901161e-01, 1.000000014901161e-01, 1.000000014901161e-01, 1.000000014901161e-01, 1.000000014901161e-01, 1.000000014901161e-01, 1.000000014901161e-01, 1.000000014901161e-01, 6.121127009391785e-01, 6.121591925621033e-01, 6.121591925621033e-01, 1.000000014901161e-01, 1.000000014901161e-01, 1.000000014901161e-01, 1.000000014901161e-01, 1.000000014901161e-01, 5.961601734161377e-01, 6.12159788608551e-01, 6.121591925621033e-01, 6.121591925621033e-01, 1.000000014901161e-01, 1.000000014901161e-01, 1.000000014901161e-01, 1.000000014901161e-01, 1.000000014901161e-01]
