last-generated=2024-10-25
statistics-initialization=
{
  "nonlinear": "17, 10, 8, 11, 10, 8, 11",
  "numerical Jacobians": "0"
}
statistics-simulation=
{
  "linear": "0, 0, 0, 0, 0, 0, 0, 0, 0, 0, 0, 0, 0, 0, 0, 0, 0, 0, 0, 0, 0, 0, 0, 0, 0, 0, 0,   0, 0, 0, 0, 0, 0, 0, 0, 0, 0, 0, 0, 0, 0, 0, 0, 0, 0, 0, 0, 0, 0, 0, 0, 0, 0,   0, 0, 0, 0, 0, 0, 0, 0, 0, 0, 0, 0, 0, 0, 0, 0, 0, 0, 0, 0, 0, 0, 0, 0, 0, 0,   0, 0, 0, 0, 0, 0, 0, 0, 0, 0, 0, 0, 0, 0, 0, 0, 0, 0, 0, 0, 0, 0, 0, 0, 0, 0,   0, 0, 0, 0, 0, 0, 0, 0, 0, 0, 0, 0, 0, 0, 0, 0, 0, 0, 0, 0, 0, 0, 0, 0, 0, 0,   0, 0, 0, 0, 0, 0, 0, 0, 0, 0",
  "nonlinear": "7, 1, 3, 6, 1, 1, 1, 1, 1, 1, 1",
  "number of continuous time states": "405",
  "numerical Jacobians": "0"
}
time=[1.5e+07, 2.35872e+07]
comparison_W40[1]=[3.948019072413445e-02, 3.948019072413445e-02, 3.948019072413445e-02, 3.948019072413445e-02, 3.948019072413445e-02, 3.948019072413445e-02, 3.948019072413445e-02, 3.948019072413445e-02, 3.948019072413445e-02, 3.948019072413445e-02, 3.948019072413445e-02, 3.948019072413445e-02, 3.948019072413445e-02, 3.948019072413445e-02, 3.948019072413445e-02, 3.948019072413445e-02, 3.948019072413445e-02, 3.948019072413445e-02, 3.948019072413445e-02, 3.948019072413445e-02, 3.948019072413445e-02, 3.948019072413445e-02, 3.948019072413445e-02, 3.948019072413445e-02, 3.948019072413445e-02, 3.948019072413445e-02, 3.948019072413445e-02, 3.948019072413445e-02, 3.948019072413445e-02, 3.948019072413445e-02, 3.948019072413445e-02, 3.948019072413445e-02, 3.948019072413445e-02, 3.948019072413445e-02, 3.948019072413445e-02, 3.948019072413445e-02, 3.948019072413445e-02, 3.948019072413445e-02, 3.948019072413445e-02, 3.948019072413445e-02, 3.948019072413445e-02, 3.948019072413445e-02, 3.948019072413445e-02, 3.948019072413445e-02, 3.948019072413445e-02, 3.948019072413445e-02, 3.948019072413445e-02, 3.948019072413445e-02, 3.948019072413445e-02, 3.948019072413445e-02, 3.948019072413445e-02, 3.948019072413445e-02, 3.948019072413445e-02, 3.948019072413445e-02, 3.948019072413445e-02, 3.948019072413445e-02, 3.948019072413445e-02, 3.948019072413445e-02, 3.948019072413445e-02, 3.844196413954099e-02, 4.023750573396682e-02, 4.038259769479434e-02, 4.059998855971899e-02, 4.162868822459131e-02, 4.021721298495928e-02, 4.032296240329743e-02, 4.269881635904312e-02, 4.109587873021762e-02, 4.031281590461731e-02, 4.159373685717583e-02, 4.246155172586441e-02, 4.214934905370076e-02, 4.277488231658935e-02, 4.010854298869769e-02, 4.016620680689811e-02, 4.024252668023109e-02, 4.083195835351944e-02, 4.01843083401521e-02, 4.942907631397248e-02, 4.215736120939255e-02, 4.158170322577159e-02, 4.394714787602425e-02, 4.558321530620257e-02, 4.227639963229497e-02, 4.069644182920456e-02, 4.494441126783689e-02, 4.407061874866486e-02, 4.038368970155716e-02, 4.189043665925662e-02, 4.169195512930552e-02, 4.274077862501145e-02, 4.053759063283602e-02, 4.091357762614886e-02, 4.038951173424721e-02, 4.122792209188143e-02, 4.351497516036033e-02, 4.099331155419349e-02, 3.750505050023397e-02, 3.702927112579345e-02, 3.887694031000137e-02, 3.912869840860367e-02]
comparison_W40[2]=[3.940000012516975e-02, 3.940000012516975e-02, 3.940000012516975e-02, 3.940000012516975e-02, 3.940000012516975e-02, 3.940000012516975e-02, 3.940000012516975e-02, 3.940000012516975e-02, 3.940000012516975e-02, 3.940000012516975e-02, 3.940000012516975e-02, 3.940000012516975e-02, 3.940000012516975e-02, 3.940000012516975e-02, 3.940000012516975e-02, 3.940000012516975e-02, 3.940000012516975e-02, 3.940000012516975e-02, 3.940000012516975e-02, 3.940000012516975e-02, 3.940000012516975e-02, 3.940000012516975e-02, 3.940000012516975e-02, 3.940000012516975e-02, 3.940000012516975e-02, 3.940000012516975e-02, 3.940000012516975e-02, 3.940000012516975e-02, 3.940000012516975e-02, 3.940000012516975e-02, 3.940000012516975e-02, 3.940000012516975e-02, 3.940000012516975e-02, 3.940000012516975e-02, 3.940000012516975e-02, 3.940000012516975e-02, 3.940000012516975e-02, 3.940000012516975e-02, 3.940000012516975e-02, 3.940000012516975e-02, 3.940000012516975e-02, 3.940000012516975e-02, 3.940000012516975e-02, 3.940000012516975e-02, 3.940000012516975e-02, 3.940000012516975e-02, 3.940000012516975e-02, 3.940000012516975e-02, 3.940000012516975e-02, 3.940000012516975e-02, 3.940000012516975e-02, 3.940000012516975e-02, 3.940000012516975e-02, 3.940000012516975e-02, 3.940000012516975e-02, 3.940000012516975e-02, 3.940000012516975e-02, 3.940000012516975e-02, 3.940000012516975e-02, 3.80713339149952e-02, 4.034999907016754e-02, 4.035733183224996e-02, 4.056352431901165e-02, 4.199999943375587e-02, 4.010066712896029e-02, 4.035166800022125e-02, 4.300499945878983e-02, 4.143899967273076e-02, 4.048933327198029e-02, 4.167299926280976e-02, 4.223749910791715e-02, 4.226533353328705e-02, 4.296625107526779e-02, 4.022633383671443e-02, 4.025866642594338e-02, 4.026874899864197e-02, 4.084541762868563e-02, 4.033066521088282e-02, 4.971025079488754e-02, 4.225133230288824e-02, 4.169166833162308e-02, 4.436224937438965e-02, 4.589433362086614e-02, 4.25399157901605e-02, 4.082275107502938e-02, 4.521041537324588e-02, 4.465033461650213e-02, 4.059200167655945e-02, 4.191933418313662e-02, 4.187866777181625e-02, 4.305624961853027e-02, 4.064683293302854e-02, 4.104300156235695e-02, 4.050000011920929e-02, 4.14000004529953e-02, 4.38000001013279e-02, 4.111274868249893e-02, 3.731424982349078e-02, 3.662733306487401e-02, 3.867599964141846e-02, 3.909999877214432e-02]
comparison_W1[1]=[1.287064969801577e-05, 1.287064969801577e-05, 1.287064969801577e-05, 1.287064969801577e-05, 1.287064969801577e-05, 1.287064969801577e-05, 1.287064969801577e-05, 1.287064969801577e-05, 1.287064969801577e-05, 1.287064969801577e-05, 1.287064969801577e-05, 1.287064969801577e-05, 1.287064969801577e-05, 1.287064969801577e-05, 1.287064969801577e-05, 1.287064969801577e-05, 1.287064969801577e-05, 1.287064969801577e-05, 1.287064969801577e-05, 1.287064969801577e-05, 1.287064969801577e-05, 1.287064969801577e-05, 1.287064969801577e-05, 1.287064969801577e-05, 1.287064969801577e-05, 1.287064969801577e-05, 1.287064969801577e-05, 1.287064969801577e-05, 1.287064969801577e-05, 1.287064969801577e-05, 1.287064969801577e-05, 1.287064969801577e-05, 1.287064969801577e-05, 1.287064969801577e-05, 1.287064969801577e-05, 1.287064969801577e-05, 1.287064969801577e-05, 1.287064969801577e-05, 1.287064969801577e-05, 1.287064969801577e-05, 1.287064969801577e-05, 1.287064969801577e-05, 1.287064969801577e-05, 1.287064969801577e-05, 1.287064969801577e-05, 1.287064969801577e-05, 1.287064969801577e-05, 1.287064969801577e-05, 1.287064969801577e-05, 1.287064969801577e-05, 1.287064969801577e-05, 1.287064969801577e-05, 1.287064969801577e-05, 1.287064969801577e-05, 1.287064969801577e-05, 1.287064969801577e-05, 1.287064969801577e-05, 1.287064969801577e-05, 1.287064969801577e-05, -9.681169884667422e-05, 1.197359033540124e-05, 3.279495280973303e-05, 4.810199899394752e-05, 1.649839023230015e-04, 1.784755077096634e-05, 2.879515110786694e-05, 2.615858428180218e-04, 1.109283146797679e-04, 2.424080174629732e-05, 1.488610589876771e-04, 2.47736102513348e-04, 2.409645612351596e-04, 3.113093238789588e-04, 1.851167908171192e-05, 7.858352364564781e-06, 1.391250498272711e-05, 6.565522179395581e-05, 1.13859500925173e-05, 9.134878311306238e-04, 2.397914382163435e-04, 1.680248436362793e-04, 4.136126860976219e-04, 5.861431841428081e-04, 2.487717219628393e-04, 6.11950780148618e-05, 4.909189301542938e-04, 4.243004291007916e-04, 1.023105977219529e-04, 2.717292634770276e-05, 1.894951784440006e-04, 2.979881945066154e-04, 4.643763471297764e-05, 8.0694027710706e-05, 3.29409861296881e-05, 1.169196446426213e-04, 3.628444237013658e-04, -2.99068065942265e-05, 7.29090569075197e-05, 6.285055521099516e-06, 7.231072173453867e-05, 5.7082979765255e-05]
comparison_W1[2]=[1.196250013890676e-05, 1.150000025518239e-05, 1.169999995909166e-05, 1.169999995909166e-05, 1.169999995909166e-05, 1.169999995909166e-05, 1.169999995909166e-05, 1.169999995909166e-05, 1.169999995909166e-05, 1.169999995909166e-05, 1.169999995909166e-05, 1.169999995909166e-05, 1.169999995909166e-05, 1.169999995909166e-05, 1.169999995909166e-05, 1.169999995909166e-05, 1.169999995909166e-05, 1.169999995909166e-05, 1.169999995909166e-05, 1.169999995909166e-05, 1.169999995909166e-05, 1.169999995909166e-05, 1.169999995909166e-05, 1.169999995909166e-05, 1.169999995909166e-05, 1.169999995909166e-05, 1.169999995909166e-05, 1.169999995909166e-05, 1.169999995909166e-05, 1.169999995909166e-05, 1.169999995909166e-05, 1.169999995909166e-05, 1.169999995909166e-05, 1.169999995909166e-05, 1.169999995909166e-05, 1.169999995909166e-05, 1.169999995909166e-05, 1.169999995909166e-05, 1.169999995909166e-05, 1.169999995909166e-05, 1.169999995909166e-05, 1.169999995909166e-05, 1.169999995909166e-05, 1.169999995909166e-05, 1.169999995909166e-05, 1.169999995909166e-05, 1.169999995909166e-05, 1.169999995909166e-05, 1.169999995909166e-05, 1.169999995909166e-05, 1.169999995909166e-05, 1.169999995909166e-05, 1.169999995909166e-05, 1.169999995909166e-05, 1.169999995909166e-05, 1.169999995909166e-05, 1.169999995909166e-05, 1.169999995909166e-05, 1.169999995909166e-05, -1.085229181141282e-04, 1.932800005306489e-05, 2.912875017500482e-05, 3.56966736974561e-05, 2.039025484918966e-04, 2.221484223506801e-05, 2.468333271584318e-05, 2.86230007186532e-04, 1.392027516461288e-04, 3.136266522536365e-05, 1.539225020678714e-04, 2.239500017215808e-04, 2.384533317914854e-04, 3.185674897395074e-04, 2.041233286339169e-05, 6.786333451600513e-06, 1.006500042421976e-05, 6.280224983735631e-05, 2.134783260165326e-05, 8.528150012716651e-04, 2.38383342900003e-04, 1.805749964357043e-04, 4.511000064667314e-04, 6.111433256107072e-04, 2.672399914202591e-04, 6.754100060788914e-05, 5.200083212306102e-04, 4.803975143780311e-04, 1.177775033283979e-04, -1.121783211904889e-05, 1.93736666891103e-04, 3.250749898143113e-04, 5.173763449420221e-05, 9.257366424814487e-05, 3.506399909383617e-05, 1.295866596046835e-04, 3.938333344801019e-04, 2.435597541989409e-05, -1.916666573379189e-05, 2.882366616783353e-05, 8.155799907399341e-05, 5.160000000614673e-05]
comparison_W7[1]=[1.714435056783259e-04, 1.714435056783259e-04, 1.714435056783259e-04, 1.714435056783259e-04, 1.714435056783259e-04, 1.714435056783259e-04, 1.714435056783259e-04, 1.714435056783259e-04, 1.714435056783259e-04, 1.714435056783259e-04, 1.714435056783259e-04, 1.714435056783259e-04, 1.714435056783259e-04, 1.714435056783259e-04, 1.714435056783259e-04, 1.714435056783259e-04, 1.714435056783259e-04, 1.714435056783259e-04, 1.714435056783259e-04, 1.714435056783259e-04, 1.714435056783259e-04, 1.714435056783259e-04, 1.714435056783259e-04, 1.714435056783259e-04, 1.714435056783259e-04, 1.714435056783259e-04, 1.714435056783259e-04, 1.714435056783259e-04, 1.714435056783259e-04, 1.714435056783259e-04, 1.714435056783259e-04, 1.714435056783259e-04, 1.714435056783259e-04, 1.714435056783259e-04, 1.714435056783259e-04, 1.714435056783259e-04, 1.714435056783259e-04, 1.714435056783259e-04, 1.714435056783259e-04, 1.714435056783259e-04, 1.714435056783259e-04, 1.714435056783259e-04, 1.714435056783259e-04, 1.714435056783259e-04, 1.714435056783259e-04, 1.714435056783259e-04, 1.714435056783259e-04, 1.714435056783259e-04, 1.714435056783259e-04, 1.714435056783259e-04, 1.714435056783259e-04, 1.714435056783259e-04, 1.714435056783259e-04, 1.714435056783259e-04, 1.714435056783259e-04, 1.714435056783259e-04, 1.714435056783259e-04, 1.714435056783259e-04, 1.714435056783259e-04, 4.210193866553406e-04, 4.100913283764385e-05, -8.76044651280002e-05, 1.428272955875355e-04, 6.30577474112215e-05, -3.435887813490505e-05, -3.323925571748987e-04, 7.946738344617188e-04, -6.858481288266678e-05, -1.227398957901945e-04, 3.552938427310437e-04, 3.423097252380103e-04, -5.215683963615447e-04, -5.54416230879724e-04, -2.180202627399315e-04, -2.598156832391396e-05, 4.07098705181852e-05, 2.597895869985223e-04, -2.150101501805087e-04, 2.528411690145731e-03, -4.442773072514683e-04, -3.012303184126116e-04, 4.3334036890883e-04, 8.032316574826837e-04, -3.17678414673234e-04, 8.213044086005539e-05, 1.430876413360238e-03, 4.373366797032455e-04, -1.383291888050735e-03, 6.436818015451232e-04, -4.870861667829255e-04, -3.258333855228557e-04, 6.918829050846397e-05, 2.014965109992772e-04, 3.150840275338851e-05, 2.798767166677862e-04, 5.087852400417129e-04, 3.192497417330742e-04, 6.624666958426436e-04, 8.08074214340498e-04, 2.729009906761348e-04, 2.153557434212416e-04]
comparison_W7[2]=[1.820000034058467e-04, 1.809999957913533e-04, 1.809999957913533e-04, 1.809999957913533e-04, 1.809999957913533e-04, 1.809999957913533e-04, 1.809999957913533e-04, 1.809999957913533e-04, 1.809999957913533e-04, 1.809999957913533e-04, 1.809999957913533e-04, 1.809999957913533e-04, 1.809999957913533e-04, 1.809999957913533e-04, 1.809999957913533e-04, 1.809999957913533e-04, 1.809999957913533e-04, 1.809999957913533e-04, 1.809999957913533e-04, 1.809999957913533e-04, 1.809999957913533e-04, 1.809999957913533e-04, 1.809999957913533e-04, 1.809999957913533e-04, 1.809999957913533e-04, 1.809999957913533e-04, 1.809999957913533e-04, 1.809999957913533e-04, 1.809999957913533e-04, 1.809999957913533e-04, 1.809999957913533e-04, 1.809999957913533e-04, 1.809999957913533e-04, 1.809999957913533e-04, 1.809999957913533e-04, 1.809999957913533e-04, 1.809999957913533e-04, 1.809999957913533e-04, 1.809999957913533e-04, 1.809999957913533e-04, 1.809999957913533e-04, 1.809999957913533e-04, 1.809999957913533e-04, 1.809999957913533e-04, 1.809999957913533e-04, 1.809999957913533e-04, 1.809999957913533e-04, 1.809999957913533e-04, 1.809999957913533e-04, 1.809999957913533e-04, 1.809999957913533e-04, 1.809999957913533e-04, 1.809999957913533e-04, 1.809999957913533e-04, 1.809999957913533e-04, 1.809999957913533e-04, 1.809999957913533e-04, 1.809999957913533e-04, 1.809999957913533e-04, 5.212033408073087e-04, -7.021499768598006e-05, -1.747005698659147e-04, 9.921457436933854e-05, 1.16061929929856e-04, -3.891858418986278e-05, -3.257499930138389e-04, 8.128800103440881e-04, -1.17668167319304e-04, -2.194999988811711e-05, 3.799400001298636e-04, 4.232333216350525e-04, -4.584599986750012e-04, -3.831724950578064e-04, -2.139341629420718e-04, -2.951599953424496e-05, -1.404999966325704e-05, 2.341974945738912e-04, -2.386753429891542e-04, 3.030699947848916e-03, -2.993641848055025e-04, -2.989300041614721e-04, 5.670497613027691e-04, 9.592591521019737e-04, -2.941616574147095e-04, 1.147502720914417e-04, 1.418666681274772e-03, 5.80011997759963e-04, -1.473674979060888e-03, 6.32725009539475e-04, -4.029725003056228e-04, -3.206587512977422e-04, 4.368616733700036e-05, 2.1317916107364e-04, 3.633040018030442e-05, 3.070575041541209e-04, 5.859333323314786e-04, 3.667599952314049e-04, 7.264066503072778e-04, 8.804183329145114e-04, 3.050799923948943e-04, 2.300000051036477e-04]
comparison_W10[1]=[5.336372851161286e-05, 5.336372851161286e-05, 5.336372851161286e-05, 5.336372851161286e-05, 5.336372851161286e-05, 5.336372851161286e-05, 5.336372851161286e-05, 5.336372851161286e-05, 5.336372851161286e-05, 5.336372851161286e-05, 5.336372851161286e-05, 5.336372851161286e-05, 5.336372851161286e-05, 5.336372851161286e-05, 5.336372851161286e-05, 5.336372851161286e-05, 5.336372851161286e-05, 5.336372851161286e-05, 5.336372851161286e-05, 5.336372851161286e-05, 5.336372851161286e-05, 5.336372851161286e-05, 5.336372851161286e-05, 5.336372851161286e-05, 5.336372851161286e-05, 5.336372851161286e-05, 5.336372851161286e-05, 5.336372851161286e-05, 5.336372851161286e-05, 5.336372851161286e-05, 5.336372851161286e-05, 5.336372851161286e-05, 5.336372851161286e-05, 5.336372851161286e-05, 5.336372851161286e-05, 5.336372851161286e-05, 5.336372851161286e-05, 5.336372851161286e-05, 5.336372851161286e-05, 5.336372851161286e-05, 5.336372851161286e-05, 5.336372851161286e-05, 5.336372851161286e-05, 5.336372851161286e-05, 5.336372851161286e-05, 5.336372851161286e-05, 5.336372851161286e-05, 5.336372851161286e-05, 5.336372851161286e-05, 5.336372851161286e-05, 5.336372851161286e-05, 5.336372851161286e-05, 5.336372851161286e-05, 5.336372851161286e-05, 5.336372851161286e-05, 5.336372851161286e-05, 5.336372851161286e-05, 5.336372851161286e-05, 5.336372851161286e-05, 2.196023252326995e-04, -6.506564313895069e-05, -2.855943166650832e-05, -2.335209831725195e-04, -5.195606354391202e-04, -1.089324844845881e-05, 1.616874020934726e-04, -1.304575502872467e-03, -2.691760403104127e-04, 1.774840115103871e-05, -6.78836484439671e-04, -9.423086846557756e-04, -3.026381730645274e-04, -4.80777423363179e-04, 1.372225270218526e-04, -4.738745031621269e-06, -6.686894630547613e-05, -3.797100864661237e-04, 1.161444484023377e-04, -4.458333142101764e-03, -3.547929301081846e-04, -2.589953364804387e-04, -1.47259552963078e-03, -2.221789192408323e-03, -4.79077467850099e-04, -2.288548089563847e-04, -2.393595051641266e-03, -1.51076165959239e-03, 7.780058076605201e-04, -8.763164328411221e-04, -1.807832904160023e-04, -6.138807511888444e-04, -1.790508033203272e-04, -3.67714618332684e-04, -1.131624408299103e-04, -5.251323586950699e-04, -1.383532622518639e-03, -4.163242119830102e-04, 2.113934315275401e-04, 2.878239859516422e-04, 1.138883014209569e-04, 8.916879596654326e-05]
comparison_W10[2]=[4.925000030198134e-05, 5.00999994983431e-05, 5.020000025979243e-05, 5.020000025979243e-05, 5.020000025979243e-05, 5.020000025979243e-05, 5.020000025979243e-05, 5.020000025979243e-05, 5.020000025979243e-05, 5.020000025979243e-05, 5.020000025979243e-05, 5.020000025979243e-05, 5.020000025979243e-05, 5.020000025979243e-05, 5.020000025979243e-05, 5.020000025979243e-05, 5.020000025979243e-05, 5.020000025979243e-05, 5.020000025979243e-05, 5.020000025979243e-05, 5.020000025979243e-05, 5.020000025979243e-05, 5.020000025979243e-05, 5.020000025979243e-05, 5.020000025979243e-05, 5.020000025979243e-05, 5.020000025979243e-05, 5.020000025979243e-05, 5.020000025979243e-05, 5.020000025979243e-05, 5.020000025979243e-05, 5.020000025979243e-05, 5.020000025979243e-05, 5.020000025979243e-05, 5.020000025979243e-05, 5.020000025979243e-05, 5.020000025979243e-05, 5.020000025979243e-05, 5.020000025979243e-05, 5.020000025979243e-05, 5.020000025979243e-05, 5.020000025979243e-05, 5.020000025979243e-05, 5.020000025979243e-05, 5.020000025979243e-05, 5.020000025979243e-05, 5.020000025979243e-05, 5.020000025979243e-05, 5.020000025979243e-05, 5.020000025979243e-05, 5.020000025979243e-05, 5.020000025979243e-05, 5.020000025979243e-05, 5.020000025979243e-05, 5.020000025979243e-05, 5.020000025979243e-05, 5.020000025979243e-05, 5.020000025979243e-05, 5.020000025979243e-05, 2.175649965647608e-04, -4.099999569007195e-06, 5.799999969894998e-05, -1.776881327997649e-04, -6.52806931611849e-04, 2.486266603227705e-05, 1.683333384183546e-04, -1.407475019805133e-03, -2.9298000348111e-04, -6.925066777815421e-05, -7.117075053974986e-04, -9.287000090504686e-04, -3.097113355761394e-04, -5.855424958281219e-04, 1.275733313135182e-04, -1.300933448267945e-06, -2.225000025646295e-05, -3.629933235545953e-04, 1.251826617711534e-04, -4.908300023525953e-03, -4.405399858175466e-04, -2.752166765276343e-04, -1.659109946340322e-03, -2.367899989088376e-03, -5.105133214965463e-04, -2.67439991584979e-04, -2.514666753510634e-03, -1.75044166855514e-03, 8.856575097888708e-04, -8.850258247305949e-04, -2.283125083583096e-04, -6.507000070996583e-04, -1.743989103609541e-04, -4.208400038381417e-04, -1.24279999290593e-04, -5.851474800147116e-04, -1.513833312007288e-03, -4.964625253342092e-04, 2.180541659860561e-04, 2.415241650305688e-04, 1.191800006199628e-04, 7.639999967068434e-05]
comparison_W37[1]=[1.252416495844955e-06, 1.252416495844955e-06, 1.252416495844955e-06, 1.252416495844955e-06, 1.252416495844955e-06, 1.252416495844955e-06, 1.252416495844955e-06, 1.252416495844955e-06, 1.252416495844955e-06, 1.252416495844955e-06, 1.252416495844955e-06, 1.252416495844955e-06, 1.252416495844955e-06, 1.252416495844955e-06, 1.252416495844955e-06, 1.252416495844955e-06, 1.252416495844955e-06, 1.252416495844955e-06, 1.252416495844955e-06, 1.252416495844955e-06, 1.252416495844955e-06, 1.252416495844955e-06, 1.252416495844955e-06, 1.252416495844955e-06, 1.252416495844955e-06, 1.252416495844955e-06, 1.252416495844955e-06, 1.252416495844955e-06, 1.252416495844955e-06, 1.252416495844955e-06, 1.252416495844955e-06, 1.252416495844955e-06, 1.252416495844955e-06, 1.252416495844955e-06, 1.252416495844955e-06, 1.252416495844955e-06, 1.252416495844955e-06, 1.252416495844955e-06, 1.252416495844955e-06, 1.252416495844955e-06, 1.252416495844955e-06, 1.252416495844955e-06, 1.252416495844955e-06, 1.252416495844955e-06, 1.252416495844955e-06, 1.252416495844955e-06, 1.252416495844955e-06, 1.252416495844955e-06, 1.252416495844955e-06, 1.252416495844955e-06, 1.252416495844955e-06, 1.252416495844955e-06, 1.252416495844955e-06, 1.252416495844955e-06, 1.252416495844955e-06, 1.252416495844955e-06, 1.252416495844955e-06, 1.252416495844955e-06, 1.252416495844955e-06, -9.019270529582476e-05, 5.10580111949821e-06, 2.677762022358365e-05, 2.27969852798584e-05, 1.068952540208556e-04, 1.372509724509049e-05, 4.104438873279529e-05, 1.398562506074086e-04, 7.824875705409795e-05, 2.256817819822269e-05, 8.204029261833057e-05, 1.483331046377619e-04, 1.87697330256924e-04, 2.368931449018419e-04, 2.691331397121151e-05, 6.914098945950779e-06, 6.324930382106686e-06, 2.919366966428545e-05, 2.203486612415872e-05, 4.924731818027794e-04, 1.836375729180873e-04, 1.283734207390808e-04, 2.549405256286263e-04, 3.489213871459166e-04, 1.826152116215477e-04, 3.54800587228965e-05, 2.657044620718807e-04, 2.602286842496445e-04, 1.634808443486691e-04, -1.137836991498868e-05, 1.523650926537812e-04, 2.155724359909073e-04, 2.600503275364948e-05, 4.252387593927172e-05, 1.87831959920004e-05, 6.514319917187095e-05, 2.1572849752071e-04, -4.125144507270306e-05, 1.236197706020903e-05, -4.028322349768132e-05, 3.286161998403259e-05, 2.562439658504445e-05]
comparison_W37[2]=[2.08749995067592e-07, -1.727200005916529e-06, -2.459999905113364e-06, -2.459999905113364e-06, -2.459999905113364e-06, -2.459999905113364e-06, -2.459999905113364e-06, -2.459999905113364e-06, -2.459999905113364e-06, -2.459999905113364e-06, -2.459999905113364e-06, -2.459999905113364e-06, -2.459999905113364e-06, -2.459999905113364e-06, -2.459999905113364e-06, -2.459999905113364e-06, -2.459999905113364e-06, -2.459999905113364e-06, -2.459999905113364e-06, -2.459999905113364e-06, -2.459999905113364e-06, -2.459999905113364e-06, -2.459999905113364e-06, -2.459999905113364e-06, -2.459999905113364e-06, -2.459999905113364e-06, -2.459999905113364e-06, -2.459999905113364e-06, -2.459999905113364e-06, -2.459999905113364e-06, -2.459999905113364e-06, -2.459999905113364e-06, -2.459999905113364e-06, -2.459999905113364e-06, -2.459999905113364e-06, -2.459999905113364e-06, -2.459999905113364e-06, -2.459999905113364e-06, -2.459999905113364e-06, -2.459999905113364e-06, -2.459999905113364e-06, -2.459999905113364e-06, -2.459999905113364e-06, -2.459999905113364e-06, -2.459999905113364e-06, -2.459999905113364e-06, -2.459999905113364e-06, -2.459999905113364e-06, -2.459999905113364e-06, -2.459999905113364e-06, -2.459999905113364e-06, -2.459999905113364e-06, -2.459999905113364e-06, -2.459999905113364e-06, -2.459999905113364e-06, -2.459999905113364e-06, -2.459999905113364e-06, -2.459999905113364e-06, -2.459999905113364e-06, -1.047252504698311e-04, 1.608900047358474e-05, 3.250124946741076e-05, 1.531372555425643e-05, 1.277401402148826e-04, 1.803439998184331e-05, 4.005999993144845e-05, 1.511000044411048e-04, 9.96982520155143e-05, 2.048336665514701e-05, 8.330324839334936e-05, 1.270499982638285e-04, 1.830925012473017e-04, 2.307700022356585e-04, 2.809366613898116e-05, 5.56131654472362e-06, 5.760000021837186e-06, 2.630908294425656e-05, 3.149433405875849e-05, 4.112499917391688e-04, 1.761877488267297e-04, 1.374129201091516e-04, 2.696750091854483e-04, 3.541666700039059e-04, 1.936975010903552e-04, 3.858124910038896e-05, 2.787499921396375e-04, 2.872400012953828e-04, 1.923199999146163e-04, -5.33493339753477e-05, 1.516733293343956e-04, 2.332875010324642e-04, 3.210208259891563e-05, 5.044833262218162e-05, 1.985800001421012e-05, 7.015549878512199e-05, 2.289999974891543e-04, -1.97287488845177e-05, -5.138533306308091e-05, -3.507833402788189e-05, 3.877100025420077e-05, 1.949999932548963e-05]
