last-generated=2023-12-12
statistics-initialization=
{
  "nonlinear": "8",
  "numerical Jacobians": "0"
}
statistics-simulation=
{
  "linear": "0, 0, 0, 0, 0, 0, 0, 0, 4, 4, 0, 0, 0, 0, 0",
  "nonlinear": "1",
  "number of continuous time states": "34",
  "numerical Jacobians": "0"
}
time=[0e+00, 1e+05]
structure.TSensor[1]=[2.931499938964844e+02, 2.965923461914062e+02, 2.968493041992188e+02, 2.96954833984375e+02, 2.970351257324219e+02, 2.970983581542969e+02, 2.970230712890625e+02, 2.968448791503906e+02, 2.970990600585938e+02, 2.953910522460938e+02, 2.969774780273438e+02, 2.971192321777344e+02, 2.961612243652344e+02, 2.97039306640625e+02, 2.965598449707031e+02, 2.968877258300781e+02, 2.971250915527344e+02, 2.965705261230469e+02, 2.970911254882812e+02, 2.96068603515625e+02, 2.970544128417969e+02, 2.955292358398438e+02, 2.970216979980469e+02, 2.951539306640625e+02, 2.970018005371094e+02, 2.952269897460938e+02, 2.970007934570312e+02, 2.952035827636719e+02, 2.970067749023438e+02, 2.952025451660156e+02, 2.970005187988281e+02, 2.952726440429688e+02, 2.970358276367188e+02, 2.963868713378906e+02, 2.951828002929688e+02, 2.961976318359375e+02, 2.970381774902344e+02, 2.971065979003906e+02, 2.970603332519531e+02, 2.9701611328125e+02, 2.969471435546875e+02, 2.968448486328125e+02, 2.967156372070312e+02, 2.965653076171875e+02, 2.963867797851562e+02, 2.961629028320312e+02, 2.9587548828125e+02, 2.955228576660156e+02, 2.951835632324219e+02, 2.955433654785156e+02, 2.959207763671875e+02, 2.963159484863281e+02, 2.96764404296875e+02, 2.971430053710938e+02, 2.971057739257812e+02, 2.970668640136719e+02, 2.970284118652344e+02, 2.969925842285156e+02, 2.969579467773438e+02, 2.969106750488281e+02, 2.968256225585938e+02, 2.966706848144531e+02, 2.964005432128906e+02, 2.95970703125e+02, 2.953522033691406e+02, 2.956695251464844e+02, 2.967591247558594e+02, 2.970592041015625e+02, 2.968642883300781e+02, 2.964664916992188e+02, 2.955122680664062e+02, 2.969403991699219e+02, 2.969756774902344e+02, 2.964966430664062e+02, 2.957605285644531e+02, 2.970001831054688e+02, 2.959913024902344e+02, 2.970811767578125e+02, 2.964358215332031e+02, 2.9711669921875e+02, 2.966776733398438e+02, 2.9712890625e+02, 2.967156677246094e+02, 2.97115234375e+02, 2.964690551757812e+02, 2.9706591796875e+02, 2.971478881835938e+02, 2.967936096191406e+02, 2.970734558105469e+02, 2.971413269042969e+02, 2.966776428222656e+02, 2.970639038085938e+02, 2.971322326660156e+02, 2.961907348632812e+02, 2.970075988769531e+02, 2.970989685058594e+02, 2.971353759765625e+02, 2.956159362792969e+02, 2.969579162597656e+02, 2.970767517089844e+02, 2.971224365234375e+02]
heating.QHeaSys=[2e+03, 2e+03, 2e+03, 2e+03, 2e+03, 2e+03, 0e+00, 2e+03, 2e+03, 2e+03, 2e+03, 2e+03, 2e+03, 2e+03, 0e+00, 2e+03, 2e+03, 2e+03, 2e+03, 2e+03, 2e+03, 2e+03, 2e+03, 2e+03, 2e+03, 0e+00, 2e+03, 2e+03, 2e+03, 0e+00, 2e+03, 2e+03, 2e+03, 2e+03, 0e+00, 0e+00, 0e+00, 2e+03, 2e+03, 2e+03, 2e+03, 2e+03, 2e+03, 2e+03, 2e+03, 2e+03, 2e+03, 2e+03, 0e+00, 0e+00, 0e+00, 0e+00, 0e+00, 2e+03, 2e+03, 2e+03, 2e+03, 2e+03, 2e+03, 2e+03, 2e+03, 2e+03, 2e+03, 2e+03, 2e+03, 0e+00, 0e+00, 2e+03, 2e+03, 2e+03, 2e+03, 0e+00, 2e+03, 2e+03, 0e+00, 2e+03, 2e+03, 2e+03, 2e+03, 2e+03, 2e+03, 2e+03, 2e+03, 2e+03, 2e+03, 2e+03, 2e+03, 2e+03, 2e+03, 2e+03, 2e+03, 2e+03, 2e+03, 2e+03, 2e+03, 2e+03, 2e+03, 2e+03, 2e+03, 2e+03, 2e+03]
