last-generated=2019-12-02
statistics-initialization=
{
  "nonlinear": "9, 7",
  "numerical Jacobians": "0"
}
statistics-simulation=
{
  "linear": "0, 0, 0, 0, 0, 0, 4, 0, 0, 0, 0, 0, 0, 0, 0, 0, 0, 0, 0, 0, 0, 0, 4, 0, 0, 0, 0,   0, 0, 0",
  "nonlinear": "1",
  "number of continuous time states": "74",
  "numerical Jacobians": "0"
}
zoneIntWal.TSensor=[2.931499938964844e+02, 2.943861083984375e+02, 2.947688598632812e+02, 2.950023498535156e+02, 2.951875e+02, 2.95361572265625e+02, 2.956564331054688e+02, 2.958828125e+02, 2.960513610839844e+02, 2.961523742675781e+02, 2.962321166992188e+02, 2.963193054199219e+02, 2.9639404296875e+02, 2.964688110351562e+02, 2.965310974121094e+02, 2.965548706054688e+02, 2.965789489746094e+02, 2.96606689453125e+02, 2.966357421875e+02, 2.966723327636719e+02, 2.967973937988281e+02, 2.968882751464844e+02, 2.96931884765625e+02, 2.969655456542969e+02, 2.969644165039062e+02, 2.96976318359375e+02, 2.969980773925781e+02, 2.970162353515625e+02, 2.970224914550781e+02, 2.970582580566406e+02, 2.970675048828125e+02, 2.970869445800781e+02, 2.971116333007812e+02, 2.971272583007812e+02, 2.97228271484375e+02, 2.973125610351562e+02, 2.973678894042969e+02, 2.974236450195312e+02, 2.974034423828125e+02, 2.973792114257812e+02, 2.973830261230469e+02, 2.97369384765625e+02, 2.973603210449219e+02, 2.97343994140625e+02, 2.973069763183594e+02, 2.9726904296875e+02, 2.972456359863281e+02, 2.97244140625e+02, 2.972921752929688e+02, 2.975131530761719e+02, 2.975801696777344e+02, 2.976160888671875e+02, 2.975683288574219e+02, 2.975004272460938e+02, 2.974460754394531e+02, 2.973972778320312e+02, 2.973387451171875e+02, 2.972714233398438e+02, 2.971917419433594e+02, 2.97144775390625e+02, 2.970771484375e+02, 2.970237426757812e+02, 2.970655212402344e+02, 2.980283203125e+02, 2.988973693847656e+02, 2.993799743652344e+02, 2.989295349121094e+02, 2.984162902832031e+02, 2.982649841308594e+02, 2.981612854003906e+02, 2.980588073730469e+02, 2.9796533203125e+02, 2.978602600097656e+02, 2.977688903808594e+02, 2.976905212402344e+02, 2.976191101074219e+02, 2.975519104003906e+02, 2.97585205078125e+02, 2.975307312011719e+02, 2.978535766601562e+02, 2.979669189453125e+02, 2.977333374023438e+02, 2.976594543457031e+02, 2.97612060546875e+02, 2.975656433105469e+02, 2.975237731933594e+02, 2.974894714355469e+02, 2.974607849121094e+02, 2.974182434082031e+02, 2.973936157226562e+02, 2.973664245605469e+02, 2.974235534667969e+02, 2.975292663574219e+02, 2.975843200683594e+02, 2.975975036621094e+02, 2.97553955078125e+02, 2.974993591308594e+02, 2.974422607421875e+02, 2.974039306640625e+02, 2.973598022460938e+02, 2.973123474121094e+02]
zone.TSensor=[2.931499938964844e+02, 2.921803894042969e+02, 2.919327087402344e+02, 2.91707763671875e+02, 2.914983215332031e+02, 2.913243408203125e+02, 2.91423095703125e+02, 2.914391479492188e+02, 2.913818054199219e+02, 2.912124938964844e+02, 2.910018615722656e+02, 2.908167724609375e+02, 2.906279907226562e+02, 2.904432983398438e+02, 2.902513427734375e+02, 2.900181884765625e+02, 2.897931823730469e+02, 2.8958349609375e+02, 2.893810729980469e+02, 2.891897888183594e+02, 2.89165771484375e+02, 2.891068115234375e+02, 2.889871215820312e+02, 2.888365783691406e+02, 2.886277160644531e+02, 2.884384460449219e+02, 2.882621765136719e+02, 2.880871276855469e+02, 2.878906555175781e+02, 2.877535705566406e+02, 2.875936584472656e+02, 2.8744384765625e+02, 2.873087158203125e+02, 2.871720581054688e+02, 2.871752319335938e+02, 2.872022705078125e+02, 2.871697998046875e+02, 2.871210327148438e+02, 2.869690856933594e+02, 2.868199462890625e+02, 2.86682373046875e+02, 2.865321960449219e+02, 2.863883361816406e+02, 2.862314147949219e+02, 2.860441589355469e+02, 2.858655700683594e+02, 2.856945190429688e+02, 2.855428466796875e+02, 2.854800720214844e+02, 2.857653198242188e+02, 2.858024291992188e+02, 2.857656860351562e+02, 2.855830078125e+02, 2.853654479980469e+02, 2.851648254394531e+02, 2.849617614746094e+02, 2.847538452148438e+02, 2.845346374511719e+02, 2.843105773925781e+02, 2.841012268066406e+02, 2.838894958496094e+02, 2.836898498535156e+02, 2.83614990234375e+02, 2.852387390136719e+02, 2.871886596679688e+02, 2.885236206054688e+02, 2.880941467285156e+02, 2.870781860351562e+02, 2.865976257324219e+02, 2.862345886230469e+02, 2.8591259765625e+02, 2.856244506835938e+02, 2.853414916992188e+02, 2.850780944824219e+02, 2.848407592773438e+02, 2.846209411621094e+02, 2.844120483398438e+02, 2.843620910644531e+02, 2.841994018554688e+02, 2.846615295410156e+02, 2.849673461914062e+02, 2.845696105957031e+02, 2.843081970214844e+02, 2.841092224121094e+02, 2.839233703613281e+02, 2.837460632324219e+02, 2.835832824707031e+02, 2.834295043945312e+02, 2.832796020507812e+02, 2.831410827636719e+02, 2.830060424804688e+02, 2.829978332519531e+02, 2.831302185058594e+02, 2.83169189453125e+02, 2.831562194824219e+02, 2.830136108398438e+02, 2.828550109863281e+02, 2.826976013183594e+02, 2.82559326171875e+02, 2.824144592285156e+02, 2.822536010742188e+02]
time=[0e+00, 6.048e+05]
