last-generated=2021-09-16
statistics-simulation=
{
  "linear": " ",
  "nonlinear": "1",
  "numerical Jacobians": "0"
}
time=[0e+00, 1e+06]
extConLin.port_a.Q_flow=[5.673e+03, 5.97544384765625e+03, 6.47043505859375e+03, 6.26903759765625e+03, 6.20344873046875e+03, 5.95766650390625e+03, 5.8223369140625e+03, 5.85502099609375e+03, 5.71163330078125e+03, 5.5632001953125e+03, 5.459943359375e+03, 5.07850634765625e+03, 4.82189208984375e+03, 4.4813017578125e+03, 4.2114912109375e+03, 4.11004443359375e+03, 4.119533203125e+03, 4.005956298828125e+03, 4.1907001953125e+03, 4.1583125e+03, 4.27406689453125e+03, 4.287396484375e+03, 4.18868359375e+03, 4.92775732421875e+03, 4.84582861328125e+03, 4.86275048828125e+03, 4.92623388671875e+03, 4.9227001953125e+03, 4.84543310546875e+03, 4.67516064453125e+03, 4.59939990234375e+03, 4.3652958984375e+03, 4.3266884765625e+03, 4.49221435546875e+03, 4.29481005859375e+03, 4.41389404296875e+03, 4.5017998046875e+03, 4.338505859375e+03, 4.24620263671875e+03, 4.158392578125e+03, 4.2426630859375e+03, 4.12191796875e+03, 3.98028759765625e+03, 3.997474853515625e+03, 4.13698828125e+03, 4.08089990234375e+03, 3.924333251953125e+03, 3.833670166015625e+03, 3.92933837890625e+03, 3.784033447265625e+03, 3.714901611328125e+03, 3.7580693359375e+03, 3.884285888671875e+03, 4.04896923828125e+03, 4.1357998046875e+03, 4.30584326171875e+03, 3.969443115234375e+03, 3.725785400390625e+03, 3.743768310546875e+03, 3.822666748046875e+03, 3.826959228515625e+03, 3.78810009765625e+03, 3.72913330078125e+03, 3.71489990234375e+03, 3.722129638671875e+03, 3.610748046875e+03, 3.5490703125e+03, 3.51563330078125e+03, 3.51360009765625e+03, 3.47089990234375e+03, 3.466582275390625e+03, 3.458699951171875e+03, 3.44039990234375e+03, 3.509374267578125e+03, 3.482597900390625e+03, 3.375227783203125e+03, 3.4017666015625e+03, 3.348548583984375e+03, 3.406646728515625e+03, 3.251300048828125e+03, 2.987435302734375e+03, 2.745e+03, 2.438087158203125e+03, 2.362156005859375e+03, 2.031300048828125e+03, 1.70315283203125e+03, 1.234233276367188e+03, 1.25766796875e+03, 1.359758056640625e+03, 1.329376342773438e+03, 1.464e+03, 1.252533325195312e+03, 1.079699951171875e+03, 1.208132202148438e+03, 1.184353637695312e+03, 1.382959716796875e+03, 1.574816650390625e+03, 1.583966674804688e+03, 1.660923706054688e+03, 1.610400024414062e+03, 1.171199951171875e+03]
extCon.port_a.Q_flow=[3.352230224609375e+03, 3.539944580078125e+03, 3.84873095703125e+03, 3.72286328125e+03, 3.6819404296875e+03, 3.528890380859375e+03, 3.444825439453125e+03, 3.46511474609375e+03, 3.376167236328125e+03, 3.284265380859375e+03, 3.220441162109375e+03, 2.985438720703125e+03, 2.828032958984375e+03, 2.620002197265625e+03, 2.45593701171875e+03, 2.39442138671875e+03, 2.40017138671875e+03, 2.331402587890625e+03, 2.443322021484375e+03, 2.4236787109375e+03, 2.493928955078125e+03, 2.502026611328125e+03, 2.4420986328125e+03, 2.892901611328125e+03, 2.842691650390625e+03, 2.853057373046875e+03, 2.89196728515625e+03, 2.889800537109375e+03, 2.842449462890625e+03, 2.73828515625e+03, 2.692020263671875e+03, 2.54938134765625e+03, 2.525905029296875e+03, 2.626651611328125e+03, 2.506531005859375e+03, 2.578951904296875e+03, 2.632493408203125e+03, 2.533089599609375e+03, 2.47700732421875e+03, 2.423727294921875e+03, 2.474858154296875e+03, 2.401616455078125e+03, 2.31587744140625e+03, 2.326272216796875e+03, 2.41075048828125e+03, 2.37676611328125e+03, 2.282055908203125e+03, 2.227317138671875e+03, 2.285080078125e+03, 2.197381591796875e+03, 2.155727783203125e+03, 2.181732177734375e+03, 2.257867431640625e+03, 2.35743212890625e+03, 2.4100302734375e+03, 2.5132353515625e+03, 2.3093203125e+03, 2.162282470703125e+03, 2.173115234375e+03, 2.22067919921875e+03, 2.2232685546875e+03, 2.199833251953125e+03, 2.164299072265625e+03, 2.155726806640625e+03, 2.160080810546875e+03, 2.09305908203125e+03, 2.05599755859375e+03, 2.035921142578125e+03, 2.034700561523438e+03, 2.009079223632812e+03, 2.006489379882812e+03, 2.001762084960938e+03, 1.990789184570312e+03, 2.032164306640625e+03, 2.016096557617188e+03, 1.951738159179688e+03, 1.967635009765625e+03, 1.93576416015625e+03, 1.970558959960938e+03, 1.877597778320312e+03, 1.720259765625e+03, 1.576339965820312e+03, 1.395055053710938e+03, 1.350366455078125e+03, 1.156422607421875e+03, 9.653714599609375e+02, 6.947954711914062e+02, 7.082454833984375e+02, 7.6693017578125e+02, 7.494503784179688e+02, 8.270018920898438e+02, 7.052978515625e+02, 6.06304443359375e+02, 6.798244018554688e+02, 6.66194091796875e+02, 7.802876586914062e+02, 8.910244140625e+02, 8.963179931640625e+02, 9.408838500976562e+02, 9.116168212890625e+02, 6.586578369140625e+02]
intConVer.port_a.Q_flow=[3.118460388183594e+02, 3.03805419921875e+02, 2.958127746582031e+02, 2.878687438964844e+02, 2.7997412109375e+02, 2.721296081542969e+02, 2.643359985351562e+02, 2.565941162109375e+02, 2.489048309326172e+02, 2.412689971923828e+02, 2.336875457763672e+02, 2.261614227294922e+02, 2.18691650390625e+02, 2.112792358398438e+02, 2.039253082275391e+02, 1.966309967041016e+02, 1.893975067138672e+02, 1.8222607421875e+02, 1.751180572509766e+02, 1.680748291015625e+02, 1.610978698730469e+02, 1.54188720703125e+02, 1.473490447998047e+02, 1.405805816650391e+02, 1.338851928710938e+02, 1.272648391723633e+02, 1.207216415405273e+02, 1.142578659057617e+02, 1.078759231567383e+02, 1.015784454345703e+02, 9.536824035644531e+01, 8.924839019775391e+01, 8.322222900390625e+01, 7.729341125488281e+01, 7.14659423828125e+01, 6.574428558349609e+01, 6.013336944580078e+01, 5.463875198364258e+01, 4.926668548583984e+01, 4.402433013916016e+01, 3.891992568969727e+01, 3.396311950683594e+01, 2.916536140441895e+01, 2.454051971435547e+01, 2.010581016540527e+01, 1.588328075408936e+01, 1.190242862701416e+01, 8.205211639404297e+00, 4.857398986816406e+00, 1.982311964035034e+00, 0e+00, -1.982311964035034e+00, -4.857398986816406e+00, -8.205211639404297e+00, -1.190242862701416e+01, -1.588328075408936e+01, -2.010581016540527e+01, -2.454051971435547e+01, -2.916536140441895e+01, -3.396311950683594e+01, -3.891992568969727e+01, -4.402433013916016e+01, -4.926668548583984e+01, -5.463875198364258e+01, -6.013336944580078e+01, -6.574428558349609e+01, -7.14659423828125e+01, -7.729341125488281e+01, -8.322222900390625e+01, -8.924839019775391e+01, -9.536824035644531e+01, -1.015784454345703e+02, -1.078759231567383e+02, -1.142578659057617e+02, -1.207216415405273e+02, -1.272648391723633e+02, -1.338851928710938e+02, -1.405805816650391e+02, -1.473490447998047e+02, -1.54188720703125e+02, -1.610978698730469e+02, -1.680748291015625e+02, -1.751180572509766e+02, -1.8222607421875e+02, -1.893975067138672e+02, -1.966309967041016e+02, -2.039253082275391e+02, -2.112792358398438e+02, -2.18691650390625e+02, -2.261614227294922e+02, -2.336875457763672e+02, -2.412689971923828e+02, -2.489048309326172e+02, -2.565941162109375e+02, -2.643359985351562e+02, -2.721296081542969e+02, -2.7997412109375e+02, -2.878687438964844e+02, -2.958127746582031e+02, -3.03805419921875e+02, -3.118460388183594e+02]
intConVerLin.port_a.Q_flow=[1.945996246337891e+02, 1.907076416015625e+02, 1.868156433105469e+02, 1.829236450195312e+02, 1.790316619873047e+02, 1.751396636962891e+02, 1.712476654052734e+02, 1.673556823730469e+02, 1.634636840820312e+02, 1.595717010498047e+02, 1.556797027587891e+02, 1.517877044677734e+02, 1.478957214355469e+02, 1.440037231445312e+02, 1.401117248535156e+02, 1.362197418212891e+02, 1.323277435302734e+02, 1.284357604980469e+02, 1.245437622070312e+02, 1.206517715454102e+02, 1.167597732543945e+02, 1.128677825927734e+02, 1.089757919311523e+02, 1.050838012695312e+02, 1.011918029785156e+02, 9.729981231689453e+01, 9.340782165527344e+01, 8.951583099365234e+01, 8.562383270263672e+01, 8.173184204101562e+01, 7.783985137939453e+01, 7.394786071777344e+01, 7.005586242675781e+01, 6.616387176513672e+01, 6.227188110351562e+01, 5.837988662719727e+01, 5.448789596557617e+01, 5.059590148925781e+01, 4.670391082763672e+01, 4.281191635131836e+01, 3.891992568969727e+01, 3.502793121337891e+01, 3.113594055175781e+01, 2.724394798278809e+01, 2.335195541381836e+01, 1.945996284484863e+01, 1.556797027587891e+01, 1.167597770690918e+01, 7.783985137939453e+00, 3.891992568969727e+00, 0e+00, -3.891992568969727e+00, -7.783985137939453e+00, -1.167597770690918e+01, -1.556797027587891e+01, -1.945996284484863e+01, -2.335195541381836e+01, -2.724394798278809e+01, -3.113594055175781e+01, -3.502793121337891e+01, -3.891992568969727e+01, -4.281191635131836e+01, -4.670391082763672e+01, -5.059590148925781e+01, -5.448789596557617e+01, -5.837988662719727e+01, -6.227188110351562e+01, -6.616387176513672e+01, -7.005586242675781e+01, -7.394786071777344e+01, -7.783985137939453e+01, -8.173184204101562e+01, -8.562383270263672e+01, -8.951583099365234e+01, -9.340782165527344e+01, -9.729981231689453e+01, -1.011918029785156e+02, -1.050838012695312e+02, -1.089757919311523e+02, -1.128677825927734e+02, -1.167597732543945e+02, -1.206517715454102e+02, -1.245437622070312e+02, -1.284357604980469e+02, -1.323277435302734e+02, -1.362197418212891e+02, -1.401117248535156e+02, -1.440037231445312e+02, -1.478957214355469e+02, -1.517877044677734e+02, -1.556797027587891e+02, -1.595717010498047e+02, -1.634636840820312e+02, -1.673556823730469e+02, -1.712476654052734e+02, -1.751396636962891e+02, -1.790316619873047e+02, -1.829236450195312e+02, -1.868156433105469e+02, -1.907076416015625e+02, -1.945996246337891e+02]
intConFlo.port_a.Q_flow=[4.050039672851562e+02, 3.944418334960938e+02, 3.839458923339844e+02, 3.7351708984375e+02, 3.631564331054688e+02, 3.528648986816406e+02, 3.426435852050781e+02, 3.324935607910156e+02, 3.224159851074219e+02, 3.124120483398438e+02, 3.024830017089844e+02, 2.926300964355469e+02, 2.82854736328125e+02, 2.731582641601562e+02, 2.635422058105469e+02, 2.54008056640625e+02, 2.445574645996094e+02, 2.351920928955078e+02, 2.259137573242188e+02, 2.167242889404297e+02, 2.076256866455078e+02, 1.986200408935547e+02, 1.897095489501953e+02, 1.808965606689453e+02, 1.721835479736328e+02, 1.635731506347656e+02, 1.550682220458984e+02, 1.466717681884766e+02, 1.383870239257812e+02, 1.302174987792969e+02, 1.221669464111328e+02, 1.142394790649414e+02, 1.064395294189453e+02, 9.877196502685547e+01, 9.124213409423828e+01, 8.385594940185547e+01, 7.661996459960938e+01, 6.954155731201172e+01, 6.262901306152344e+01, 5.589180374145508e+01, 4.934083557128906e+01, 4.298883819580078e+01, 3.685091018676758e+01, 3.094530296325684e+01, 2.529463005065918e+01, 1.992779541015625e+01, 1.48833589553833e+01, 1.021600532531738e+01, 6.011096954345703e+00, 2.427764177322388e+00, 0e+00, -5.690358877182007e-01, -1.247977137565613e+00, -1.975686430931091e+00, -2.736992597579956e+00, -3.524298191070557e+00, -4.332963466644287e+00, -5.159833908081055e+00, -6.002616405487061e+00, -6.859562397003174e+00, -7.729290962219238e+00, -8.610682487487793e+00, -9.502808570861816e+00, -1.040488910675049e+01, -1.131625461578369e+01, -1.223632621765137e+01, -1.31645975112915e+01, -1.410062217712402e+01, -1.504400253295898e+01, -1.599438190460205e+01, -1.695144081115723e+01, -1.791488838195801e+01, -1.888445854187012e+01, -1.985991096496582e+01, -2.084102058410645e+01, -2.182758522033691e+01, -2.281941223144531e+01, -2.381632804870605e+01, -2.481816673278809e+01, -2.582477760314941e+01, -2.683601570129395e+01, -2.785174751281738e+01, -2.887184715270996e+01, -2.989619636535645e+01, -3.09246826171875e+01, -3.195720100402832e+01, -3.299365234375e+01, -3.403393936157227e+01, -3.507797241210938e+01, -3.612566375732422e+01, -3.717693710327148e+01, -3.823171234130859e+01, -3.92899169921875e+01, -4.035147476196289e+01, -4.141632080078125e+01, -4.248439407348633e+01, -4.355562591552734e+01, -4.462996292114258e+01, -4.570734024047852e+01, -4.678771209716797e+01, -4.787101745605469e+01]
monLayAirHorLin.port_a.Q_flow=[5.316015625e+02, 5.209695434570312e+02, 5.103374938964844e+02, 4.997054748535156e+02, 4.890734252929688e+02, 4.7844140625e+02, 4.678093872070312e+02, 4.571773376464844e+02, 4.465453186035156e+02, 4.359132690429688e+02, 4.2528125e+02, 4.146492309570312e+02, 4.040171813964844e+02, 3.933851623535156e+02, 3.827531127929688e+02, 3.7212109375e+02, 3.614890747070312e+02, 3.508570251464844e+02, 3.402250061035156e+02, 3.295929565429688e+02, 3.189609375e+02, 3.083289184570312e+02, 2.976968688964844e+02, 2.870648498535156e+02, 2.764328002929688e+02, 2.6580078125e+02, 2.551687469482422e+02, 2.445367126464844e+02, 2.339046936035156e+02, 2.232726593017578e+02, 2.12640625e+02, 2.020085906982422e+02, 1.913765563964844e+02, 1.807445373535156e+02, 1.701125030517578e+02, 1.5948046875e+02, 1.488484344482422e+02, 1.382164001464844e+02, 1.275843734741211e+02, 1.169523468017578e+02, 1.063203125e+02, 9.568827819824219e+01, 8.505625152587891e+01, 7.442421722412109e+01, 6.379218673706055e+01, 5.316015625e+01, 4.252812576293945e+01, 3.189609336853027e+01, 2.126406288146973e+01, 1.063203144073486e+01, 0e+00, -1.063203144073486e+01, -2.126406288146973e+01, -3.189609336853027e+01, -4.252812576293945e+01, -5.316015625e+01, -6.379218673706055e+01, -7.442421722412109e+01, -8.505625152587891e+01, -9.568827819824219e+01, -1.063203125e+02, -1.169523468017578e+02, -1.275843734741211e+02, -1.382164001464844e+02, -1.488484344482422e+02, -1.5948046875e+02, -1.701125030517578e+02, -1.807445373535156e+02, -1.913765563964844e+02, -2.020085906982422e+02, -2.12640625e+02, -2.232726593017578e+02, -2.339046936035156e+02, -2.445367126464844e+02, -2.551687469482422e+02, -2.6580078125e+02, -2.764328002929688e+02, -2.870648498535156e+02, -2.976968688964844e+02, -3.083289184570312e+02, -3.189609375e+02, -3.295929565429688e+02, -3.402250061035156e+02, -3.508570251464844e+02, -3.614890747070312e+02, -3.7212109375e+02, -3.827531127929688e+02, -3.933851623535156e+02, -4.040171813964844e+02, -4.146492309570312e+02, -4.2528125e+02, -4.359132690429688e+02, -4.465453186035156e+02, -4.571773376464844e+02, -4.678093872070312e+02, -4.7844140625e+02, -4.890734252929688e+02, -4.997054748535156e+02, -5.103374938964844e+02, -5.209695434570312e+02, -5.316015625e+02]
monLayAirHor.port_a.Q_flow=[5.316015625e+02, 5.209695434570312e+02, 5.103374938964844e+02, 4.997054748535156e+02, 4.890734252929688e+02, 4.7844140625e+02, 4.678093872070312e+02, 4.571773376464844e+02, 4.465453186035156e+02, 4.359132690429688e+02, 4.2528125e+02, 4.146492309570312e+02, 4.040171813964844e+02, 3.933851623535156e+02, 3.827531127929688e+02, 3.7212109375e+02, 3.614890747070312e+02, 3.508570251464844e+02, 3.402250061035156e+02, 3.295929565429688e+02, 3.189609375e+02, 3.083289184570312e+02, 2.976968688964844e+02, 2.870648498535156e+02, 2.764328002929688e+02, 2.6580078125e+02, 2.551687469482422e+02, 2.445367126464844e+02, 2.339046936035156e+02, 2.232726593017578e+02, 2.12640625e+02, 2.020085906982422e+02, 1.913765563964844e+02, 1.807445373535156e+02, 1.701125030517578e+02, 1.5948046875e+02, 1.488484344482422e+02, 1.382164001464844e+02, 1.275843734741211e+02, 1.169523468017578e+02, 1.063203125e+02, 9.568827819824219e+01, 8.505625152587891e+01, 7.442421722412109e+01, 6.379218673706055e+01, 5.316015625e+01, 4.252812576293945e+01, 3.189609336853027e+01, 2.126406288146973e+01, 1.063203144073486e+01, 0e+00, -1.063203144073486e+01, -2.126406288146973e+01, -3.189609336853027e+01, -4.252812576293945e+01, -5.316015625e+01, -6.379218673706055e+01, -7.442421722412109e+01, -8.505625152587891e+01, -9.568827819824219e+01, -1.063203125e+02, -1.169523468017578e+02, -1.275843734741211e+02, -1.382164001464844e+02, -1.488484344482422e+02, -1.5948046875e+02, -1.701125030517578e+02, -1.807445373535156e+02, -1.913765563964844e+02, -2.020085906982422e+02, -2.12640625e+02, -2.232726593017578e+02, -2.339046936035156e+02, -2.445367126464844e+02, -2.551687469482422e+02, -2.6580078125e+02, -2.764328002929688e+02, -2.870648498535156e+02, -2.976968688964844e+02, -3.083289184570312e+02, -3.189609375e+02, -3.295929565429688e+02, -3.402250061035156e+02, -3.508570251464844e+02, -3.614890747070312e+02, -3.7212109375e+02, -3.827531127929688e+02, -3.933851623535156e+02, -4.040171813964844e+02, -4.146492309570312e+02, -4.2528125e+02, -4.359132690429688e+02, -4.465453186035156e+02, -4.571773376464844e+02, -4.678093872070312e+02, -4.7844140625e+02, -4.890734252929688e+02, -4.997054748535156e+02, -5.103374938964844e+02, -5.209695434570312e+02, -5.316015625e+02]
monLayAirWal.port_a.Q_flow=[5.612939453125e+02, 5.500680541992188e+02, 5.388421630859375e+02, 5.276163330078125e+02, 5.163904418945312e+02, 5.0516455078125e+02, 4.939386901855469e+02, 4.827127990722656e+02, 4.714869079589844e+02, 4.602610473632812e+02, 4.4903515625e+02, 4.378092956542969e+02, 4.265834045410156e+02, 4.153575134277344e+02, 4.041316528320312e+02, 3.9290576171875e+02, 3.816799011230469e+02, 3.704540100097656e+02, 3.592281188964844e+02, 3.480022583007812e+02, 3.367763671875e+02, 3.255505065917969e+02, 3.143246154785156e+02, 3.030987243652344e+02, 2.918728637695312e+02, 2.8064697265625e+02, 2.694210815429688e+02, 2.581952209472656e+02, 2.469693450927734e+02, 2.357434539794922e+02, 2.24517578125e+02, 2.132917022705078e+02, 2.020658264160156e+02, 1.908399505615234e+02, 1.796140594482422e+02, 1.6838818359375e+02, 1.571623077392578e+02, 1.459364318847656e+02, 1.347105407714844e+02, 1.234846725463867e+02, 1.122587890625e+02, 1.010329132080078e+02, 8.980702972412109e+01, 7.858115386962891e+01, 6.735527038574219e+01, 5.612939453125e+01, 4.490351486206055e+01, 3.367763519287109e+01, 2.245175743103027e+01, 1.122587871551514e+01, 0e+00, -1.122587871551514e+01, -2.245175743103027e+01, -3.367763519287109e+01, -4.490351486206055e+01, -5.612939453125e+01, -6.735527038574219e+01, -7.858115386962891e+01, -8.980702972412109e+01, -1.010329132080078e+02, -1.122587890625e+02, -1.234846725463867e+02, -1.347105407714844e+02, -1.459364318847656e+02, -1.571623077392578e+02, -1.6838818359375e+02, -1.796140594482422e+02, -1.908399505615234e+02, -2.020658264160156e+02, -2.132917022705078e+02, -2.24517578125e+02, -2.357434539794922e+02, -2.469693450927734e+02, -2.581952209472656e+02, -2.694210815429688e+02, -2.8064697265625e+02, -2.918728637695312e+02, -3.030987243652344e+02, -3.143246154785156e+02, -3.255505065917969e+02, -3.367763671875e+02, -3.480022583007812e+02, -3.592281188964844e+02, -3.704540100097656e+02, -3.816799011230469e+02, -3.9290576171875e+02, -4.041316528320312e+02, -4.153575134277344e+02, -4.265834045410156e+02, -4.378092956542969e+02, -4.4903515625e+02, -4.602610473632812e+02, -4.714869079589844e+02, -4.827127990722656e+02, -4.939386901855469e+02, -5.0516455078125e+02, -5.163904418945312e+02, -5.276163330078125e+02, -5.388421630859375e+02, -5.500680541992188e+02, -5.612939453125e+02]
