last-generated=2023-11-15
statistics-initialization=
{
  "nonlinear": "7, 1",
  "numerical Jacobians": "0"
}
statistics-simulation=
{
  "linear": "0, 0, 0, 0, 0, 0, 4, 0, 0, 0, 0, 0, 0, 0",
  "nonlinear": "1, 1",
  "number of continuous time states": "43",
  "numerical Jacobians": "0"
}
time=[0e+00, 6.048e+05]
Zone.TSensor=[2.931499938964844e+02, 2.917735900878906e+02, 2.911600952148438e+02, 2.90668212890625e+02, 2.902115173339844e+02, 2.897667236328125e+02, 2.895821228027344e+02, 2.89355712890625e+02, 2.890355224609375e+02, 2.887342834472656e+02, 2.884180603027344e+02, 2.880374145507812e+02, 2.876217041015625e+02, 2.871706237792969e+02, 2.867589111328125e+02, 2.863439331054688e+02, 2.859490051269531e+02, 2.855781555175781e+02, 2.852015991210938e+02, 2.848715209960938e+02, 2.850864562988281e+02, 2.870209045410156e+02, 2.891324462890625e+02, 2.906299133300781e+02, 2.901492919921875e+02, 2.890630187988281e+02, 2.883972778320312e+02, 2.878512878417969e+02, 2.8736181640625e+02, 2.868938598632812e+02, 2.864559631347656e+02, 2.860302429199219e+02, 2.856180114746094e+02, 2.852046813964844e+02, 2.849096069335938e+02, 2.856686401367188e+02, 2.873899841308594e+02, 2.882925720214844e+02, 2.881040344238281e+02, 2.872306518554688e+02, 2.866969299316406e+02, 2.862148132324219e+02, 2.856689453125e+02, 2.852113647460938e+02, 2.847862548828125e+02, 2.843738403320312e+02, 2.840010375976562e+02, 2.836704406738281e+02, 2.833685302734375e+02, 2.835111999511719e+02, 2.846266784667969e+02, 2.85692138671875e+02, 2.852398986816406e+02, 2.845255432128906e+02, 2.840298767089844e+02, 2.836365356445312e+02, 2.833240661621094e+02, 2.830332336425781e+02, 2.827833862304688e+02, 2.825440673828125e+02, 2.823650207519531e+02, 2.821991577148438e+02, 2.820563049316406e+02, 2.821854248046875e+02, 2.825419006347656e+02, 2.829780578613281e+02, 2.831001586914062e+02, 2.827438049316406e+02, 2.824425354003906e+02, 2.821802062988281e+02, 2.819322509765625e+02, 2.816954040527344e+02, 2.814386901855469e+02, 2.811769714355469e+02, 2.809507751464844e+02, 2.807481689453125e+02, 2.805686950683594e+02, 2.805464172363281e+02, 2.812954711914062e+02, 2.822171630859375e+02, 2.827983093261719e+02, 2.824676513671875e+02, 2.820473327636719e+02, 2.817518920898438e+02, 2.815274353027344e+02, 2.813284606933594e+02, 2.811380004882812e+02, 2.809630432128906e+02, 2.807490234375e+02, 2.804129028320312e+02, 2.80317138671875e+02, 2.802532958984375e+02, 2.803526000976562e+02, 2.8046826171875e+02, 2.805782165527344e+02, 2.805861511230469e+02, 2.805813903808594e+02, 2.805961303710938e+02, 2.805768432617188e+02, 2.805926208496094e+02, 2.806405334472656e+02]
Zone.airModel.ACH=[4.760133028030396e-01, 4.721118211746216e-01, 4.717551469802856e-01, 4.714666903018951e-01, 4.713956415653229e-01, 4.743334650993347e-01, 4.712113738059998e-01, 4.713104069232941e-01, 4.729214906692505e-01, 4.741644263267517e-01, 4.744094908237457e-01, 4.7259122133255e-01, 4.823392331600189e-01, 4.771429896354675e-01, 4.779753386974335e-01, 4.775838553905487e-01, 4.781893491744995e-01, 4.734370410442352e-01, 4.735496640205383e-01, 4.73166286945343e-01, 4.729303419589996e-01, 4.72545713186264e-01, 4.766943454742432e-01, 4.741308987140656e-01, 4.768973886966705e-01, 4.782967567443848e-01, 4.710596203804016e-01, 4.722938239574432e-01, 4.700280725955963e-01, 4.702383577823639e-01, 4.702248871326447e-01, 4.703182578086853e-01, 4.684680998325348e-01, 4.704579412937164e-01, 4.703973233699799e-01, 4.698589742183685e-01, 4.69662070274353e-01, 4.731211960315704e-01, 4.727887809276581e-01, 4.713233709335327e-01, 4.72714900970459e-01, 4.710173010826111e-01, 4.713618755340576e-01, 4.702648520469666e-01, 4.699751734733582e-01, 4.702396094799042e-01, 4.699265360832214e-01, 4.691811501979828e-01, 4.707974195480347e-01, 4.710081815719604e-01, 4.78308379650116e-01, 4.808991551399231e-01, 4.797792434692383e-01, 4.755952060222626e-01, 4.753789603710175e-01, 4.770312309265137e-01, 4.738653600215911e-01, 4.775359034538267e-01, 4.718224704265594e-01, 4.694452583789825e-01, 4.685088992118835e-01, 4.713533520698547e-01, 4.757294654846191e-01, 4.755252301692963e-01, 4.729098677635193e-01, 4.714018702507019e-01, 4.762822985649109e-01, 4.713815748691559e-01, 4.718852341175079e-01, 4.72407728433609e-01, 4.743956327438354e-01, 4.730959832668304e-01, 4.787443280220032e-01, 4.742704629898071e-01, 4.704666435718536e-01, 4.699960649013519e-01, 4.696837067604065e-01, 4.673164188861847e-01, 4.664959609508514e-01, 4.680058360099792e-01, 4.683964252471924e-01, 4.683651626110076e-01, 4.663247168064117e-01, 4.664231240749359e-01, 4.66404914855957e-01, 4.663134515285492e-01, 4.66103583574295e-01, 4.658854603767395e-01, 4.676874279975891e-01, 4.711272418498993e-01, 4.682845771312714e-01, 4.650830626487732e-01, 4.659625589847565e-01, 4.651554822921753e-01, 4.67953234910965e-01, 4.746190309524536e-01, 4.770450294017792e-01, 4.78472113609314e-01, 4.720315039157867e-01, 4.762492477893829e-01, 4.773999154567719e-01]
