last-generated=2025-09-25
statistics-simulation=
{
  "linear": " ",
  "nonlinear": " ",
  "number of continuous time states": "18",
  "numerical Jacobians": "0"
}
time=[0e+00, 3.6e+03]
oriWesTop.port_a.m_flow=[5.965141952037811e-02, 2.931216731667519e-03, 2.569183008745313e-03, 2.24004895426333e-03, 1.954443985596299e-03, 1.712643075734377e-03, 1.504244632087648e-03, 1.328579033724963e-03, 1.177663332782686e-03, 1.048180507495999e-03, 9.313101763837039e-04, 8.310051634907722e-04, 7.388995727524161e-04, 6.560928304679692e-04, 5.803250824101268e-04, 5.103594739921391e-04, 4.451775748748332e-04, 3.839351702481508e-04, 3.259241348132491e-04, 2.705432125367224e-04, 2.172763779526576e-04, 1.656819367781281e-04, 1.153567427536473e-04, 6.593394209630787e-05, 1.704138412605971e-05, -3.165915768477134e-05, -8.007378346519545e-05, -1.278069830732421e-04, -1.745165354805069e-04, -2.19899186049588e-04, -2.636868157424033e-04, -3.0565942870453e-04, -3.456349368207157e-04, -3.834722738247365e-04, -4.190742911305279e-04, -4.523880197666585e-04, -4.833987331949174e-04, -5.121260182932019e-04, -5.38618303835392e-04, -5.629475344903767e-04, -5.852036410942674e-04, -6.054899422451854e-04, -6.23918604105711e-04, -6.406070897355676e-04, -6.556747248396277e-04, -6.692400202155113e-04, -6.814197404310107e-04, -6.92327506840229e-04, -7.020710036158562e-04, -7.107516867108643e-04, -7.184648420661688e-04, -7.2529970202595e-04, -7.313389214687049e-04, -7.366588688455522e-04, -7.413295097649097e-04, -7.454150472767651e-04, -7.489738054573536e-04, -7.520591025240719e-04, -7.547192508354783e-04, -7.569979643449187e-04, -7.589347078464925e-04, -7.605651626363397e-04, -7.619213429279625e-04, -7.630322361364961e-04, -7.639238028787076e-04, -7.646193262189627e-04, -7.6513976091519e-04, -7.655037916265428e-04, -7.657282985746861e-04, -7.658282411284745e-04, -7.6581712346524e-04, -7.657069363631308e-04, -7.655085064470768e-04, -7.652314379811287e-04, -7.648843456991017e-04, -7.644748548045754e-04, -7.640098920091987e-04, -7.634955691173673e-04, -7.629372994415462e-04, -7.62340088840574e-04, -7.617081864736974e-04, -7.610456086695194e-04, -7.60355731472373e-04, -7.596417563036084e-04, -7.589064189232886e-04, -7.581521640531719e-04, -7.57381203584373e-04, -7.565955747850239e-04, -7.557969656772912e-04, -7.549869478680193e-04, -7.541669765487313e-04, -7.533383322879672e-04, -7.525020046159625e-04, -7.516590994782746e-04, -7.508104899898171e-04, -7.49956991057843e-04, -7.490992429666221e-04, -7.482379442080855e-04, -7.473736768588424e-04, -7.46506848372519e-04, -7.456380408257246e-04]
oriEasTop.port_a.m_flow=[-5.950168892741203e-02, 2.931505674496293e-03, 2.566054463386536e-03, 2.240252448245883e-03, 1.954422565177083e-03, 1.708888914436102e-03, 1.504252548329532e-03, 1.328503480181098e-03, 1.177813624963164e-03, 1.045649289153516e-03, 9.32933297008276e-04, 8.295112056657672e-04, 7.388599333353341e-04, 6.560495239682496e-04, 5.802811356261371e-04, 5.103134899400175e-04, 4.451307468116283e-04, 3.838876727968454e-04, 3.258752112742513e-04, 2.704939397517592e-04, 2.172270906157792e-04, 1.656342210480943e-04, 1.153106422862038e-04, 6.588585529243574e-05, 1.699255153653212e-05, -3.170788477291353e-05, -8.012243779376149e-05, -1.278556737815963e-04, -1.745654153637589e-04, -2.199483278673142e-04, -2.637363213580102e-04, -3.057093999814242e-04, -3.456854028627276e-04, -3.835232928395271e-04, -4.191258922219276e-04, -4.524402320384979e-04, -4.834515566471964e-04, -5.121793947182596e-04, -5.386723205447197e-04, -5.630021332763135e-04, -5.852587637491524e-04, -6.055455887690187e-04, -6.239747162908316e-04, -6.406636093743145e-04, -6.557316519320011e-04, -6.692972965538502e-04, -6.814773078076541e-04, -6.92385365255177e-04, -7.021290948614478e-04, -7.108100107870996e-04, -7.185233407653868e-04, -7.253583171404898e-04, -7.313976529985666e-04, -7.367177167907357e-04, -7.413884159177542e-04, -7.454739534296095e-04, -7.490328280255198e-04, -7.521181250922382e-04, -7.547782734036446e-04, -7.57056986913085e-04, -7.589936722069979e-04, -7.606240687891841e-04, -7.61980249080807e-04, -7.630910840816796e-04, -7.639825344085693e-04, -7.646779995411634e-04, -7.651983178220689e-04, -7.655622903257608e-04, -7.657866808585823e-04, -7.658865069970489e-04, -7.658753311261535e-04, -7.657650276087224e-04, -7.655664812773466e-04, -7.652892963960767e-04, -7.649420876987278e-04, -7.645324803888798e-04, -7.640674011781812e-04, -7.635529618710279e-04, -7.629945757798851e-04, -7.623972487635911e-04, -7.617652299813926e-04, -7.611024775542319e-04, -7.604125421494246e-04, -7.596983923576772e-04, -7.589629385620356e-04, -7.58208567276597e-04, -7.574374903924763e-04, -7.566516869701445e-04, -7.558529614470899e-04, -7.550428272224963e-04, -7.542227394878864e-04, -7.533939206041396e-04, -7.52557476516813e-04, -7.517144549638033e-04, -7.50865729060024e-04, -7.50012113712728e-04, -7.491542492061853e-04, -7.482928340323269e-04, -7.47428392060101e-04, -7.465614471584558e-04, -7.456924649886787e-04]
oriOutTop.port_a.m_flow=[7.80478585511446e-03, 7.659841328859329e-03, 7.559468504041433e-03, 7.486298680305481e-03, 7.430540397763252e-03, 7.386032026261091e-03, 7.350294850766659e-03, 7.319866679608822e-03, 7.29359220713377e-03, 7.270404603332281e-03, 7.249682676047087e-03, 7.230637595057487e-03, 7.213217671960592e-03, 7.196926511824131e-03, 7.181589957326651e-03, 7.167036179453135e-03, 7.153126411139965e-03, 7.139747031033039e-03, 7.126804441213608e-03, 7.114220410585403e-03, 7.101927883923054e-03, 7.089870516210794e-03, 7.077997084707022e-03, 7.066261023283005e-03, 7.054614834487438e-03, 7.043010555207729e-03, 7.031434681266546e-03, 7.019930984824896e-03, 7.008539047092199e-03, 6.997294258326292e-03, 6.986229214817286e-03, 6.975369993597269e-03, 6.964740343391895e-03, 6.954358424991369e-03, 6.94423820823431e-03, 6.934387609362602e-03, 6.924811750650406e-03, 6.915510166436434e-03, 6.906479131430387e-03, 6.897712592035532e-03, 6.889201700687408e-03, 6.880935747176409e-03, 6.872902158647776e-03, 6.865089293569326e-03, 6.857482716441154e-03, 6.850069388747215e-03, 6.842835806310177e-03, 6.835768464952707e-03, 6.828855257481337e-03, 6.822083611041307e-03, 6.815442349761724e-03, 6.80892076343298e-03, 6.802508141845465e-03, 6.796196103096008e-03, 6.789975799620152e-03, 6.783838849514723e-03, 6.777778267860413e-03, 6.771787535399199e-03, 6.765860132873058e-03, 6.759991403669119e-03, 6.754175759851933e-03, 6.748408544808626e-03, 6.742686498910189e-03, 6.737004965543747e-03, 6.731361150741577e-03, 6.725752260535955e-03, 6.720175500959158e-03, 6.714628078043461e-03, 6.709108129143715e-03, 6.703613325953484e-03, 6.698142737150192e-03, 6.692694034427404e-03, 6.687266286462545e-03, 6.681858096271753e-03, 6.676468066871166e-03, 6.671095732599497e-03, 6.665739230811596e-03, 6.660399027168751e-03, 6.655073259025812e-03, 6.649762392044067e-03, 6.644464563578367e-03, 6.639180239289999e-03, 6.633908487856388e-03, 6.628648843616247e-03, 6.623401306569576e-03, 6.618164945393801e-03, 6.612940225750208e-03, 6.607726216316223e-03, 6.602522917091846e-03, 6.597329862415791e-03, 6.592147517949343e-03, 6.586974952369928e-03, 6.581812165677547e-03, 6.5766591578722e-03, 6.571515928953886e-03, 6.566382013261318e-03, 6.561257410794497e-03, 6.556142121553421e-03, 6.551036145538092e-03, 6.545939017087221e-03, 6.540851201862097e-03]
oriOutBot.port_a.m_flow=[-7.80478585511446e-03, -7.660317234694958e-03, -7.55987549200654e-03, -7.486471906304359e-03, -7.430638652294874e-03, -7.386858575046062e-03, -7.350340485572815e-03, -7.319892756640911e-03, -7.293599657714367e-03, -7.270438596606255e-03, -7.249568589031696e-03, -7.2307288646698e-03, -7.213199511170387e-03, -7.19689903780818e-03, -7.181559223681688e-03, -7.167003117501736e-03, -7.15309102088213e-03, -7.139710243791342e-03, -7.126766256988049e-03, -7.11418129503727e-03, -7.101887837052345e-03, -7.089830469340086e-03, -7.077956572175026e-03, -7.066220510751009e-03, -7.05457478761673e-03, -7.042970508337021e-03, -7.031394634395838e-03, -7.019890937954187e-03, -7.008498534560204e-03, -6.997253280133009e-03, -6.986187305301428e-03, -6.975327618420124e-03, -6.964697036892176e-03, -6.954314187169075e-03, -6.944193039089441e-03, -6.934341508895159e-03, -6.9247642531991e-03, -6.915461737662554e-03, -6.906429771333933e-03, -6.897662300616503e-03, -6.889150477945805e-03, -6.88088359311223e-03, -6.87284953892231e-03, -6.865035742521286e-03, -6.857428234070539e-03, -6.850014440715313e-03, -6.842780392616987e-03, -6.83571258559823e-03, -6.828798912465572e-03, -6.822026800364256e-03, -6.815385073423386e-03, -6.808863021433353e-03, -6.802450399845839e-03, -6.796138361096382e-03, -6.789917591959238e-03, -6.783780641853809e-03, -6.777719594538212e-03, -6.771728862076998e-03, -6.765801459550858e-03, -6.759932730346918e-03, -6.754117086529732e-03, -6.748349871486425e-03, -6.742627825587988e-03, -6.736946292221546e-03, -6.731302477419376e-03, -6.725693587213755e-03, -6.720116827636957e-03, -6.71456940472126e-03, -6.709049455821514e-03, -6.70355511829257e-03, -6.698084529489279e-03, -6.692635826766491e-03, -6.687208078801632e-03, -6.68179988861084e-03, -6.67641032487154e-03, -6.671037990599871e-03, -6.665681954473257e-03, -6.660341285169125e-03, -6.655015982687473e-03, -6.649705115705729e-03, -6.644407287240028e-03, -6.63912296295166e-03, -6.633851677179337e-03, -6.628592032939196e-03, -6.623344495892525e-03, -6.618108600378036e-03, -6.612883880734444e-03, -6.607669871300459e-03, -6.602466572076082e-03, -6.597273983061314e-03, -6.592091638594866e-03, -6.586919073015451e-03, -6.581756286323071e-03, -6.57660374417901e-03, -6.571460515260696e-03, -6.566326599568129e-03, -6.561202462762594e-03, -6.556087173521519e-03, -6.550981197506189e-03, -6.545884534716606e-03, -6.540796253830194e-03]
dooOpeClo.port_a1.m_flow=[4.811525940895081e-01, 2.482133507728577e-01, 2.103570997714996e-01, 1.794094294309616e-01, 1.541850119829178e-01, 1.336123645305634e-01, 1.16676464676857e-01, 1.025479361414909e-01, 9.058784693479538e-02, 8.031456172466278e-02, 7.13672861456871e-02, 6.347069889307022e-02, 5.640608072280884e-02, 4.999670013785362e-02, 4.412238299846648e-02, 3.869514912366867e-02, 3.364503756165504e-02, 2.891374751925468e-02, 2.445153705775738e-02, 2.02142521739006e-02, 1.610914617776871e-02, 1.207378599792719e-02, 8.048319257795811e-03, 3.798880614340305e-03, 3.179013438057154e-04, 1.017294940538704e-03, 4.991147201508284e-03, 8.936800993978989e-03, 1.25996181741357e-02, 1.610382273793221e-02, 1.943972893059254e-02, 2.260999195277691e-02, 2.564052678644657e-02, 2.851974777877331e-02, 3.12368106096983e-02, 3.378482162952423e-02, 3.61604280769825e-02, 3.836346417665482e-02, 4.039647802710533e-02, 4.226420819759369e-02, 4.397308453917503e-02, 4.55307774245739e-02, 4.694578796625137e-02, 4.822710156440735e-02, 4.938390478491783e-02, 5.042534694075584e-02, 5.136044323444366e-02, 5.219796299934387e-02, 5.294621735811234e-02, 5.361301451921463e-02, 5.420569702982903e-02, 5.473111942410469e-02, 5.51956333220005e-02, 5.560509860515594e-02, 5.59648759663105e-02, 5.627988278865814e-02, 5.655459314584732e-02, 5.679308623075485e-02, 5.699905008077621e-02, 5.717583745718002e-02, 5.732646211981773e-02, 5.745365470647812e-02, 5.755986645817757e-02, 5.764731019735336e-02, 5.771796777844429e-02, 5.777362361550331e-02, 5.781587585806847e-02, 5.784615874290466e-02, 5.786575749516487e-02, 5.787581950426102e-02, 5.787737295031548e-02, 5.787134170532227e-02, 5.785854533314705e-02, 5.783972144126892e-02, 5.781552940607071e-02, 5.778655409812927e-02, 5.775332078337669e-02, 5.771630257368088e-02, 5.767590925097466e-02, 5.763252079486847e-02, 5.758647248148918e-02, 5.753805860877037e-02, 5.748754739761353e-02, 5.743518099188805e-02, 5.738116428256035e-02, 5.732569098472595e-02, 5.726892873644829e-02, 5.721102654933929e-02, 5.715212598443031e-02, 5.70923388004303e-02, 5.70317767560482e-02, 5.697053670883179e-02, 5.690870061516762e-02, 5.684634670615196e-02, 5.678354576230049e-02, 5.672035738825798e-02, 5.665683746337891e-02, 5.659303069114685e-02, 5.652898177504539e-02, 5.646472796797752e-02, 5.640031024813652e-02]
dooOpeClo.port_a2.m_flow=[1.375604569911957e-01, 2.452823519706726e-01, 2.078436017036438e-01, 1.771692931652069e-01, 1.522306650876999e-01, 1.319015920162201e-01, 1.151722595095634e-01, 1.012194454669952e-01, 8.941008150577545e-02, 7.926822453737259e-02, 7.04348012804985e-02, 6.264076381921768e-02, 5.56671991944313e-02, 4.934062063694e-02, 4.354206845164298e-02, 3.818480297923088e-02, 3.319987282156944e-02, 2.85298228263855e-02, 2.412562258541584e-02, 1.994371972978115e-02, 1.589187979698181e-02, 1.190811302512884e-02, 7.932969368994236e-03, 3.732954151928425e-03, 3.008682688232511e-04, 1.048962469212711e-03, 5.071229767054319e-03, 9.064615704119218e-03, 1.277414336800576e-02, 1.632373034954071e-02, 1.970342360436916e-02, 2.291565947234631e-02, 2.598616853356361e-02, 2.890322729945183e-02, 3.165589272975922e-02, 3.423721715807915e-02, 3.664383292198181e-02, 3.887559473514557e-02, 4.093509912490845e-02, 4.282715916633606e-02, 4.455829411745071e-02, 4.61362712085247e-02, 4.756971076130867e-02, 4.886770993471146e-02, 5.003958195447922e-02, 5.109459161758423e-02, 5.204186215996742e-02, 5.289029330015182e-02, 5.364828929305077e-02, 5.432376638054848e-02, 5.492416396737099e-02, 5.545642226934433e-02, 5.592697486281395e-02, 5.63417561352253e-02, 5.670620873570442e-02, 5.702529847621918e-02, 5.730357021093369e-02, 5.754514411091805e-02, 5.775377154350281e-02, 5.793283507227898e-02, 5.808539688587189e-02, 5.8214221149683e-02, 5.832178890705109e-02, 5.841034278273582e-02, 5.848189070820808e-02, 5.853824317455292e-02, 5.858101695775986e-02, 5.86116649210453e-02, 5.863148346543312e-02, 5.864164605736732e-02, 5.864318832755089e-02, 5.863704904913902e-02, 5.862405523657799e-02, 5.860495567321777e-02, 5.858041346073151e-02, 5.855102837085724e-02, 5.851733312010765e-02, 5.847979709506035e-02, 5.843884497880936e-02, 5.839486047625542e-02, 5.834817886352539e-02, 5.829910188913345e-02, 5.824790522456169e-02, 5.819482356309891e-02, 5.814006924629211e-02, 5.808384343981743e-02, 5.802631005644798e-02, 5.796762555837631e-02, 5.790792033076286e-02, 5.784732475876808e-02, 5.778594315052032e-02, 5.772387236356735e-02, 5.766120180487633e-02, 5.759800598025322e-02, 5.7534359395504e-02, 5.747031420469284e-02, 5.740593373775482e-02, 5.734126642346382e-02, 5.727635324001312e-02, 5.721123516559601e-02, 5.714594945311546e-02]
volWes.T=[2.951499938964844e+02, 2.954822692871094e+02, 2.957004089355469e+02, 2.958484191894531e+02, 2.959522399902344e+02, 2.960271606445312e+02, 2.9608251953125e+02, 2.961242065429688e+02, 2.961560363769531e+02, 2.961806030273438e+02, 2.961996765136719e+02, 2.962145690917969e+02, 2.962261352539062e+02, 2.962351379394531e+02, 2.962420654296875e+02, 2.96247314453125e+02, 2.962512512207031e+02, 2.962541198730469e+02, 2.96256103515625e+02, 2.962574462890625e+02, 2.962582702636719e+02, 2.962587280273438e+02, 2.962588806152344e+02, 2.962589111328125e+02, 2.962588500976562e+02, 2.962588500976562e+02, 2.962588195800781e+02, 2.962586059570312e+02, 2.962581481933594e+02, 2.962573852539062e+02, 2.962561950683594e+02, 2.962545471191406e+02, 2.962523803710938e+02, 2.962496643066406e+02, 2.962463684082031e+02, 2.962424621582031e+02, 2.962379455566406e+02, 2.962328491210938e+02, 2.962271423339844e+02, 2.962208557128906e+02, 2.962140197753906e+02, 2.962066650390625e+02, 2.961988220214844e+02, 2.961904907226562e+02, 2.961817626953125e+02, 2.96172607421875e+02, 2.961631164550781e+02, 2.961532592773438e+02, 2.961431274414062e+02, 2.961326904296875e+02, 2.961220397949219e+02, 2.961111450195312e+02, 2.961000671386719e+02, 2.960888061523438e+02, 2.960773620605469e+02, 2.960658264160156e+02, 2.960541381835938e+02, 2.960423583984375e+02, 2.960304870605469e+02, 2.960185241699219e+02, 2.960065002441406e+02, 2.959944152832031e+02, 2.959822998046875e+02, 2.959701232910156e+02, 2.959579162597656e+02, 2.959457092285156e+02, 2.959334716796875e+02, 2.959212036132812e+02, 2.95908935546875e+02, 2.958966674804688e+02, 2.958843994140625e+02, 2.958721313476562e+02, 2.9585986328125e+02, 2.958475952148438e+02, 2.958353576660156e+02, 2.958231201171875e+02, 2.958109130859375e+02, 2.957987060546875e+02, 2.957865295410156e+02, 2.957743530273438e+02, 2.957622375488281e+02, 2.957500915527344e+02, 2.957380065917969e+02, 2.957259216308594e+02, 2.957138671875e+02, 2.957018432617188e+02, 2.956898498535156e+02, 2.956778564453125e+02, 2.956659240722656e+02, 2.956539916992188e+02, 2.9564208984375e+02, 2.956302185058594e+02, 2.956183776855469e+02, 2.956065673828125e+02, 2.955947875976562e+02, 2.955830383300781e+02, 2.955712890625e+02, 2.955596008300781e+02, 2.955479125976562e+02, 2.955362548828125e+02, 2.95524658203125e+02]
volEas.T=[2.981499938964844e+02, 2.977703552246094e+02, 2.975116577148438e+02, 2.973252868652344e+02, 2.971847534179688e+02, 2.970744018554688e+02, 2.969846496582031e+02, 2.96909423828125e+02, 2.968447265625e+02, 2.967879028320312e+02, 2.967370910644531e+02, 2.966909484863281e+02, 2.966484985351562e+02, 2.966090087890625e+02, 2.965719604492188e+02, 2.96536865234375e+02, 2.965033874511719e+02, 2.964712524414062e+02, 2.964402465820312e+02, 2.9641015625e+02, 2.963808288574219e+02, 2.963521118164062e+02, 2.963238830566406e+02, 2.962960205078125e+02, 2.962684326171875e+02, 2.962409973144531e+02, 2.962136840820312e+02, 2.961865844726562e+02, 2.961597900390625e+02, 2.961334228515625e+02, 2.961074829101562e+02, 2.960820922851562e+02, 2.960572509765625e+02, 2.960330505371094e+02, 2.96009521484375e+02, 2.959866333007812e+02, 2.959644165039062e+02, 2.9594287109375e+02, 2.959219665527344e+02, 2.959017028808594e+02, 2.95882080078125e+02, 2.95863037109375e+02, 2.958445739746094e+02, 2.958265991210938e+02, 2.958091735839844e+02, 2.957921752929688e+02, 2.957756042480469e+02, 2.957594604492188e+02, 2.9574365234375e+02, 2.957282104492188e+02, 2.957130737304688e+02, 2.956982421875e+02, 2.956836547851562e+02, 2.956693115234375e+02, 2.956551818847656e+02, 2.956412658691406e+02, 2.956275634765625e+02, 2.956139831542969e+02, 2.956005859375e+02, 2.955873413085938e+02, 2.9557421875e+02, 2.955612182617188e+02, 2.9554833984375e+02, 2.955355529785156e+02, 2.955228881835938e+02, 2.955102844238281e+02, 2.954977722167969e+02, 2.954853210449219e+02, 2.954729614257812e+02, 2.954606628417969e+02, 2.954484558105469e+02, 2.95436279296875e+02, 2.954241638183594e+02, 2.95412109375e+02, 2.954001159667969e+02, 2.953881530761719e+02, 2.953762512207031e+02, 2.953643798828125e+02, 2.953525390625e+02, 2.953407897949219e+02, 2.953290405273438e+02, 2.953173522949219e+02, 2.953056640625e+02, 2.952940673828125e+02, 2.95282470703125e+02, 2.952709045410156e+02, 2.952593994140625e+02, 2.952479248046875e+02, 2.952364807128906e+02, 2.952250671386719e+02, 2.952136840820312e+02, 2.952023315429688e+02, 2.951910095214844e+02, 2.951797180175781e+02, 2.9516845703125e+02, 2.951572265625e+02, 2.951460266113281e+02, 2.951348571777344e+02, 2.951237182617188e+02, 2.951126098632812e+02, 2.951015319824219e+02]
volTop.T=[2.931499938964844e+02, 2.931314697265625e+02, 2.931329650878906e+02, 2.931341857910156e+02, 2.931352233886719e+02, 2.931361083984375e+02, 2.931368713378906e+02, 2.931375122070312e+02, 2.931380615234375e+02, 2.931385498046875e+02, 2.931389770507812e+02, 2.931393737792969e+02, 2.931397094726562e+02, 2.931399841308594e+02, 2.931402282714844e+02, 2.931404724121094e+02, 2.931406555175781e+02, 2.931408386230469e+02, 2.931409606933594e+02, 2.931410827636719e+02, 2.931411743164062e+02, 2.931412658691406e+02, 2.931412963867188e+02, 2.931413269042969e+02, 2.93141357421875e+02, 2.93141357421875e+02, 2.931413879394531e+02, 2.931414184570312e+02, 2.931414794921875e+02, 2.931415405273438e+02, 2.931416320800781e+02, 2.931417541503906e+02, 2.931418762207031e+02, 2.931419982910156e+02, 2.931421508789062e+02, 2.931423034667969e+02, 2.931424865722656e+02, 2.931426696777344e+02, 2.931428527832031e+02, 2.9314306640625e+02, 2.931432800292969e+02, 2.931434936523438e+02, 2.931437377929688e+02, 2.931439514160156e+02, 2.931441955566406e+02, 2.931444396972656e+02, 2.931446838378906e+02, 2.931449279785156e+02, 2.931451721191406e+02, 2.931454162597656e+02, 2.931456909179688e+02, 2.931459350585938e+02, 2.931462097167969e+02, 2.931464538574219e+02, 2.93146728515625e+02, 2.9314697265625e+02, 2.931472473144531e+02, 2.931474914550781e+02, 2.931477661132812e+02, 2.931480102539062e+02, 2.931482849121094e+02, 2.931485290527344e+02, 2.931488037109375e+02, 2.931490478515625e+02, 2.931493225097656e+02, 2.931495666503906e+02, 2.931498413085938e+02, 2.931500854492188e+02, 2.931503295898438e+02, 2.931506042480469e+02, 2.931508483886719e+02, 2.931510925292969e+02, 2.931513366699219e+02, 2.931515808105469e+02, 2.931518249511719e+02, 2.931520690917969e+02, 2.931523132324219e+02, 2.931525573730469e+02, 2.931528015136719e+02, 2.931530456542969e+02, 2.931532897949219e+02, 2.931535339355469e+02, 2.931537780761719e+02, 2.931539916992188e+02, 2.931542358398438e+02, 2.931544494628906e+02, 2.931546936035156e+02, 2.931549377441406e+02, 2.931551513671875e+02, 2.931553649902344e+02, 2.931556091308594e+02, 2.931558227539062e+02, 2.931560363769531e+02, 2.931562805175781e+02, 2.93156494140625e+02, 2.931567077636719e+02, 2.931569213867188e+02, 2.931571350097656e+02, 2.931573486328125e+02, 2.931575622558594e+02, 2.931577758789062e+02]
volOut.T=[2.881499938964844e+02, 2.881499938964844e+02, 2.881499938964844e+02, 2.881499938964844e+02, 2.881499938964844e+02, 2.881499938964844e+02, 2.881499938964844e+02, 2.881499938964844e+02, 2.881499938964844e+02, 2.881499938964844e+02, 2.881499938964844e+02, 2.881499938964844e+02, 2.881499938964844e+02, 2.881499938964844e+02, 2.881499938964844e+02, 2.881499938964844e+02, 2.881499938964844e+02, 2.881499938964844e+02, 2.881499938964844e+02, 2.881499938964844e+02, 2.881499938964844e+02, 2.881499938964844e+02, 2.881499938964844e+02, 2.881499938964844e+02, 2.881499938964844e+02, 2.881499938964844e+02, 2.881499938964844e+02, 2.881499938964844e+02, 2.881499938964844e+02, 2.881499938964844e+02, 2.881499938964844e+02, 2.881499938964844e+02, 2.881499938964844e+02, 2.881499938964844e+02, 2.881499938964844e+02, 2.881499938964844e+02, 2.881499938964844e+02, 2.881499938964844e+02, 2.881499938964844e+02, 2.881499938964844e+02, 2.881499938964844e+02, 2.881499938964844e+02, 2.881499938964844e+02, 2.881499938964844e+02, 2.881499938964844e+02, 2.881499938964844e+02, 2.881499938964844e+02, 2.881499938964844e+02, 2.881499938964844e+02, 2.881499938964844e+02, 2.881499938964844e+02, 2.881499938964844e+02, 2.881499938964844e+02, 2.881499938964844e+02, 2.881499938964844e+02, 2.881499938964844e+02, 2.881499938964844e+02, 2.881499938964844e+02, 2.881499938964844e+02, 2.881499938964844e+02, 2.881499938964844e+02, 2.881499938964844e+02, 2.881499938964844e+02, 2.881499938964844e+02, 2.881499938964844e+02, 2.881499938964844e+02, 2.881499938964844e+02, 2.881499938964844e+02, 2.881499938964844e+02, 2.881499938964844e+02, 2.881499938964844e+02, 2.881499938964844e+02, 2.881499938964844e+02, 2.881499938964844e+02, 2.881499938964844e+02, 2.881499938964844e+02, 2.881499938964844e+02, 2.881499938964844e+02, 2.881499938964844e+02, 2.881499938964844e+02, 2.881499938964844e+02, 2.881499938964844e+02, 2.881499938964844e+02, 2.881499938964844e+02, 2.881499938964844e+02, 2.881499938964844e+02, 2.881499938964844e+02, 2.881499938964844e+02, 2.881499938964844e+02, 2.881499938964844e+02, 2.881499938964844e+02, 2.881499938964844e+02, 2.881499938964844e+02, 2.881499938964844e+02, 2.881499938964844e+02, 2.881499938964844e+02, 2.881499938964844e+02, 2.881499938964844e+02, 2.881499938964844e+02, 2.881499938964844e+02, 2.881499938964844e+02]
oriWesTop.dp=[3.509163665771484e+01, 8.493140339851379e-02, 6.729620695114136e-02, 5.480889230966568e-02, 4.57441620528698e-02, 3.891969472169876e-02, 3.34845744073391e-02, 2.914756350219249e-02, 2.556364238262177e-02, 2.257472276687622e-02, 1.993420347571373e-02, 1.770490407943726e-02, 1.568371243774891e-02, 1.388490945100784e-02, 1.225223205983639e-02, 1.075433380901814e-02, 9.366161189973354e-03, 8.067429065704346e-03, 6.841454189270735e-03, 5.67430118098855e-03, 4.554164595901966e-03, 3.471036208793521e-03, 2.415879862383008e-03, 1.380528556182981e-03, 3.567777457647026e-04, -6.628264673054218e-04, -1.676674699410796e-03, -2.676821080967787e-03, -3.65639268420637e-03, -4.609269555658102e-03, -5.529994145035744e-03, -6.414039060473442e-03, -7.257591933012009e-03, -8.057630620896816e-03, -8.811994455754757e-03, -9.519405663013458e-03, -1.017935760319233e-02, -1.079204864799976e-02, -1.135828625410795e-02, -1.187937241047621e-02, -1.235701143741608e-02, -1.279320381581783e-02, -1.319016609340906e-02, -1.355024799704552e-02, -1.387586817145348e-02, -1.416944619268179e-02, -1.443338766694069e-02, -1.467005349695683e-02, -1.488169375807047e-02, -1.507043652236462e-02, -1.523829530924559e-02, -1.538715977221727e-02, -1.551879104226828e-02, -1.563481986522675e-02, -1.573674753308296e-02, -1.582594960927963e-02, -1.590368524193764e-02, -1.597110740840435e-02, -1.602925546467304e-02, -1.607908122241497e-02, -1.612143963575363e-02, -1.615710742771626e-02, -1.618678122758865e-02, -1.621109060943127e-02, -1.623060368001461e-02, -1.624582707881927e-02, -1.625721901655197e-02, -1.626518741250038e-02, -1.627010107040405e-02, -1.62722896784544e-02, -1.627204567193985e-02, -1.626963540911674e-02, -1.626529172062874e-02, -1.625922508537769e-02, -1.625162735581398e-02, -1.624266430735588e-02, -1.623248681426048e-02, -1.622123084962368e-02, -1.620901376008987e-02, -1.619594357907772e-02, -1.618211716413498e-02, -1.616762019693851e-02, -1.61525271832943e-02, -1.613690704107285e-02, -1.612082123756409e-02, -1.610432378947735e-02, -1.608746312558651e-02, -1.607028208673e-02, -1.605281792581081e-02, -1.603510789573193e-02, -1.601718179881573e-02, -1.599906571209431e-02, -1.598078571259975e-02, -1.596236415207386e-02, -1.594381965696812e-02, -1.592516712844372e-02, -1.590642705559731e-02, -1.588761061429977e-02, -1.586872898042202e-02, -1.584979519248009e-02, -1.583082042634487e-02]
oriEasTop.dp=[-3.491568756103516e+01, 8.494745194911957e-02, 6.716383993625641e-02, 5.481584742665291e-02, 4.574352502822876e-02, 3.881851583719254e-02, 3.348477184772491e-02, 2.914573810994625e-02, 2.556715719401836e-02, 2.251699008047581e-02, 1.997054368257523e-02, 1.767193339765072e-02, 1.568284817039967e-02, 1.388397440314293e-02, 1.22512886300683e-02, 1.075335219502449e-02, 9.36516560614109e-03, 8.066423237323761e-03, 6.840422283858061e-03, 5.673263687640429e-03, 4.553128965198994e-03, 3.470035502687097e-03, 2.414913615211844e-03, 1.379521447233856e-03, 3.557553864084184e-04, -6.638467311859131e-04, -1.677693682722747e-03, -2.677841810509566e-03, -3.657418303191665e-03, -4.610302392393351e-03, -5.531036294996738e-03, -6.415092386305332e-03, -7.258657831698656e-03, -8.05871095508337e-03, -8.813089691102505e-03, -9.520514868199825e-03, -1.018048264086246e-02, -1.079318951815367e-02, -1.135944202542305e-02, -1.18805430829525e-02, -1.235819514840841e-02, -1.279440056532621e-02, -1.319137495011091e-02, -1.355146896094084e-02, -1.387709844857454e-02, -1.41706857830286e-02, -1.443463563919067e-02, -1.467130985110998e-02, -1.488295570015907e-02, -1.507170498371124e-02, -1.523956842720509e-02, -1.538843661546707e-02, -1.552007254213095e-02, -1.563610509037971e-02, -1.573803275823593e-02, -1.582723669707775e-02, -1.590497419238091e-02, -1.597239635884762e-02, -1.603054627776146e-02, -1.608037203550339e-02, -1.612273044884205e-02, -1.615839637815952e-02, -1.618807017803192e-02, -1.621237769722939e-02, -1.623188890516758e-02, -1.62471104413271e-02, -1.625850051641464e-02, -1.626646891236305e-02, -1.627138070762157e-02, -1.627356559038162e-02, -1.627331972122192e-02, -1.627090573310852e-02, -1.626656018197536e-02, -1.626049168407917e-02, -1.625289209187031e-02, -1.624392531812191e-02, -1.623374596238136e-02, -1.622248627245426e-02, -1.621026732027531e-02, -1.619719341397285e-02, -1.618336513638496e-02, -1.61688644438982e-02, -1.615376770496368e-02, -1.613814570009708e-02, -1.612205803394318e-02, -1.610555686056614e-02, -1.6088692471385e-02, -1.607150956988335e-02, -1.605404354631901e-02, -1.603632979094982e-02, -1.601839996874332e-02, -1.600028201937675e-02, -1.598200015723705e-02, -1.596357487142086e-02, -1.594502665102482e-02, -1.592637225985527e-02, -1.590762846171856e-02, -1.588880829513073e-02, -1.586992479860783e-02, -1.585098914802074e-02, -1.583200879395008e-02]
oriOutTop.dp=[6.007364988327026e-01, 5.786308646202087e-01, 5.63565731048584e-01, 5.527087450027466e-01, 5.445062518119812e-01, 5.38002610206604e-01, 5.328090190887451e-01, 5.284067988395691e-01, 5.246201753616333e-01, 5.212897658348083e-01, 5.183224678039551e-01, 5.15602707862854e-01, 5.131213665008545e-01, 5.108062028884888e-01, 5.086315274238586e-01, 5.065721273422241e-01, 5.046076774597168e-01, 5.027217864990234e-01, 5.009008049964905e-01, 4.99133437871933e-01, 4.974100589752197e-01, 4.957225322723389e-01, 4.940635561943054e-01, 4.924264550209045e-01, 4.908046424388885e-01, 4.891912937164307e-01, 4.875845611095428e-01, 4.85990434885025e-01, 4.844143986701965e-01, 4.828612208366394e-01, 4.813352823257446e-01, 4.798401296138763e-01, 4.783787727355957e-01, 4.769536852836609e-01, 4.755665063858032e-01, 4.742182791233063e-01, 4.729094505310059e-01, 4.716398417949677e-01, 4.704088270664215e-01, 4.692153930664062e-01, 4.68058168888092e-01, 4.669356346130371e-01, 4.658460319042206e-01, 4.647874534130096e-01, 4.637580513954163e-01, 4.627558887004852e-01, 4.617790877819061e-01, 4.608257412910461e-01, 4.598941206932068e-01, 4.589824974536896e-01, 4.58089292049408e-01, 4.572130143642426e-01, 4.563522636890411e-01, 4.55505758523941e-01, 4.546722769737244e-01, 4.538507759571075e-01, 4.53040212392807e-01, 4.522396922111511e-01, 4.514483511447906e-01, 4.506655037403107e-01, 4.498904049396515e-01, 4.491224586963654e-01, 4.483611285686493e-01, 4.476058781147003e-01, 4.468562602996826e-01, 4.461118578910828e-01, 4.453723430633545e-01, 4.446373581886292e-01, 4.439066052436829e-01, 4.431798160076141e-01, 4.424567520618439e-01, 4.417372345924377e-01, 4.410210251808167e-01, 4.403079450130463e-01, 4.395979046821594e-01, 4.388906955718994e-01, 4.381862282752991e-01, 4.374843537807465e-01, 4.367850422859192e-01, 4.360881447792053e-01, 4.353936016559601e-01, 4.347013235092163e-01, 4.340112507343292e-01, 4.333233237266541e-01, 4.326375126838684e-01, 4.319537281990051e-01, 4.312719702720642e-01, 4.305921494960785e-01, 4.29914265871048e-01, 4.292382895946503e-01, 4.285641610622406e-01, 4.27891880273819e-01, 4.272213876247406e-01, 4.265527129173279e-01, 4.25885796546936e-01, 4.252206385135651e-01, 4.245571792125702e-01, 4.238954782485962e-01, 4.232354462146759e-01, 4.225770831108093e-01, 4.219204187393188e-01]
oriOutBot.dp=[-6.007364988327026e-01, -5.787028074264526e-01, -5.636264085769653e-01, -5.527343153953552e-01, -5.445206165313721e-01, -5.381230711936951e-01, -5.328156352043152e-01, -5.284105539321899e-01, -5.246212482452393e-01, -5.212946534156799e-01, -5.183061361312866e-01, -5.156158208847046e-01, -5.131188035011292e-01, -5.108023285865784e-01, -5.086271166801453e-01, -5.065673589706421e-01, -5.046026706695557e-01, -5.02716600894928e-01, -5.008954405784607e-01, -4.991279244422913e-01, -4.974044859409332e-01, -4.957168996334076e-01, -4.940578937530518e-01, -4.924207925796509e-01, -4.907990396022797e-01, -4.891857504844666e-01, -4.875790178775787e-01, -4.859848916530609e-01, -4.844087660312653e-01, -4.828555583953857e-01, -4.813295304775238e-01, -4.79834258556366e-01, -4.783728122711182e-01, -4.769476056098938e-01, -4.755603075027466e-01, -4.742119610309601e-01, -4.729029834270477e-01, -4.7163325548172e-01, -4.704020917415619e-01, -4.692085385322571e-01, -4.680512249469757e-01, -4.669285714626312e-01, -4.658388495445251e-01, -4.647802114486694e-01, -4.637507200241089e-01, -4.627484977245331e-01, -4.617716073989868e-01, -4.608182013034821e-01, -4.598865211009979e-01, -4.589748382568359e-01, -4.580816030502319e-01, -4.572052955627441e-01, -4.563445150852203e-01, -4.554979801177979e-01, -4.546644985675812e-01, -4.53842967748642e-01, -4.530324041843414e-01, -4.522318840026855e-01, -4.514405429363251e-01, -4.506576955318451e-01, -4.498825967311859e-01, -4.491146504878998e-01, -4.483533203601837e-01, -4.475980699062347e-01, -4.468484818935394e-01, -4.46104109287262e-01, -4.453645944595337e-01, -4.446296095848083e-01, -4.438988864421844e-01, -4.431720972061157e-01, -4.424490630626678e-01, -4.417295455932617e-01, -4.41013365983963e-01, -4.40300315618515e-01, -4.395902752876282e-01, -4.388830959796906e-01, -4.381786286830902e-01, -4.374768137931824e-01, -4.367775022983551e-01, -4.360806345939636e-01, -4.353860914707184e-01, -4.34693843126297e-01, -4.340038001537323e-01, -4.333159029483795e-01, -4.326301217079163e-01, -4.319463670253754e-01, -4.312646090984344e-01, -4.305848181247711e-01, -4.29906964302063e-01, -4.292309880256653e-01, -4.28556889295578e-01, -4.278846383094788e-01, -4.272141754627228e-01, -4.265455007553101e-01, -4.258786141872406e-01, -4.252134561538696e-01, -4.245500564575195e-01, -4.238883554935455e-01, -4.232283532619476e-01, -4.225700199604034e-01, -4.219133853912354e-01]
dooOpeClo.dpAB[1]=[1.630439311265945e-01, 8.869970589876175e-02, 7.025924324989319e-02, 5.732066929340363e-02, 4.785469174385071e-02, 4.067343845963478e-02, 3.50460484623909e-02, 3.051056526601314e-02, 2.676519751548767e-02, 2.360642701387405e-02, 2.089299820363522e-02, 1.852373592555523e-02, 1.64251271635294e-02, 1.454215124249458e-02, 1.283289492130279e-02, 1.12645486369729e-02, 9.810946881771088e-03, 8.450868539512157e-03, 7.166855968534946e-03, 5.944352131336927e-03, 4.771000239998102e-03, 3.636342007666826e-03, 2.530899131670594e-03, 1.446081325411797e-03, 3.733345656655729e-04, -6.951046525500715e-04, -1.757435267791152e-03, -2.805321943014864e-03, -3.831577254459265e-03, -4.82979416847229e-03, -5.794263910502195e-03, -6.720251403748989e-03, -7.60377012193203e-03, -8.441662415862083e-03, -9.231672622263432e-03, -9.972471743822098e-03, -1.066353730857372e-02, -1.130508538335562e-02, -1.189796533435583e-02, -1.244354899972677e-02, -1.294362265616655e-02, -1.340028923004866e-02, -1.381587237119675e-02, -1.419283449649811e-02, -1.453370973467827e-02, -1.484103407710791e-02, -1.511732954531908e-02, -1.536506786942482e-02, -1.55866052955389e-02, -1.578417234122753e-02, -1.595987379550934e-02, -1.611569337546825e-02, -1.625347323715687e-02, -1.637491956353188e-02, -1.648160256445408e-02, -1.657496765255928e-02, -1.665632985532284e-02, -1.67268943041563e-02, -1.678775437176228e-02, -1.683990098536015e-02, -1.688423380255699e-02, -1.692156121134758e-02, -1.695261523127556e-02, -1.697805523872375e-02, -1.699847355484962e-02, -1.701440289616585e-02, -1.702632196247578e-02, -1.703465729951859e-02, -1.703979633748531e-02, -1.704208180308342e-02, -1.704182289540768e-02, -1.703929342329502e-02, -1.703474298119545e-02, -1.702838949859142e-02, -1.702043227851391e-02, -1.701104640960693e-02, -1.700039021670818e-02, -1.69886015355587e-02, -1.697581075131893e-02, -1.696212589740753e-02, -1.694764941930771e-02, -1.693247072398663e-02, -1.691666804254055e-02, -1.690031588077545e-02, -1.688347384333611e-02, -1.686620153486729e-02, -1.684854924678802e-02, -1.68305616825819e-02, -1.681227795779705e-02, -1.679373718798161e-02, -1.677496917545795e-02, -1.675600372254848e-02, -1.673686504364014e-02, -1.6717579215765e-02, -1.669816300272942e-02, -1.667863689363003e-02, -1.665901765227318e-02, -1.663931645452976e-02, -1.661955006420612e-02, -1.659972779452801e-02, -1.657986268401146e-02]
