last-generated=2025-08-19
statistics-simulation=
{
  "linear": " ",
  "nonlinear": "1",
  "numerical Jacobians": "0"
}
time=[1.728e+07, 1.78848e+07]
sim.Vdir=[1.466076612472534e+00, 1.633240938186646e+00, 1.714112997055054e+00, 1.872043371200562e+00, 2.040785312652588e+00, 2.136422634124756e+00, 1.963812828063965e+00, 2.103660106658936e+00, 2.426537036895752e+00, 2.4223313331604e+00, 2.354115724563599e+00, 2.011317491531372e+00, 1.859464526176453e+00, 1.993165969848633e+00, 2.147324562072754e+00, 2.296294689178467e+00, 2.366768598556519e+00, 2.465864181518555e+00, 2.491709232330322e+00, 2.459097623825073e+00, 2.639735698699951e+00, 3.063415288925171e+00, 3.65103006362915e+00, 4.144049644470215e+00, 4.288677215576172e+00, 4.188790321350098e+00, 3.906570196151733e+00, 3.792349815368652e+00, 4.561851024627686e+00, 4.325147151947021e+00, 4.122223377227783e+00, 3.936963081359863e+00, 3.858435869216919e+00, 3.971881866455078e+00, 4.444961071014404e+00, 4.909002780914307e+00, 4.956827163696289e+00, 5.174090385437012e+00, 5.393336296081543e+00, 5.542471885681152e+00, 5.79628849029541e+00, 6.004375457763672e+00, 5.813243865966797e+00, 4.928085803985596e+00, 9.236045479774475e-01, 2.245811223983765e-01, 1.279026865959167e-01, 6.19158411026001e+00, 4.53545480966568e-01, 6.682016253471375e-01, 4.886921942234039e-01, 7.407940030097961e-01, 6.303169131278992e-01, 6.250003814697266e+00, 5.848006248474121e+00, 5.856905937194824e+00, 5.625155925750732e+00, 5.392106056213379e+00, 5.336723327636719e+00, 5.539204597473145e+00, 5.687044143676758e+00, 6.022120475769043e+00, 6.093991756439209e+00, 6.211981296539307e+00, 5.904099941253662e+00, 5.725644111633301e+00, 5.771749019622803e+00, 5.690808296203613e+00, 5.843157291412354e+00, 5.932158946990967e+00, 5.557541847229004e+00, 5.201081275939941e+00, 5.201081275939941e+00, 5.167072296142578e+00, 4.864885807037354e+00, 4.799655437469482e+00, 4.630161285400391e+00, 4.381889343261719e+00, 3.672560453414917e+00, 3.937329530715942e+00, 4.272642135620117e+00, 4.255810737609863e+00, 4.332253456115723e+00, 4.414636135101318e+00, 4.56997013092041e+00, 4.409287929534912e+00, 4.010997295379639e+00, 4.135371208190918e+00, 3.98991322517395e+00, 4.000706195831299e+00, 3.895495176315308e+00, 4.159266948699951e+00, 4.295558929443359e+00, 4.384716033935547e+00, 4.325443267822266e+00, 4.420589923858643e+00, 4.651517391204834e+00, 5.238532543182373e+00, 5.719790458679199e+00, 5.900038719177246e+00, 5.515240669250488e+00]
north.pWin=[-1.415923118591309e+00, -9.552211165428162e-01, -8.027400970458984e-01, -8.55216920375824e-01, -8.685457110404968e-01, -5.779547691345215e-01, -2.294448018074036e-01, -7.928663492202759e-01, -1.940718412399292e+00, -7.553613185882568e-01, -1.64220917224884e+00, -1.326024889945984e+00, -1.883644163608551e-01, -8.524101972579956e-01, -8.5500568151474e-01, -3.828752994537354e+00, -5.139875888824463e+00, -5.859861373901367e+00, -7.131320476531982e+00, -7.186527729034424e+00, -4.980770587921143e+00, -5.97708797454834e+00, -6.30350399017334e+00, -3.963399171829224e+00, -9.520811438560486e-01, -8.415441513061523e-01, -8.134889602661133e-01, -5.154220461845398e-01, -8.22634756565094e-01, -1.082664489746094e+00, -8.65717887878418e-01, -8.465214371681213e-01, -8.281360268592834e-01, -1.234180569648743e+00, -1.886186957359314e+00, -1.189220428466797e+00, -1.010405302047729e+00, -3.78517210483551e-01, 2.430206537246704e-01, 4.885240793228149e-01, 1.900832414627075e+00, 1.607670068740845e+00, 1.019637584686279e+00, -4.864042699337006e-01, 8.333732932806015e-02, 3.165144324302673e-01, 3.46998006105423e-01, 4.60045725107193e-01, 8.818650841712952e-01, 1.06274701654911e-01, 5.85310697555542e-01, 2.00362429022789e-01, 9.746145606040955e-01, 2.127642154693604e+00, 2.59458065032959e+00, 2.651493072509766e+00, 8.491899371147156e-01, 1.401889473199844e-01, 2.667230740189552e-02, 2.944394648075104e-01, 9.808939695358276e-01, 8.397403359413147e-01, 8.382760286331177e-01, 1.909796118736267e+00, 1.134166121482849e+00, 2.04352593421936e+00, 1.264692187309265e+00, 1.041541814804077e+00, 1.456680178642273e+00, 2.962549924850464e+00, 3.068753778934479e-01, -1.696217507123947e-01, -3.717627003788948e-02, -7.291014492511749e-02, -5.907054543495178e-01, -6.591264009475708e-01, -6.016625761985779e-01, -8.553440570831299e-01, -7.310492992401123e-01, -1.866979241371155e+00, -1.919381499290466e+00, -8.645063638687134e-01, -1.867949843406677e+00, -2.657652378082275e+00, -7.039213180541992e-01, -1.743214577436447e-01, -9.701333045959473e-01, -1.99279323220253e-01, -4.442654252052307e-01, -4.861935377120972e-01, -9.693881273269653e-01, -1.917402386665344e+00, -2.550756454467773e+00, -8.403544425964355e-01, -1.893516421318054e+00, -2.418353796005249e+00, -1.398329019546509e+00, -8.863518387079239e-02, 8.502823114395142e-01, 1.050676941871643e+00, 6.551920622587204e-02]
west.pWin=[-1.110059499740601e+00, -6.111639142036438e-01, -5.102829337120056e-01, -5.916714072227478e-01, -6.965523958206177e-01, -5.036893486976624e-01, -1.716336309909821e-01, -6.72178328037262e-01, -2.00484299659729e+00, -7.785227298736572e-01, -1.640956997871399e+00, -1.035449385643005e+00, -1.290606260299683e-01, -6.547477841377258e-01, -7.518050670623779e-01, -3.727273941040039e+00, -5.160544395446777e+00, -6.197591781616211e+00, -7.673522472381592e+00, -7.568177700042725e+00, -6.036215782165527e+00, -9.388666152954102e+00, -9.908594489097595e-01, 2.273895740509033e+00, 7.375175356864929e-01, 5.351357460021973e-01, 2.117785811424255e-01, 5.12491837143898e-02, 9.384412169456482e-01, 8.930792212486267e-01, 4.705322086811066e-01, 2.522338330745697e-01, 1.629167348146439e-01, 4.219742715358734e-01, 1.862051844596863e+00, 1.977892994880676e+00, 1.807714581489563e+00, 1.312145233154297e+00, 7.396533489227295e-01, 3.212042152881622e-01, -4.625430405139923e-01, -8.454434275627136e-01, -2.795509994029999e-01, 8.317075371742249e-01, -8.883087038993835e-01, -3.031615316867828e-01, -2.965784966945648e-01, -3.145777583122253e-01, -1.202566742897034e+00, -2.432054430246353e-01, -8.551188707351685e-01, -5.866451859474182e-01, -1.995767593383789e+00, -1.545181035995483e+00, -8.608475923538208e-01, -9.159871339797974e-01, 1.950405240058899e-01, 4.341160655021667e-01, 2.552973926067352e-01, 1.999887675046921e-01, 1.447785086929798e-02, -4.561963081359863e-01, -5.092517733573914e-01, -1.334519028663635e+00, -4.669809937477112e-01, -1.847687959671021e-01, -2.466926127672195e-01, 3.821782302111387e-03, -4.722001552581787e-01, -1.323851108551025e+00, 1.727633476257324e-01, 7.068827748298645e-01, 1.549286246299744e-01, 2.427689880132675e-01, 9.268567562103271e-01, 9.594284892082214e-01, 7.391984462738037e-01, 7.718178629875183e-01, -8.276056498289108e-02, 5.571401119232178e-01, 1.444237351417542e+00, 6.303207874298096e-01, 1.559070825576782e+00, 2.515677928924561e+00, 8.104076981544495e-01, 1.637541502714157e-01, 3.810302019119263e-01, 1.119351163506508e-01, 1.622271835803986e-01, 1.84381976723671e-01, 2.386493235826492e-01, 1.140552282333374e+00, 2.00015926361084e+00, 7.615124583244324e-01, 1.562712788581848e+00, 2.308513641357422e+00, 1.756090044975281e+00, 5.410689115524292e-01, -6.429062038660049e-02, -4.270069599151611e-01, 5.59319406747818e-02]
east.pWin=[2.100672245025635e+00, 1.197697877883911e+00, 9.232439398765564e-01, 8.055088520050049e-01, 6.170892715454102e-01, 3.337607085704803e-01, 1.874460428953171e-01, 4.939601421356201e-01, 3.769935071468353e-01, 1.511163860559464e-01, 4.733771979808807e-01, 9.96344268321991e-01, 1.806006878614426e-01, 6.618897318840027e-01, 4.808355867862701e-01, 1.383085370063782e+00, 1.401558756828308e+00, 8.067370057106018e-01, 6.992903351783752e-01, 1.061560750007629e+00, -8.62336277961731e-01, -8.035185813903809e+00, -7.588334560394287e+00, -3.461826086044312e+00, -7.321966886520386e-01, -7.07760214805603e-01, -8.20058286190033e-01, -5.542750954627991e-01, -5.237171649932861e-01, -8.057020902633667e-01, -7.695808410644531e-01, -8.433311581611633e-01, -8.546566963195801e-01, -1.210681080818176e+00, -1.272420883178711e+00, -1.183912515640259e+00, -1.179802179336548e+00, -1.4466313123703e+00, -1.671056151390076e+00, -1.429926872253418e+00, -2.766955137252808e+00, -1.653990387916565e+00, -1.434993743896484e+00, -5.145148038864136e-01, 4.456467926502228e-01, -1.82622104883194e-01, -2.277944833040237e-01, -3.781386911869049e-01, -2.665188610553741e-01, 2.891118451952934e-02, -1.404496282339096e-01, 1.318446099758148e-01, 1.21982716023922e-01, -1.647917509078979e+00, -3.419434785842896e+00, -3.438638210296631e+00, -1.884223580360413e+00, -9.761919379234314e-01, -4.691838622093201e-01, -8.72494637966156e-01, -1.832525014877319e+00, -8.433776497840881e-01, -7.68706202507019e-01, -1.536848068237305e+00, -1.356523990631104e+00, -3.471219539642334e+00, -1.937259197235107e+00, -1.927127242088318e+00, -1.936921358108521e+00, -3.387935400009155e+00, -8.49956214427948e-01, -8.422425985336304e-01, -1.845956593751907e-01, -2.624160945415497e-01, -5.186428427696228e-01, -4.987757503986359e-01, -3.826643824577332e-01, -6.059529185295105e-01, -8.637150526046753e-01, -1.859674692153931e+00, -1.497729420661926e+00, -6.849635243415833e-01, -1.381329536437988e+00, -1.833658933639526e+00, -4.473918378353119e-01, -1.207779049873352e-01, -9.31826114654541e-01, -1.752953827381134e-01, -4.317960739135742e-01, -4.69758927822113e-01, -9.819762706756592e-01, -1.653745889663696e+00, -1.949463248252869e+00, -5.939348936080933e-01, -1.408753156661987e+00, -1.660920023918152e+00, -8.95216166973114e-01, -7.212038636207581e-01, -1.464536428451538e+00, -1.265095829963684e+00, -2.132460176944733e-01]
south.pWin=[-1.750852108001709e+00, -8.445521593093872e-01, -5.950669050216675e-01, -4.05056357383728e-01, -1.691336184740067e-01, -2.331864833831787e-02, -7.370103895664215e-02, -7.355313748121262e-02, 7.514640688896179e-01, 2.875389754772186e-01, 4.646713435649872e-01, -3.221975266933441e-01, -9.317493438720703e-02, -2.325486093759537e-01, -1.969865150749683e-02, 7.774434089660645e-01, 1.541501522064209e+00, 2.645599365234375e+00, 3.542935371398926e+00, 3.162214517593384e+00, 4.021080493927002e+00, 1.158343315124512e+01, 4.974973678588867e+00, -1.428125351667404e-01, -2.576374709606171e-01, -9.062782675027847e-02, 2.549968659877777e-01, 2.552573978900909e-01, -5.99540650844574e-01, -3.580999374389648e-01, -1.296553062275052e-03, 2.305933386087418e-01, 3.183518350124359e-01, 2.768760025501251e-01, -1.000120520591736e+00, -1.830032110214233e+00, -1.776126265525818e+00, -1.817380309104919e+00, -1.761512994766235e+00, -1.402841925621033e+00, -2.252970695495605e+00, -1.124956607818604e+00, -1.150780320167542e+00, -7.87788450717926e-01, -9.576374888420105e-01, -1.989743262529373e-01, -1.881168633699417e-01, -2.400767803192139e-01, -9.502015113830566e-01, -2.288317531347275e-01, -6.973909139633179e-01, -5.755559802055359e-01, -1.829148292541504e+00, -1.070094347000122e+00, -2.657211780548096e+00, -2.650643825531006e+00, -1.760879874229431e+00, -1.029834389686584e+00, -5.141719579696655e-01, -8.573252558708191e-01, -1.636702299118042e+00, -5.664277076721191e-01, -4.956760108470917e-01, -9.803280234336853e-01, -1.002200722694397e+00, -3.004981517791748e+00, -1.612078070640564e+00, -1.716115355491638e+00, -1.511802077293396e+00, -2.442282915115356e+00, -8.274919986724854e-01, -1.032731413841248e+00, -2.263453900814056e-01, -3.317694067955017e-01, -8.142901659011841e-01, -7.850325703620911e-01, -5.105701684951782e-01, -3.63409698009491e-01, 5.403775572776794e-01, 5.07646918296814e-01, -4.688107073307037e-01, -1.873033195734024e-01, -6.397930979728699e-01, -1.274255514144897e+00, -5.229078531265259e-01, -8.202429860830307e-02, 1.631409674882889e-01, -4.436803981661797e-03, 8.828672021627426e-02, 8.905066549777985e-02, 3.190140724182129e-01, -1.155919432640076e-01, -7.191428542137146e-01, -3.609943091869354e-01, -6.272223591804504e-01, -1.183582663536072e+00, -1.240303635597229e+00, -8.55639636516571e-01, -1.274000525474548e+00, -9.380336403846741e-01, -2.118009924888611e-01]
