last-generated=2016-08-04
statistics-simulation=
{
  "numerical Jacobians": "0", 
  "nonlinear": "1", 
  "number of continuous time states": "9", 
  "linear": " "
}
HP_recomp.P_evap=[48444.1640625, 26105.345703125, 26359.349609375, 26550.173828125, 26667.40234375, 26719.642578125, 26766.560546875, 26730.462890625, 26608.013671875, 26400.67578125, 26115.15234375, 25762.890625, 25359.376953125, 24923.23046875, 24475.10546875, 24038.39453125, 23599.818359375, 23263.833984375, 23030.55859375, 22850.912109375, 22757.640625, 22760.31640625, 22864.578125, 23072.21875, 23380.779296875, 23783.515625, 24269.61328125, 24824.48046875, 25430.32031250000363797881, 26066.833984375, 26712.08984375, 27343.13671875, 27979.6875, 28575.111328125, 29086.23437500000363797881, 29491.72265625, 29775.447265625, 29926.046875, 29937.3984375, 29809.134765625, 29546.408203125, 29159.748046875, 28664.734375, 28081.154296875, 27446.015625, 26820.873046875, 26176.80078125, 25537.642578125, 24925.740234375, 24361.7421875, 23863.92578125, 23447.443359375, 23123.751953125, 22900.224609375, 22779.958984375, 22761.77734375, 22840.48828125, 23007.30078125, 23231.90625, 23551.529296875, 23973.62109375, 24410.818359375, 24857.599609375, 25295.3984375, 25703.416015625, 26062.8203125, 26357.705078125, 26576.05078125, 26710.505859375, 26758.888671875, 26724.21484375, 26666.98828125, 26560.26171875, 26380.283203125, 26134.744140625, 25869.005859375, 25595.8125, 25321.7265625, 25065.54296875, 24846.328125, 24681.64453125, 24586.482421875, 24572.26953125, 24646.072265625, 24810.03125, 25061.123046875, 25391.14453125, 25787.009765625, 26231.341796875, 26703.37109375, 27179.955078125, 27636.890625, 28090.720703125, 28498.44921875, 28806.548828125, 28996.49609375, 29057.96875, 28986.1015625, 28782.201171875, 28453.3046875, 28011.298828125]
HP_nom_recomp.P_evap=[48444.1640625, 27599.98828125, 27821.982421875, 27979.6484375, 28061.25, 28203.64453125, 28266.8046875, 28222.60546875, 28093.408203125, 27886.693359375, 27593.88671875, 27217.287109375, 26783.962890625, 26314.884765625, 25832.486328125, 25360.16015625, 24921.01171875, 24536.787109375, 24225.0703125, 24036.47265625, 23950.6796875, 23965.361328125, 24086.48828125, 24315.828125, 24650.712890625, 25083.98046875, 25604.16796875, 26195.83984375, 26840.18750000000363797881, 27561.927734375, 28313.4140625, 29053.30078125, 29753.33984375, 30386.4140625, 30927.80078125000363797881, 31356.21875, 31654.818359375, 31811.859375, 31821.072265625, 31682.236328125, 31400.853515625, 30988.005859375, 30460.107421875, 29837.9296875, 29145.845703125, 28410.724609375, 27660.73046875, 26933.294921875, 26285.568359375, 25688.357421875, 25160.515625, 24717.955078125, 24372.580078125, 24131.974609375, 23999.23046875, 23972.966796875, 24047.626953125, 24219.47070312499636202119, 24517.265625, 24892.23046875, 25323.640625, 25790.125, 26268.92578125, 26736.724609375, 27170.81640625, 27550.724609375, 27849.142578125, 28060.916015625, 28196.2421875, 28247.80078125, 28195.216796875, 28058.11328125, 27957.611328125, 27807.896484375, 27590.962890625, 27319.58203125, 27011.1328125, 26689.71875, 26436.919921875, 26220.6875, 26060.3203125, 25971.751953125, 25966.984375, 26053.41015625, 26233.212890625, 26503.0625, 26854.12109375, 27272.369140625, 27739.2578125, 28275.484375, 28855.2421875, 29404.29296875, 29892.74609375, 30293.7578125, 30585.25390625, 30750.8203125, 30780.603515625, 30670.8828125, 30424.25, 30049.095703125, 29558.603515625]
HP_nom.P_evap=[30597.548828125, 28116.921875, 28349.9921875, 28507.529296875, 28627.103515625, 28767.443359375, 28800.83203125, 28732.78125, 28571.052734375, 28325.396484375, 28006.73046875, 27623.88671875, 27113.96875, 26566.072265625, 26005.390625, 25459.34375, 24954.54296875, 24515.78515625, 24163.05078125, 23956.66796875, 23864.84765625, 23888.4921875, 24034.484375, 24304.765625, 24696.142578125, 25200.166015625, 25803.35546875, 26487.671875, 27270.24609375000363797881, 28132.765625, 29012.169921875, 29875.359375, 30689.267578125, 31422.44921875, 32046.61132812500363797881, 32511.888671875, 32832.3125, 32996.3359375, 32997.6875, 32836.41015625, 32518.80078125, 32055.98046875, 31434.435546875, 30704.630859375, 29894.3046875, 29035.046875, 28159.876953125, 27301.896484375, 26526.927734375, 25847.87890625, 25250.134765625, 24751.384765625, 24364.873046875, 24098.75, 23955.9140625, 23934.099609375, 24026.22265625, 24227.51171874999636202119, 24573.568359375, 25007.10546875, 25505.048828125, 26042.67578125, 26593.509765625, 27130.451171875, 27627.69921875, 27996.9765625, 28304.42578125, 28539.033203125, 28690.91796875, 28750.892578125, 28711.76171875, 28568.345703125, 28411.490234375, 28251.17578125, 28015.71484375, 27717.611328125, 27375.810546875, 27014.513671875, 26698.650390625, 26459.072265625, 26284.494140625, 26192.796875, 26197.724609375, 26307.619140625, 26524.69921875, 26844.673828125, 27256.783203125, 27744.220703125, 28341.171875, 29018.912109375, 29690.11328125, 30317.62890625, 30866.85546875, 31307.86328125, 31616.95703125, 31756.2890625, 31747.111328125, 31586.837890625, 31279.1953125, 30833.80859375, 30265.5546875]
HP.P_evap=[30592.345703125, 28114.7734375, 28347.919921875, 28505.525390625, 28624.931640625, 28765.435546875, 28798.873046875, 28730.861328125, 28569.16015625, 28323.521484375, 28004.859375, 27621.552734375, 27111.720703125, 26563.8359375, 26003.171875, 25457.146484375, 24952.3671875, 24513.62890625, 24160.9296875, 23954.6484375, 23862.80859375, 23886.435546875, 24032.408203125, 24302.677734375, 24694.041015625, 25198.0546875, 25801.236328125, 26485.548828125, 27267.82421875000363797881, 28130.337890625, 29009.7421875, 29872.931640625, 30686.845703125, 31420.033203125, 32044.19335937500363797881, 32509.63671875, 32830.0625, 32994.08984375, 32995.4375, 32834.1640625, 32516.548828125, 32053.546875, 31432.017578125, 30702.20703125, 29891.875, 29032.615234375, 28157.443359375, 27299.46875, 26524.798828125, 25845.7578125, 25248.021484375, 24749.28125, 24362.78125, 24096.671875, 23953.853515625, 23932.05859375, 24024.203125, 24225.41796874999636202119, 24571.4140625, 25004.9296875, 25502.8515625, 26040.458984375, 26591.2734375, 27128.197265625, 27625.423828125, 27995.103515625, 28302.552734375, 28537.14453125, 28689.00390625, 28748.939453125, 28709.763671875, 28566.162109375, 28409.494140625, 28249.111328125, 28013.57421875, 27715.392578125, 27373.509765625, 27012.13671875, 26696.5078125, 26456.908203125, 26282.306640625, 26190.59375, 26195.505859375, 26305.390625, 26522.46484375, 26842.4375, 27254.548828125, 27741.9921875, 28338.525390625, 29016.3046875, 29687.552734375, 30315.12109375, 30864.40234375, 31305.46875, 31614.619140625, 31754.13671875, 31745., 31584.76171875, 31277.15234375, 30831.796875, 30263.564453125]
time=[0., 10000.]
HP_recomp.cop=[9.47000026702880859375, 3.88961863517761230469, 3.88009810447692871094, 3.86686944961547851562, 3.84892106056213378906, 3.82723855972290039062, 3.80499601364135742188, 3.77755212783813476562, 3.74570369720458984375, 3.71031904220581054688, 3.67234110832214355469, 3.6327667236328125, 3.59265589714050292969, 3.55314755439758300781, 3.51547408103942871094, 3.48124337196350097656, 3.45368432998657226562, 3.431377410888671875, 3.41576147079467773438, 3.41690158843994140625, 3.42955160140991210938, 3.45460844039916992188, 3.49254918098449707031, 3.54344415664672851562, 3.60687398910522460938, 3.68190073966979980469, 3.76706290245056152344, 3.86038851737976074219, 3.95944833755493208471, 4.06145048141479492188, 4.16333103179931640625, 4.26187276840209960938, 4.35823678970336914062, 4.44632387161254882812, 4.521503448486328125, 4.58084440231323242188, 4.62218713760375976562, 4.64401102066040039062, 4.6455059051513671875, 4.62664031982421875, 4.58812713623046875, 4.53139829635620117188, 4.45856952667236328125, 4.37231588363647460938, 4.27719545364379882812, 4.17998027801513671875, 4.07875537872314453125, 3.97692775726318359375, 3.87758994102478027344, 3.78357386589050292969, 3.69735503196716308594, 3.6209659576416015625, 3.55593943595886230469, 3.5032825469970703125, 3.46348237991333007812, 3.43653535842895507812, 3.42200160026550292969, 3.41907072067260742188, 3.43061304092407226562, 3.45318102836608886719, 3.47991108894348144531, 3.51267337799072265625, 3.54957079887390136719, 3.58831524848937988281, 3.62768006324768066406, 3.66654062271118164062, 3.70386648178100585938, 3.73870301246643066406, 3.77016615867614790503, 3.79745626449584916529, 3.81989383697509765625, 3.841136932373046875, 3.85893487930297851562, 3.87219953536987304688, 3.8812580108642578125, 3.88994503021240234375, 3.89885497093200683594, 3.90842962265014648438, 3.91988682746887207031, 3.93449139595031738281, 3.95333838462829589844, 3.9772617816925053269, 4.00673580169677734375, 4.0417957305908203125, 4.081989288330078125, 4.12636709213256835938, 4.173511505126953125, 4.22160768508911132812, 4.26854610443115234375, 4.31205320358276367188, 4.34982442855834960938, 4.37966060638427734375, 4.40385150909423828125, 4.41782283782958984375, 4.4176387786865234375, 4.40220975875854492188, 4.37146520614624023438, 4.3258686065673828125, 4.2664585113525390625, 4.19478368759155273438, 4.11278581619262695312]
HP_nom.cop=[8.574787139892578125, 4.08931112289428710938, 4.07745504379272460938, 4.06081914901733398438, 4.0412120819091796875, 4.01795148849487304688, 3.98903203010559082031, 3.95526885986328125, 3.91751790046691894531, 3.87675261497497558594, 3.8339996337890625, 3.79019975662231445312, 3.74271392822265625, 3.69623684883117675781, 3.65184760093688964844, 3.61113619804382324219, 3.57582879066467285156, 3.54779028892517089844, 3.52978563308715820312, 3.52592301368713378906, 3.53906154632568359375, 3.56659698486328125, 3.60914468765258789062, 3.66678690910339355469, 3.7390289306640625, 3.82475447654724121094, 3.92221999168395996094, 4.02908849716186523438, 4.14638471603393643505, 4.27107191085815429688, 4.39636373519897460938, 4.51802873611450195312, 4.63183307647705078125, 4.73374509811401367188, 4.82015657424926757812, 4.88432931900024414062, 4.9285373687744140625, 4.95124483108520507812, 4.95164632797241210938, 4.929752349853515625, 4.8863677978515625, 4.82290029525756835938, 4.737239837646484375, 4.63628435134887695312, 4.5234661102294921875, 4.40284204483032226562, 4.278614044189453125, 4.1549930572509765625, 4.03939533233642578125, 3.93338680267333984375, 3.83671998977661132812, 3.75166606903076171875, 3.67994260787963867188, 3.62263512611389160156, 3.580211639404296875, 3.55256295204162597656, 3.53906536102294921875, 3.54096889495849609375, 3.55869221687316894531, 3.58593630790710449219, 3.62013387680053710938, 3.65938925743103027344, 3.70195651054382324219, 3.74626421928405761719, 3.79105043411254882812, 3.8318271636962890625, 3.87204384803771972656, 3.91018772125244140625, 3.94537687301635786596, 3.97669124603271439966, 4.00334835052490234375, 4.02462100982666015625, 4.04254007339477539062, 4.05772686004638671875, 4.0679645538330078125, 4.073986053466796875, 4.07709550857543945312, 4.07903051376342773438, 4.08559417724609375, 4.09876728057861328125, 4.117282867431640625, 4.14219760894775390625, 4.17418527603149414062, 4.21338129043579101562, 4.25931262969970703125, 4.31087732315063476562, 4.36638164520263671875, 4.42363214492797851562, 4.48603677749633789062, 4.54966592788696289062, 4.60611772537231445312, 4.65197038650512695312, 4.68428897857666015625, 4.70079660415649414062, 4.69996309280395507812, 4.67774105072021484375, 4.63861608505249023438, 4.58328914642333984375, 4.51310443878173828125, 4.42988348007202148438, 4.33585309982299804688]
HP.cop=[8.57387542724609375, 4.08909749984741210938, 4.0772495269775390625, 4.06062030792236328125, 4.04100704193115234375, 4.01777172088623046875, 3.98885679244995117188, 3.955097198486328125, 3.9173488616943359375, 3.8765850067138671875, 3.83383250236511230469, 3.79000067710876464844, 3.74252867698669433594, 3.69604754447937011719, 3.6516551971435546875, 3.61093997955322265625, 3.57562804222106933594, 3.54758501052856445312, 3.52958369255065917969, 3.52572345733642578125, 3.53885984420776367188, 3.56639266014099121094, 3.6089382171630859375, 3.6665782928466796875, 3.73881816864013671875, 3.82454204559326171875, 3.92200636863708496094, 4.02887392044067382812, 4.14614200592041104443, 4.27082777023315429688, 4.39611959457397460938, 4.51778507232666015625, 4.6315898895263671875, 4.73350238800048828125, 4.819911956787109375, 4.88410902023315429688, 4.92831754684448242188, 4.95102548599243164062, 4.95142650604248046875, 4.92953252792358398438, 4.88614797592163085938, 4.82265138626098632812, 4.73699712753295898438, 4.63604068756103515625, 4.5232219696044921875, 4.4025974273681640625, 4.27836942672729492188, 4.15474987030029296875, 4.03917980194091796875, 3.93317270278930664062, 3.83650732040405273438, 3.75145506858825683594, 3.67973351478576660156, 3.62242817878723144531, 3.58000707626342773438, 3.55236077308654785156, 3.53886580467224121094, 3.54076337814331054688, 3.55848574638366699219, 3.58573460578918457031, 3.61993646621704101562, 3.65919613838195800781, 3.70176672935485839844, 3.74607753753662109375, 3.79086422920227050781, 3.8316593170166015625, 3.87187695503234863281, 3.9100189208984375, 3.94520568847656294409, 3.97651648521423295435, 4.00316905975341796875, 4.02441692352294921875, 4.0423412322998046875, 4.05752134323120117188, 4.06775188446044921875, 4.07376527786254882812, 4.07686614990234375, 4.078792572021484375, 4.085376739501953125, 4.0985469818115234375, 4.1170597076416015625, 4.141971588134765625, 4.17395734786987304688, 4.21315240859985351562, 4.259082794189453125, 4.31064701080322265625, 4.36615228652954101562, 4.42340373992919921875, 4.48576688766479492188, 4.54940128326416015625, 4.60585880279541015625, 4.65171766281127929688, 4.68404245376586914062, 4.70055627822875976562, 4.69972848892211914062, 4.677532196044921875, 4.6384124755859375, 4.58308935165405273438, 4.51290845870971679688, 4.42969036102294921875, 4.33566331863403320312]
HP_nom_recomp.cop=[9.47000026702880859375, 4.03795909881591796875, 4.02499294281005859375, 4.00837469100952148438, 3.98684048652648925781, 3.96707034111022949219, 3.9412975311279296875, 3.90968561172485351562, 3.87490773200988769531, 3.83766722679138183594, 3.79797196388244628906, 3.75680899620056152344, 3.71544814109802246094, 3.67510485649108886719, 3.63697910308837890625, 3.60241174697875976562, 3.57286214828491210938, 3.54988455772399902344, 3.53573298454284667969, 3.53383278846740722656, 3.54755449295043945312, 3.57419180870056152344, 3.61425232887268066406, 3.66778254508972167969, 3.73432445526123046875, 3.81287860870361328125, 3.90190100669860839844, 3.99931979179382324219, 4.10259246826171963818, 4.2133350372314453125, 4.325714111328125, 4.43497180938720703125, 4.53735017776489257812, 4.629253387451171875, 4.707401275634765625, 4.76897335052490234375, 4.811740875244140625, 4.834156036376953125, 4.8354015350341796875, 4.8154621124267578125, 4.77508211135864257812, 4.71574163436889648438, 4.63962888717651367188, 4.54950189590454101562, 4.44859552383422851562, 4.3404674530029296875, 4.22883653640747070312, 4.1184177398681640625, 4.01519823074340820312, 3.91750025749206542969, 3.82787036895751953125, 3.74843883514404296875, 3.68079662322998046875, 3.62598967552185058594, 3.58452296257019042969, 3.55639100074768066406, 3.54113483428955078125, 3.54012656211853027344, 3.553195953369140625, 3.57514190673828125, 3.60364103317260742188, 3.63711524009704589844, 3.67409229278564453125, 3.7132167816162109375, 3.75326061248779296875, 3.79313063621520996094, 3.83127617835998535156, 3.86740159988403320312, 3.90107679367065474096, 3.93161416053771928247, 3.95688414573669433594, 3.97696161270141601562, 3.99738621711730957031, 4.0137348175048828125, 4.02582693099975585938, 4.03447675704956054688, 4.04083538055419921875, 4.04661273956298828125, 4.0590953826904296875, 4.07458639144897460938, 4.09443998336791992188, 4.11956501007080078125, 4.15045452117919921875, 4.18714570999145507812, 4.2291660308837890625, 4.27552461624145507812, 4.32474088668823242188, 4.37491893768310546875, 4.42385768890380859375, 4.47373151779174804688, 4.52123785018920898438, 4.55950450897216796875, 4.586029052734375, 4.5987987518310546875, 4.59642076492309570312, 4.5781574249267578125, 4.5439357757568359375, 4.4943065643310546875, 4.4304046630859375, 4.35388660430908203125, 4.266803741455078125]
