last-generated=2024-10-23
statistics-initialization=
{
  "nonlinear": "0, 0, 27, 0, 0, 0, 0, 0, 0, 0, 0, 0, 0, 0, 0, 0, 0, 0, 0, 0, 0, 0, 0, 0, 0, 0, 0,   0, 0, 0, 0, 0, 0, 0, 1, 0, 1, 1, 1",
  "numerical Jacobians": "0"
}
statistics-simulation=
{
  "linear": "24",
  "nonlinear": "0, 0, 27, 0, 1, 0, 1, 1, 1",
  "number of continuous time states": "42",
  "numerical Jacobians": "0"
}
time=[0e+00, 1e+03]
pmpNorth.m_flow=[0e+00, 2.590249300003052e+00, 4.262815952301025e+00, 5.342912673950195e+00, 5.632701873779297e+00, 5.587142467498779e+00, 5.65958309173584e+00, 5.720503330230713e+00, 5.770226001739502e+00, 5.808841228485107e+00, 5.8361496925354e+00, 5.851580142974854e+00, 5.854067802429199e+00, 5.841844081878662e+00, 5.8714599609375e+00, 5.897489547729492e+00, 5.920222282409668e+00, 5.939923286437988e+00, 5.956820487976074e+00, 5.971106052398682e+00, 5.982935428619385e+00, 5.992447376251221e+00, 5.999750137329102e+00, 6.004920959472656e+00, 6.008003711700439e+00, 6.009043216705322e+00, 6.008050918579102e+00, 6.254601001739502e+00, 6.452517986297607e+00, 6.608336925506592e+00, 6.726705551147461e+00, 6.810966014862061e+00, 6.863277435302734e+00, 6.884769439697266e+00, 6.87580394744873e+00, 6.83648681640625e+00, 6.767621517181396e+00, 6.672275066375732e+00, 6.556684970855713e+00, 6.503095626831055e+00, 6.442385673522949e+00, 6.374507904052734e+00, 6.298773765563965e+00, 6.21442699432373e+00, 6.120649337768555e+00, 6.016570568084717e+00, 5.901268482208252e+00, 5.773787975311279e+00, 5.633185863494873e+00, 5.478542804718018e+00, 5.309018611907959e+00, 4.677468299865723e+00, 3.500317811965942e+00, 1.932111740112305e+00, 2.671093214303255e-03, 3.925225231796503e-03, 5.140405148267746e-03, 6.224919110536575e-03, 7.052332162857056e-03, 7.487047463655472e-03, 7.44187505915761e-03, 6.938013713806868e-03, 6.094632670283318e-03, 5.05611440166831e-03, 3.982000518590212e-03, 2.987711690366268e-03, 2.119277836754918e-03, 1.408238778822124e-03, 8.661527535878122e-04, 4.846731026191264e-04, 2.40124631091021e-04, 1.005665253615007e-04, 3.255917181377299e-05, 6.682869752694387e-06, 4.867841880695778e-07, 4.018051225074259e-09, 4.520971401689167e-07, 6.326251877908362e-06, 3.033894972759299e-05, 8.933929348131642e-05, 1.954010513145477e-04, 3.439409774728119e-04, 5.076798261143267e-04, 6.422774167731404e-04, 6.996417650952935e-04, 6.404343293979764e-04, 4.423354112077504e-04, 1.509329158579931e-04, 5.261378444032516e-09, 2.805655430204723e-10, 3.207237531110962e-10, 3.577287355227554e-10, 3.910154422470669e-10, 4.204576964372819e-10, 4.46137932152979e-10, 4.683734511345961e-10, 4.874485259875883e-10, 5.038147121716463e-10, 5.178584783216422e-10, 5.298994576463656e-10, 5.402014946476186e-10]
pmpSouth.m_flow=[0e+00, 2.347794771194458e+00, 3.887432098388672e+00, 4.879833698272705e+00, 5.157902717590332e+00, 5.118812084197998e+00, 5.179189682006836e+00, 5.229968070983887e+00, 5.271336555480957e+00, 5.303275585174561e+00, 5.32550573348999e+00, 5.337418556213379e+00, 5.337963581085205e+00, 5.325459957122803e+00, 5.351389408111572e+00, 5.374280452728271e+00, 5.39435338973999e+00, 5.411813259124756e+00, 5.426837921142578e+00, 5.439577102661133e+00, 5.450152397155762e+00, 5.458673000335693e+00, 5.465226173400879e+00, 5.469871997833252e+00, 5.472643852233887e+00, 5.473578929901123e+00, 5.472686290740967e+00, 5.670035362243652e+00, 5.826527118682861e+00, 5.948474407196045e+00, 6.040349960327148e+00, 6.105354309082031e+00, 6.14557409286499e+00, 6.162136554718018e+00, 6.155420780181885e+00, 6.12545108795166e+00, 6.072638988494873e+00, 5.999057292938232e+00, 5.909247398376465e+00, 5.864115715026855e+00, 5.813199043273926e+00, 5.756502151489258e+00, 5.693499565124512e+00, 5.623609066009521e+00, 5.54619312286377e+00, 5.460562229156494e+00, 5.365964889526367e+00, 5.261596202850342e+00, 5.146621227264404e+00, 5.020169734954834e+00, 4.881366729736328e+00, 4.317296981811523e+00, 3.242079019546509e+00, 1.795867800712585e+00, 1.734913443215191e-03, 2.847780007869005e-03, 3.972371108829975e-03, 4.979351535439491e-03, 5.771208088845015e-03, 6.274234969168901e-03, 6.42501562833786e-03, 6.182846613228321e-03, 5.577815696597099e-03, 4.711784888058901e-03, 3.760313848033547e-03, 2.858507446944714e-03, 2.05226126126945e-03, 1.377899083308876e-03, 8.544537704437971e-04, 4.809602105524391e-04, 2.392053720541298e-04, 1.004044897854328e-04, 3.25421460729558e-05, 6.682151706627337e-06, 4.867803795605141e-07, 4.018039678754803e-09, 4.520938432506227e-07, 6.293459136941237e-06, 2.969275374198332e-05, 8.515404624631628e-05, 1.80633258423768e-04, 3.09152906993404e-04, 4.440217453520745e-04, 5.4044125135988e-04, 5.502079729922116e-04, 4.484014352783561e-04, 2.614190452732146e-04, 7.700454443693161e-05, 2.58359000859798e-09, 1.364432594685994e-10, 1.546662520279796e-10, 1.712925495889195e-10, 1.861389237189925e-10, 1.992038756171155e-10, 2.10559861213433e-10, 2.203718180160408e-10, 2.287769973463583e-10, 2.359843154220442e-10, 2.4216842420266e-10, 2.474713212130553e-10, 2.520089137370007e-10]
