last-generated=2024-10-30
statistics-initialization=
{
  "nonlinear": "0, 1",
  "numerical Jacobians": "0"
}
statistics-simulation=
{
  "linear": " ",
  "nonlinear": "0",
  "number of continuous time states": "3",
  "numerical Jacobians": "0"
}
time=[0e+00, 3.6e+03]
P.u_s=[3.001499938964844e+02, 3.001499938964844e+02, 3.001499938964844e+02, 3.001499938964844e+02, 3.001499938964844e+02, 3.001499938964844e+02, 3.001499938964844e+02, 3.001499938964844e+02, 3.001499938964844e+02, 3.001499938964844e+02, 3.001499938964844e+02, 3.001499938964844e+02, 3.001499938964844e+02, 3.001499938964844e+02, 3.001499938964844e+02, 3.001499938964844e+02, 3.001499938964844e+02, 3.001499938964844e+02, 3.001499938964844e+02, 3.001499938964844e+02, 3.001499938964844e+02, 3.001499938964844e+02, 3.001499938964844e+02, 3.001499938964844e+02, 3.001499938964844e+02, 3.001499938964844e+02, 3.001499938964844e+02, 3.001499938964844e+02, 3.001499938964844e+02, 3.001499938964844e+02, 3.001499938964844e+02, 3.001499938964844e+02, 3.001499938964844e+02, 3.001499938964844e+02, 3.001499938964844e+02, 3.001499938964844e+02, 3.001499938964844e+02, 3.001499938964844e+02, 3.001499938964844e+02, 3.001499938964844e+02, 3.001499938964844e+02, 3.001499938964844e+02, 3.001499938964844e+02, 3.001499938964844e+02, 3.001499938964844e+02, 3.001499938964844e+02, 3.001499938964844e+02, 3.001499938964844e+02, 3.001499938964844e+02, 3.001499938964844e+02, 3.001499938964844e+02, 2.951499938964844e+02, 2.951499938964844e+02, 2.951499938964844e+02, 2.951499938964844e+02, 2.951499938964844e+02, 2.951499938964844e+02, 2.951499938964844e+02, 2.951499938964844e+02, 2.951499938964844e+02, 2.951499938964844e+02, 2.951499938964844e+02, 2.951499938964844e+02, 2.951499938964844e+02, 2.951499938964844e+02, 2.951499938964844e+02, 2.951499938964844e+02, 2.951499938964844e+02, 2.951499938964844e+02, 2.951499938964844e+02, 2.951499938964844e+02, 2.951499938964844e+02, 2.951499938964844e+02, 2.951499938964844e+02, 2.951499938964844e+02, 2.951499938964844e+02, 2.951499938964844e+02, 2.951499938964844e+02, 2.951499938964844e+02, 2.951499938964844e+02, 2.951499938964844e+02, 2.951499938964844e+02, 2.951499938964844e+02, 2.951499938964844e+02, 2.951499938964844e+02, 2.951499938964844e+02, 2.951499938964844e+02, 2.951499938964844e+02, 2.951499938964844e+02, 2.951499938964844e+02, 2.951499938964844e+02, 2.951499938964844e+02, 2.951499938964844e+02, 2.951499938964844e+02, 2.951499938964844e+02, 2.951499938964844e+02, 2.951499938964844e+02, 2.951499938964844e+02, 2.951499938964844e+02, 2.951499938964844e+02, 2.951499938964844e+02]
P.u_m=[2.931499938964844e+02, 3.060716552734375e+02, 2.991805419921875e+02, 2.988212280273438e+02, 2.995417785644531e+02, 2.998758544921875e+02, 3.000272216796875e+02, 3.000951538085938e+02, 3.001255493164062e+02, 3.001390991210938e+02, 3.001451416015625e+02, 3.001478271484375e+02, 3.001490478515625e+02, 3.001495666503906e+02, 3.001498107910156e+02, 3.0014990234375e+02, 3.001499633789062e+02, 3.001499938964844e+02, 3.001499938964844e+02, 3.001499938964844e+02, 3.001499938964844e+02, 3.001499938964844e+02, 3.001499938964844e+02, 3.001499938964844e+02, 3.001499938964844e+02, 3.001499938964844e+02, 3.001499938964844e+02, 3.001499938964844e+02, 3.001499938964844e+02, 3.001499938964844e+02, 3.001499938964844e+02, 3.001499938964844e+02, 3.001499938964844e+02, 3.001499938964844e+02, 3.001499938964844e+02, 3.001499938964844e+02, 3.001499938964844e+02, 3.001499938964844e+02, 3.001499938964844e+02, 3.001499938964844e+02, 3.001499938964844e+02, 3.001499938964844e+02, 3.001499938964844e+02, 3.001499938964844e+02, 3.001499938964844e+02, 3.001499938964844e+02, 3.001499938964844e+02, 3.001499938964844e+02, 3.001499938964844e+02, 3.001499938964844e+02, 3.001499938964844e+02, 2.960516662597656e+02, 2.954138488769531e+02, 2.953138122558594e+02, 2.952525024414062e+02, 2.952144470214844e+02, 2.951906433105469e+02, 2.951756591796875e+02, 2.951662292480469e+02, 2.951602783203125e+02, 2.95156494140625e+02, 2.951541137695312e+02, 2.951526184082031e+02, 2.951516418457031e+02, 2.951510620117188e+02, 2.951506652832031e+02, 2.951504211425781e+02, 2.951502685546875e+02, 2.951501770019531e+02, 2.951501159667969e+02, 2.951500854492188e+02, 2.951500549316406e+02, 2.951500244140625e+02, 2.951500244140625e+02, 2.951500244140625e+02, 2.951499938964844e+02, 2.951499938964844e+02, 2.951499938964844e+02, 2.951499938964844e+02, 2.951499938964844e+02, 2.951499938964844e+02, 2.951499938964844e+02, 2.951499938964844e+02, 2.951499938964844e+02, 2.951499938964844e+02, 2.951499938964844e+02, 2.951499938964844e+02, 2.951499938964844e+02, 2.951499938964844e+02, 2.951499938964844e+02, 2.951499938964844e+02, 2.951499938964844e+02, 2.951499938964844e+02, 2.951499938964844e+02, 2.951499938964844e+02, 2.951499938964844e+02, 2.951499938964844e+02, 2.951499938964844e+02, 2.951499938964844e+02, 2.951499938964844e+02, 2.951499938964844e+02]
hex.sta_a1.T=[3.331499938964844e+02, 3.331499938964844e+02, 3.331499938964844e+02, 3.331499938964844e+02, 3.331499938964844e+02, 3.331499938964844e+02, 3.331499938964844e+02, 3.331499938964844e+02, 3.331499938964844e+02, 3.331499938964844e+02, 3.331499938964844e+02, 3.331499938964844e+02, 3.331499938964844e+02, 3.331499938964844e+02, 3.331499938964844e+02, 3.331499938964844e+02, 3.331499938964844e+02, 3.331499938964844e+02, 3.331499938964844e+02, 3.331499938964844e+02, 3.331499938964844e+02, 3.331499938964844e+02, 3.331499938964844e+02, 3.331499938964844e+02, 3.331499938964844e+02, 3.331499938964844e+02, 3.331499938964844e+02, 3.331499938964844e+02, 3.331499938964844e+02, 3.331499938964844e+02, 3.331499938964844e+02, 3.331499938964844e+02, 3.331499938964844e+02, 3.331499938964844e+02, 3.331499938964844e+02, 3.331499938964844e+02, 3.331499938964844e+02, 3.331499938964844e+02, 3.331499938964844e+02, 3.331499938964844e+02, 3.331499938964844e+02, 3.331499938964844e+02, 3.331499938964844e+02, 3.331499938964844e+02, 3.331499938964844e+02, 3.331499938964844e+02, 3.331499938964844e+02, 3.331499938964844e+02, 3.331499938964844e+02, 3.331499938964844e+02, 3.331499938964844e+02, 3.331499938964844e+02, 3.331499938964844e+02, 3.331499938964844e+02, 3.331499938964844e+02, 3.331499938964844e+02, 3.331499938964844e+02, 3.331499938964844e+02, 3.331499938964844e+02, 3.331499938964844e+02, 3.331499938964844e+02, 3.331499938964844e+02, 3.331499938964844e+02, 3.331499938964844e+02, 3.331499938964844e+02, 3.331499938964844e+02, 3.331499938964844e+02, 3.331499938964844e+02, 3.331499938964844e+02, 3.331499938964844e+02, 3.331499938964844e+02, 3.331499938964844e+02, 3.331499938964844e+02, 3.331499938964844e+02, 3.331499938964844e+02, 3.331499938964844e+02, 3.331499938964844e+02, 3.331499938964844e+02, 3.331499938964844e+02, 3.331499938964844e+02, 3.331499938964844e+02, 3.331499938964844e+02, 3.331499938964844e+02, 3.331499938964844e+02, 3.331499938964844e+02, 3.331499938964844e+02, 3.331499938964844e+02, 3.331499938964844e+02, 3.331499938964844e+02, 3.331499938964844e+02, 3.331499938964844e+02, 3.331499938964844e+02, 3.331499938964844e+02, 3.331499938964844e+02, 3.331499938964844e+02, 3.331499938964844e+02, 3.331499938964844e+02, 3.331499938964844e+02, 3.331499938964844e+02, 3.331499938964844e+02, 3.331499938964844e+02]
hex.sta_b1.T=[3.224120178222656e+02, 3.153963317871094e+02, 3.074909362792969e+02, 3.072659606933594e+02, 3.081384582519531e+02, 3.0853564453125e+02, 3.087142639160156e+02, 3.087941284179688e+02, 3.08829833984375e+02, 3.088457641601562e+02, 3.088528442382812e+02, 3.088560180664062e+02, 3.088573913574219e+02, 3.088580322265625e+02, 3.088583068847656e+02, 3.088584289550781e+02, 3.088584899902344e+02, 3.088585205078125e+02, 3.088585205078125e+02, 3.088585205078125e+02, 3.088585205078125e+02, 3.088585205078125e+02, 3.088585205078125e+02, 3.088585510253906e+02, 3.088585510253906e+02, 3.088585510253906e+02, 3.088585510253906e+02, 3.088585510253906e+02, 3.088585510253906e+02, 3.088585510253906e+02, 3.088585510253906e+02, 3.088585510253906e+02, 3.088585205078125e+02, 3.088585205078125e+02, 3.088585205078125e+02, 3.088585205078125e+02, 3.088585205078125e+02, 3.088585205078125e+02, 3.088585205078125e+02, 3.088585205078125e+02, 3.088585205078125e+02, 3.088585205078125e+02, 3.088585510253906e+02, 3.088585510253906e+02, 3.088585510253906e+02, 3.088585510253906e+02, 3.088585510253906e+02, 3.088585510253906e+02, 3.088585510253906e+02, 3.088585510253906e+02, 3.088585510253906e+02, 3.015429992675781e+02, 2.988958435058594e+02, 2.983868103027344e+02, 2.98071533203125e+02, 2.97875244140625e+02, 2.977524108886719e+02, 2.976752319335938e+02, 2.976265869140625e+02, 2.975958862304688e+02, 2.975764770507812e+02, 2.975641784667969e+02, 2.97556396484375e+02, 2.975514831542969e+02, 2.975483703613281e+02, 2.9754638671875e+02, 2.975451354980469e+02, 2.975443420410156e+02, 2.975438232421875e+02, 2.975435180664062e+02, 2.975433044433594e+02, 2.975431823730469e+02, 2.975430908203125e+02, 2.975430603027344e+02, 2.975430297851562e+02, 2.975429992675781e+02, 2.975429992675781e+02, 2.9754296875e+02, 2.9754296875e+02, 2.9754296875e+02, 2.9754296875e+02, 2.9754296875e+02, 2.9754296875e+02, 2.9754296875e+02, 2.9754296875e+02, 2.9754296875e+02, 2.9754296875e+02, 2.9754296875e+02, 2.9754296875e+02, 2.9754296875e+02, 2.9754296875e+02, 2.9754296875e+02, 2.9754296875e+02, 2.9754296875e+02, 2.9754296875e+02, 2.9754296875e+02, 2.9754296875e+02, 2.9754296875e+02, 2.9754296875e+02, 2.9754296875e+02, 2.9754296875e+02]
hex.sta_a2.T=[2.931499938964844e+02, 2.931499938964844e+02, 2.931499938964844e+02, 2.931499938964844e+02, 2.931499938964844e+02, 2.931499938964844e+02, 2.931499938964844e+02, 2.931499938964844e+02, 2.931499938964844e+02, 2.931499938964844e+02, 2.931499938964844e+02, 2.931499938964844e+02, 2.931499938964844e+02, 2.931499938964844e+02, 2.931499938964844e+02, 2.931499938964844e+02, 2.931499938964844e+02, 2.931499938964844e+02, 2.931499938964844e+02, 2.931499938964844e+02, 2.931499938964844e+02, 2.931499938964844e+02, 2.931499938964844e+02, 2.931499938964844e+02, 2.931499938964844e+02, 2.931499938964844e+02, 2.931499938964844e+02, 2.931499938964844e+02, 2.931499938964844e+02, 2.931499938964844e+02, 2.931499938964844e+02, 2.931499938964844e+02, 2.931499938964844e+02, 2.931499938964844e+02, 2.931499938964844e+02, 2.931499938964844e+02, 2.931499938964844e+02, 2.931499938964844e+02, 2.931499938964844e+02, 2.931499938964844e+02, 2.931499938964844e+02, 2.931499938964844e+02, 2.931499938964844e+02, 2.931499938964844e+02, 2.931499938964844e+02, 2.931499938964844e+02, 2.931499938964844e+02, 2.931499938964844e+02, 2.931499938964844e+02, 2.931499938964844e+02, 2.931499938964844e+02, 2.931499938964844e+02, 2.931499938964844e+02, 2.931499938964844e+02, 2.931499938964844e+02, 2.931499938964844e+02, 2.931499938964844e+02, 2.931499938964844e+02, 2.931499938964844e+02, 2.931499938964844e+02, 2.931499938964844e+02, 2.931499938964844e+02, 2.931499938964844e+02, 2.931499938964844e+02, 2.931499938964844e+02, 2.931499938964844e+02, 2.931499938964844e+02, 2.931499938964844e+02, 2.931499938964844e+02, 2.931499938964844e+02, 2.931499938964844e+02, 2.931499938964844e+02, 2.931499938964844e+02, 2.931499938964844e+02, 2.931499938964844e+02, 2.931499938964844e+02, 2.931499938964844e+02, 2.931499938964844e+02, 2.931499938964844e+02, 2.931499938964844e+02, 2.931499938964844e+02, 2.931499938964844e+02, 2.931499938964844e+02, 2.931499938964844e+02, 2.931499938964844e+02, 2.931499938964844e+02, 2.931499938964844e+02, 2.931499938964844e+02, 2.931499938964844e+02, 2.931499938964844e+02, 2.931499938964844e+02, 2.931499938964844e+02, 2.931499938964844e+02, 2.931499938964844e+02, 2.931499938964844e+02, 2.931499938964844e+02, 2.931499938964844e+02, 2.931499938964844e+02, 2.931499938964844e+02, 2.931499938964844e+02, 2.931499938964844e+02]
hex.sta_b2.T=[3.122243957519531e+02, 3.058585205078125e+02, 2.990297546386719e+02, 2.988495788574219e+02, 2.9955517578125e+02, 2.998819885253906e+02, 3.000299987792969e+02, 3.000964050292969e+02, 3.001260986328125e+02, 3.001393432617188e+02, 3.00145263671875e+02, 3.001478881835938e+02, 3.001490478515625e+02, 3.001495666503906e+02, 3.001498107910156e+02, 3.0014990234375e+02, 3.001499633789062e+02, 3.001499938964844e+02, 3.001499938964844e+02, 3.001499938964844e+02, 3.001499938964844e+02, 3.001499938964844e+02, 3.001499938964844e+02, 3.001499938964844e+02, 3.001499938964844e+02, 3.001499938964844e+02, 3.001499938964844e+02, 3.001499938964844e+02, 3.001499938964844e+02, 3.001499938964844e+02, 3.001499938964844e+02, 3.001499938964844e+02, 3.001499938964844e+02, 3.001499938964844e+02, 3.001499938964844e+02, 3.001499938964844e+02, 3.001499938964844e+02, 3.001499938964844e+02, 3.001499938964844e+02, 3.001499938964844e+02, 3.001499938964844e+02, 3.001499938964844e+02, 3.001499938964844e+02, 3.001499938964844e+02, 3.001499938964844e+02, 3.001499938964844e+02, 3.001499938964844e+02, 3.001499938964844e+02, 3.001499938964844e+02, 3.001499938964844e+02, 3.001499938964844e+02, 2.959820251464844e+02, 2.954103088378906e+02, 2.953116760253906e+02, 2.952511596679688e+02, 2.95213623046875e+02, 2.951901245117188e+02, 2.951753540039062e+02, 2.95166015625e+02, 2.9516015625e+02, 2.951564331054688e+02, 2.95154052734375e+02, 2.95152587890625e+02, 2.951516418457031e+02, 2.951510314941406e+02, 2.951506652832031e+02, 2.951504211425781e+02, 2.951502685546875e+02, 2.951501770019531e+02, 2.951501159667969e+02, 2.951500549316406e+02, 2.951500549316406e+02, 2.951500244140625e+02, 2.951500244140625e+02, 2.951500244140625e+02, 2.951499938964844e+02, 2.951499938964844e+02, 2.951499938964844e+02, 2.951499938964844e+02, 2.951499938964844e+02, 2.951499938964844e+02, 2.951499938964844e+02, 2.951499938964844e+02, 2.951499938964844e+02, 2.951499938964844e+02, 2.951499938964844e+02, 2.951499938964844e+02, 2.951499938964844e+02, 2.951499938964844e+02, 2.951499938964844e+02, 2.951499938964844e+02, 2.951499938964844e+02, 2.951499938964844e+02, 2.951499938964844e+02, 2.951499938964844e+02, 2.951499938964844e+02, 2.951499938964844e+02, 2.951499938964844e+02, 2.951499938964844e+02, 2.951499938964844e+02, 2.951499938964844e+02]
hex.Q1_flow=[-2.03193328125e+05, -1.3537975e+05, -6.26350546875e+04, -6.071561328125e+04, -6.82321015625e+04, -7.1713703125e+04, -7.329025e+04, -7.3997609375e+04, -7.43140078125e+04, -7.44552265625e+04, -7.451815625e+04, -7.45462265625e+04, -7.455865625e+04, -7.456421875e+04, -7.45666796875e+04, -7.4567765625e+04, -7.4568265625e+04, -7.45685e+04, -7.456859375e+04, -7.4568609375e+04, -7.45686171875e+04, -7.4568640625e+04, -7.4568671875e+04, -7.45686953125e+04, -7.45687109375e+04, -7.45687109375e+04, -7.45687109375e+04, -7.4568703125e+04, -7.4568703125e+04, -7.45686953125e+04, -7.45686875e+04, -7.45686875e+04, -7.45686796875e+04, -7.45686796875e+04, -7.45686796875e+04, -7.45686796875e+04, -7.45686796875e+04, -7.4568671875e+04, -7.45686796875e+04, -7.45686796875e+04, -7.45686796875e+04, -7.45686796875e+04, -7.45686875e+04, -7.45686875e+04, -7.45686875e+04, -7.45686875e+04, -7.45686875e+04, -7.45686875e+04, -7.45686875e+04, -7.45686875e+04, -7.45686875e+04, -3.0168734375e+04, -2.4078349609375e+04, -2.3027576171875e+04, -2.238310546875e+04, -2.1982974609375e+04, -2.1732634765625e+04, -2.1575279296875e+04, -2.14760546875e+04, -2.141340234375e+04, -2.1373755859375e+04, -2.1348669921875e+04, -2.13327890625e+04, -2.132273046875e+04, -2.1316369140625e+04, -2.13123359375e+04, -2.1309771484375e+04, -2.130815234375e+04, -2.1307130859375e+04, -2.1306486328125e+04, -2.1306072265625e+04, -2.13058046875e+04, -2.1305634765625e+04, -2.130552734375e+04, -2.1305458984375e+04, -2.130541796875e+04, -2.1305390625e+04, -2.1305369140625e+04, -2.1305353515625e+04, -2.1305345703125e+04, -2.130533984375e+04, -2.1305337890625e+04, -2.1305337890625e+04, -2.1305337890625e+04, -2.130533984375e+04, -2.130533984375e+04, -2.130534375e+04, -2.130534765625e+04, -2.13053515625e+04, -2.13053515625e+04, -2.1305349609375e+04, -2.130534765625e+04, -2.1305345703125e+04, -2.130534375e+04, -2.130534375e+04, -2.1305341796875e+04, -2.1305341796875e+04, -2.130533984375e+04, -2.130533984375e+04, -2.130533984375e+04, -2.130533984375e+04]
hex.Q2_flow=[2.03193328125e+05, 1.3537975e+05, 6.26350546875e+04, 6.071561328125e+04, 6.82321015625e+04, 7.1713703125e+04, 7.329025e+04, 7.3997609375e+04, 7.43140078125e+04, 7.44552265625e+04, 7.451815625e+04, 7.45462265625e+04, 7.455865625e+04, 7.456421875e+04, 7.45666796875e+04, 7.4567765625e+04, 7.4568265625e+04, 7.45685e+04, 7.456859375e+04, 7.4568609375e+04, 7.45686171875e+04, 7.4568640625e+04, 7.4568671875e+04, 7.45686953125e+04, 7.45687109375e+04, 7.45687109375e+04, 7.45687109375e+04, 7.4568703125e+04, 7.4568703125e+04, 7.45686953125e+04, 7.45686875e+04, 7.45686875e+04, 7.45686796875e+04, 7.45686796875e+04, 7.45686796875e+04, 7.45686796875e+04, 7.45686796875e+04, 7.4568671875e+04, 7.45686796875e+04, 7.45686796875e+04, 7.45686796875e+04, 7.45686796875e+04, 7.45686875e+04, 7.45686875e+04, 7.45686875e+04, 7.45686875e+04, 7.45686875e+04, 7.45686875e+04, 7.45686875e+04, 7.45686875e+04, 7.45686875e+04, 3.0168734375e+04, 2.4078349609375e+04, 2.3027576171875e+04, 2.238310546875e+04, 2.1982974609375e+04, 2.1732634765625e+04, 2.1575279296875e+04, 2.14760546875e+04, 2.141340234375e+04, 2.1373755859375e+04, 2.1348669921875e+04, 2.13327890625e+04, 2.132273046875e+04, 2.1316369140625e+04, 2.13123359375e+04, 2.1309771484375e+04, 2.130815234375e+04, 2.1307130859375e+04, 2.1306486328125e+04, 2.1306072265625e+04, 2.13058046875e+04, 2.1305634765625e+04, 2.130552734375e+04, 2.1305458984375e+04, 2.130541796875e+04, 2.1305390625e+04, 2.1305369140625e+04, 2.1305353515625e+04, 2.1305345703125e+04, 2.130533984375e+04, 2.1305337890625e+04, 2.1305337890625e+04, 2.1305337890625e+04, 2.130533984375e+04, 2.130533984375e+04, 2.130534375e+04, 2.130534765625e+04, 2.13053515625e+04, 2.13053515625e+04, 2.1305349609375e+04, 2.130534765625e+04, 2.1305345703125e+04, 2.130534375e+04, 2.130534375e+04, 2.1305341796875e+04, 2.1305341796875e+04, 2.130533984375e+04, 2.130533984375e+04, 2.130533984375e+04, 2.130533984375e+04]
hex.m1_flow=[4.522670269012451e+00, 1.822526574134827e+00, 5.834247469902039e-01, 5.606304407119751e-01, 6.52013897895813e-01, 6.963413953781128e-01, 7.168509364128113e-01, 7.261437177658081e-01, 7.303186655044556e-01, 7.321857810020447e-01, 7.330185174942017e-01, 7.333900928497314e-01, 7.335546612739563e-01, 7.336283326148987e-01, 7.336609363555908e-01, 7.336753010749817e-01, 7.336819171905518e-01, 7.336850762367249e-01, 7.336862683296204e-01, 7.336864471435547e-01, 7.336865663528442e-01, 7.336869239807129e-01, 7.336873412132263e-01, 7.336875796318054e-01, 7.336878180503845e-01, 7.336878776550293e-01, 7.336878776550293e-01, 7.336877584457397e-01, 7.33687698841095e-01, 7.336875796318054e-01, 7.336875796318054e-01, 7.336874604225159e-01, 7.336874008178711e-01, 7.336874008178711e-01, 7.336874604225159e-01, 7.336874008178711e-01, 7.336874008178711e-01, 7.336873412132263e-01, 7.336874008178711e-01, 7.336874604225159e-01, 7.336874604225159e-01, 7.336874604225159e-01, 7.336874604225159e-01, 7.336875200271606e-01, 7.336875200271606e-01, 7.336875200271606e-01, 7.336875796318054e-01, 7.336875796318054e-01, 7.336875796318054e-01, 7.336875796318054e-01, 7.336875796318054e-01, 2.281298339366913e-01, 1.680049002170563e-01, 1.583203822374344e-01, 1.525063663721084e-01, 1.489467024803161e-01, 1.467395573854446e-01, 1.453601568937302e-01, 1.444934904575348e-01, 1.439475417137146e-01, 1.436025649309158e-01, 1.433845013380051e-01, 1.4324651658535e-01, 1.431591659784317e-01, 1.431039273738861e-01, 1.430689245462418e-01, 1.430466622114182e-01, 1.430325955152512e-01, 1.430237293243408e-01, 1.430181562900543e-01, 1.430145502090454e-01, 1.430122256278992e-01, 1.43010750412941e-01, 1.430098116397858e-01, 1.430092304944992e-01, 1.430088728666306e-01, 1.430086344480515e-01, 1.430084407329559e-01, 1.430083215236664e-01, 1.430082470178604e-01, 1.430081874132156e-01, 1.430081725120544e-01, 1.430081725120544e-01, 1.430081874132156e-01, 1.430081874132156e-01, 1.430082023143768e-01, 1.430082321166992e-01, 1.430082619190216e-01, 1.430082768201828e-01, 1.43008291721344e-01, 1.430082768201828e-01, 1.430082470178604e-01, 1.430082470178604e-01, 1.430082321166992e-01, 1.43008217215538e-01, 1.43008217215538e-01, 1.430082023143768e-01, 1.430082023143768e-01, 1.430081874132156e-01, 1.430081874132156e-01, 1.430081874132156e-01]
hex.m2_flow=[1.05e+01, 1.05e+01]
