last-generated=2021-09-17
statistics-simulation=
{
  "linear": "0",
  "nonlinear": " ",
  "number of continuous time states": "6",
  "numerical Jacobians": "0"
}
time=[0e+00, 1.728e+05]
TSet.y=[2.891499938964844e+02, 2.891499938964844e+02, 2.891499938964844e+02, 2.891499938964844e+02, 2.891499938964844e+02, 2.891499938964844e+02, 2.891499938964844e+02, 2.891499938964844e+02, 2.891499938964844e+02, 2.891499938964844e+02, 2.891499938964844e+02, 2.891499938964844e+02, 2.891499938964844e+02, 2.891499938964844e+02, 2.891499938964844e+02, 2.931499938964844e+02, 2.931499938964844e+02, 2.931499938964844e+02, 2.931499938964844e+02, 2.931499938964844e+02, 2.931499938964844e+02, 2.931499938964844e+02, 2.931499938964844e+02, 2.931499938964844e+02, 2.931499938964844e+02, 2.931499938964844e+02, 2.931499938964844e+02, 2.931499938964844e+02, 2.931499938964844e+02, 2.931499938964844e+02, 2.931499938964844e+02, 2.931499938964844e+02, 2.931499938964844e+02, 2.931499938964844e+02, 2.931499938964844e+02, 2.931499938964844e+02, 2.931499938964844e+02, 2.931499938964844e+02, 2.931499938964844e+02, 2.931499938964844e+02, 2.891499938964844e+02, 2.891499938964844e+02, 2.891499938964844e+02, 2.891499938964844e+02, 2.891499938964844e+02, 2.891499938964844e+02, 2.891499938964844e+02, 2.891499938964844e+02, 2.891499938964844e+02, 2.891499938964844e+02, 2.891499938964844e+02, 2.891499938964844e+02, 2.891499938964844e+02, 2.891499938964844e+02, 2.891499938964844e+02, 2.891499938964844e+02, 2.891499938964844e+02, 2.891499938964844e+02, 2.891499938964844e+02, 2.891499938964844e+02, 2.891499938964844e+02, 2.891499938964844e+02, 2.891499938964844e+02, 2.891499938964844e+02, 2.891499938964844e+02, 2.931499938964844e+02, 2.931499938964844e+02, 2.931499938964844e+02, 2.931499938964844e+02, 2.931499938964844e+02, 2.931499938964844e+02, 2.931499938964844e+02, 2.931499938964844e+02, 2.931499938964844e+02, 2.931499938964844e+02, 2.931499938964844e+02, 2.931499938964844e+02, 2.931499938964844e+02, 2.931499938964844e+02, 2.931499938964844e+02, 2.931499938964844e+02, 2.931499938964844e+02, 2.931499938964844e+02, 2.931499938964844e+02, 2.931499938964844e+02, 2.931499938964844e+02, 2.931499938964844e+02, 2.931499938964844e+02, 2.931499938964844e+02, 2.931499938964844e+02, 2.891499938964844e+02, 2.891499938964844e+02, 2.891499938964844e+02, 2.891499938964844e+02, 2.891499938964844e+02, 2.891499938964844e+02, 2.891499938964844e+02, 2.891499938964844e+02, 2.891499938964844e+02, 2.891499938964844e+02, 2.891499938964844e+02]
TOut.y=[2.841499938964844e+02, 2.841894226074219e+02, 2.843070983886719e+02, 2.845011291503906e+02, 2.847684631347656e+02, 2.851049194335938e+02, 2.855051574707031e+02, 2.85962890625e+02, 2.864708557128906e+02, 2.870211181640625e+02, 2.876049194335938e+02, 2.882131042480469e+02, 2.888360595703125e+02, 2.894639587402344e+02, 2.900869140625e+02, 2.906950988769531e+02, 2.912789001464844e+02, 2.918291320800781e+02, 2.923371276855469e+02, 2.927948303222656e+02, 2.931950988769531e+02, 2.935315246582031e+02, 2.937988891601562e+02, 2.93992919921875e+02, 2.941105651855469e+02, 2.941499938964844e+02, 2.941105651855469e+02, 2.93992919921875e+02, 2.937988891601562e+02, 2.935315246582031e+02, 2.931950988769531e+02, 2.927948303222656e+02, 2.923371276855469e+02, 2.918291320800781e+02, 2.912789001464844e+02, 2.906950988769531e+02, 2.900869140625e+02, 2.894639587402344e+02, 2.888360595703125e+02, 2.882131042480469e+02, 2.876049194335938e+02, 2.870211181640625e+02, 2.864708557128906e+02, 2.85962890625e+02, 2.855051574707031e+02, 2.851049194335938e+02, 2.847684631347656e+02, 2.845011291503906e+02, 2.843070983886719e+02, 2.841894226074219e+02, 2.841499938964844e+02, 2.841894226074219e+02, 2.843070983886719e+02, 2.845011291503906e+02, 2.847684631347656e+02, 2.851049194335938e+02, 2.855051574707031e+02, 2.85962890625e+02, 2.864708557128906e+02, 2.870211181640625e+02, 2.876049194335938e+02, 2.882131042480469e+02, 2.888360595703125e+02, 2.894639587402344e+02, 2.900869140625e+02, 2.906950988769531e+02, 2.912789001464844e+02, 2.918291320800781e+02, 2.923371276855469e+02, 2.927948303222656e+02, 2.931950988769531e+02, 2.935315246582031e+02, 2.937988891601562e+02, 2.93992919921875e+02, 2.941105651855469e+02, 2.941499938964844e+02, 2.941105651855469e+02, 2.93992919921875e+02, 2.937988891601562e+02, 2.935315246582031e+02, 2.931950988769531e+02, 2.927948303222656e+02, 2.923371276855469e+02, 2.918291320800781e+02, 2.912789001464844e+02, 2.906950988769531e+02, 2.900869140625e+02, 2.894639587402344e+02, 2.888360595703125e+02, 2.882131042480469e+02, 2.876049194335938e+02, 2.870211181640625e+02, 2.864708557128906e+02, 2.85962890625e+02, 2.855051574707031e+02, 2.851049194335938e+02, 2.847684631347656e+02, 2.845011291503906e+02, 2.843070983886719e+02, 2.841894226074219e+02, 2.841499938964844e+02]
TVol.T=[2.891499938964844e+02, 2.891349487304688e+02, 2.891425170898438e+02, 2.891499938964844e+02, 2.891499938964844e+02, 2.891499938964844e+02, 2.891499938964844e+02, 2.891499938964844e+02, 2.891499938964844e+02, 2.891499938964844e+02, 2.891499938964844e+02, 2.891499938964844e+02, 2.891499938964844e+02, 2.891499938964844e+02, 2.891552429199219e+02, 2.892569885253906e+02, 2.894873962402344e+02, 2.897214050292969e+02, 2.899585266113281e+02, 2.901982727050781e+02, 2.904400329589844e+02, 2.9068310546875e+02, 2.909268493652344e+02, 2.911704406738281e+02, 2.914131164550781e+02, 2.916540222167969e+02, 2.918924255371094e+02, 2.9212744140625e+02, 2.923583374023438e+02, 2.925843200683594e+02, 2.928046569824219e+02, 2.930187377929688e+02, 2.932260131835938e+02, 2.932454223632812e+02, 2.932277526855469e+02, 2.932042236328125e+02, 2.931746215820312e+02, 2.931387939453125e+02, 2.931051330566406e+02, 2.931511840820312e+02, 2.9312255859375e+02, 2.930611267089844e+02, 2.929942932128906e+02, 2.929225769042969e+02, 2.928464660644531e+02, 2.927666015625e+02, 2.926836853027344e+02, 2.925984497070312e+02, 2.925116577148438e+02, 2.924241333007812e+02, 2.923367004394531e+02, 2.922502136230469e+02, 2.921654357910156e+02, 2.920832214355469e+02, 2.920043334960938e+02, 2.919295043945312e+02, 2.91859375e+02, 2.917945251464844e+02, 2.917355346679688e+02, 2.916827697753906e+02, 2.916365966796875e+02, 2.915972290039062e+02, 2.915648498535156e+02, 2.915394592285156e+02, 2.915209655761719e+02, 2.915970764160156e+02, 2.918026428222656e+02, 2.920120544433594e+02, 2.922248840332031e+02, 2.924405517578125e+02, 2.926585083007812e+02, 2.928780822753906e+02, 2.930985107421875e+02, 2.932618713378906e+02, 2.932705383300781e+02, 2.932799987792969e+02, 2.93289306640625e+02, 2.932977294921875e+02, 2.933043823242188e+02, 2.933085327148438e+02, 2.933094177246094e+02, 2.933063659667969e+02, 2.932987976074219e+02, 2.932861938476562e+02, 2.932680969238281e+02, 2.93244140625e+02, 2.93214111328125e+02, 2.931778564453125e+02, 2.931353454589844e+02, 2.931220092773438e+02, 2.931481628417969e+02, 2.930864562988281e+02, 2.930193481445312e+02, 2.929473571777344e+02, 2.928710021972656e+02, 2.927908935546875e+02, 2.927077331542969e+02, 2.926222229003906e+02, 2.925351867675781e+02, 2.924474182128906e+02, 2.923597412109375e+02]
THeaOut.T=[2.891499938964844e+02, 2.891357421875e+02, 2.891432800292969e+02, 2.891502075195312e+02, 2.891502075195312e+02, 2.891501770019531e+02, 2.89150146484375e+02, 2.89150146484375e+02, 2.891501159667969e+02, 2.891500854492188e+02, 2.891500549316406e+02, 2.891500549316406e+02, 2.891500244140625e+02, 2.891499938964844e+02, 2.891552429199219e+02, 2.892577514648438e+02, 2.894881591796875e+02, 2.897221374511719e+02, 2.899592590332031e+02, 2.901990051269531e+02, 2.904407653808594e+02, 2.906838684082031e+02, 2.909275817871094e+02, 2.911711730957031e+02, 2.914138488769531e+02, 2.9165478515625e+02, 2.918931579589844e+02, 2.921282043457031e+02, 2.923591003417969e+02, 2.925850524902344e+02, 2.92805419921875e+02, 2.930195007324219e+02, 2.932267761230469e+02, 2.932454528808594e+02, 2.932277526855469e+02, 2.932042541503906e+02, 2.931746520996094e+02, 2.931388244628906e+02, 2.931059265136719e+02, 2.931512145996094e+02, 2.931225891113281e+02, 2.930611572265625e+02, 2.929943542480469e+02, 2.92922607421875e+02, 2.928464965820312e+02, 2.927666625976562e+02, 2.926837463378906e+02, 2.925985107421875e+02, 2.9251171875e+02, 2.924241943359375e+02, 2.923367614746094e+02, 2.92250244140625e+02, 2.921654968261719e+02, 2.920832824707031e+02, 2.920043640136719e+02, 2.919295349121094e+02, 2.918594055175781e+02, 2.917945861816406e+02, 2.917355651855469e+02, 2.916828002929688e+02, 2.916366271972656e+02, 2.915972595214844e+02, 2.915648803710938e+02, 2.915394592285156e+02, 2.915209655761719e+02, 2.915978393554688e+02, 2.918034057617188e+02, 2.920128173828125e+02, 2.922256469726562e+02, 2.924413146972656e+02, 2.926592712402344e+02, 2.928788452148438e+02, 2.930992736816406e+02, 2.932618408203125e+02, 2.932705383300781e+02, 2.932799682617188e+02, 2.93289306640625e+02, 2.932977294921875e+02, 2.933043823242188e+02, 2.933085021972656e+02, 2.933094177246094e+02, 2.93306396484375e+02, 2.93298828125e+02, 2.932861938476562e+02, 2.932680969238281e+02, 2.93244140625e+02, 2.932141418457031e+02, 2.931778869628906e+02, 2.931353759765625e+02, 2.93122802734375e+02, 2.93148193359375e+02, 2.930864868164062e+02, 2.930194091796875e+02, 2.929473876953125e+02, 2.928710327148438e+02, 2.927909240722656e+02, 2.92707763671875e+02, 2.926222839355469e+02, 2.925352478027344e+02, 2.924474487304688e+02, 2.923597717285156e+02]
hea.TSet=[2.831499938964844e+02, 2.901029052734375e+02, 2.891699829101562e+02, 2.891502075195312e+02, 2.891502075195312e+02, 2.891501770019531e+02, 2.89150146484375e+02, 2.89150146484375e+02, 2.891501159667969e+02, 2.891500854492188e+02, 2.891500549316406e+02, 2.891500549316406e+02, 2.891500244140625e+02, 2.891499633789062e+02, 2.885960693359375e+02, 3.031499938964844e+02, 3.031499938964844e+02, 3.031499938964844e+02, 3.031499938964844e+02, 3.031499938964844e+02, 3.031499938964844e+02, 3.031499938964844e+02, 3.031499938964844e+02, 3.031499938964844e+02, 3.031499938964844e+02, 3.031499938964844e+02, 3.031499938964844e+02, 3.031499938964844e+02, 3.031499938964844e+02, 3.031499938964844e+02, 3.031499938964844e+02, 3.031499938964844e+02, 2.975360107421875e+02, 2.831499938964844e+02, 2.831499938964844e+02, 2.831499938964844e+02, 2.831499938964844e+02, 2.838505249023438e+02, 2.936153259277344e+02, 2.912362060546875e+02, 2.831499938964844e+02, 2.831499938964844e+02, 2.831499938964844e+02, 2.831499938964844e+02, 2.831499938964844e+02, 2.831499938964844e+02, 2.831499938964844e+02, 2.831499938964844e+02, 2.831499938964844e+02, 2.831499938964844e+02, 2.831499938964844e+02, 2.831499938964844e+02, 2.831499938964844e+02, 2.831499938964844e+02, 2.831499938964844e+02, 2.831499938964844e+02, 2.831499938964844e+02, 2.831499938964844e+02, 2.831499938964844e+02, 2.831499938964844e+02, 2.831499938964844e+02, 2.831499938964844e+02, 2.831499938964844e+02, 2.831499938964844e+02, 2.831499938964844e+02, 3.031499938964844e+02, 3.031499938964844e+02, 3.031499938964844e+02, 3.031499938964844e+02, 3.031499938964844e+02, 3.031499938964844e+02, 3.031499938964844e+02, 3.031499938964844e+02, 2.844327697753906e+02, 2.831499938964844e+02, 2.831499938964844e+02, 2.831499938964844e+02, 2.831499938964844e+02, 2.831499938964844e+02, 2.831499938964844e+02, 2.831499938964844e+02, 2.831499938964844e+02, 2.831499938964844e+02, 2.831499938964844e+02, 2.831499938964844e+02, 2.831499938964844e+02, 2.831499938964844e+02, 2.831499938964844e+02, 2.841363220214844e+02, 2.946418151855469e+02, 2.831499938964844e+02, 2.831499938964844e+02, 2.831499938964844e+02, 2.831499938964844e+02, 2.831499938964844e+02, 2.831499938964844e+02, 2.831499938964844e+02, 2.831499938964844e+02, 2.831499938964844e+02, 2.831499938964844e+02, 2.831499938964844e+02]
hea.Q_flow=[0e+00, 9.988703155517578e+01, 9.988703155517578e+01, 2.323236465454102e+01, 2.190762329101562e+01, 2.022523307800293e+01, 1.822366905212402e+01, 1.59355525970459e+01, 1.341424751281738e+01, 1.065293598175049e+01, 7.749789237976074e+00, 4.702568531036377e+00, 1.569687485694885e+00, 1.129679977893829e-01, 1.129679977893829e-01, 9.988703155517578e+01, 9.988703155517578e+01, 9.988703155517578e+01, 9.988703155517578e+01, 9.988703155517578e+01, 9.988703155517578e+01, 9.988703155517578e+01, 9.988703155517578e+01, 9.988703155517578e+01, 9.988703155517578e+01, 9.988703155517578e+01, 9.988703155517578e+01, 9.988703155517578e+01, 9.988703155517578e+01, 9.988703155517578e+01, 9.988703155517578e+01, 9.988703155517578e+01, 9.988703155517578e+01, 1.129679977893829e-01, 1.129679977893829e-01, 1.129679977893829e-01, 1.129679977893829e-01, 1.129679977893829e-01, 9.988703155517578e+01, 1.129679977893829e-01, 1.129679977893829e-01, 1.129679977893829e-01, 1.129679977893829e-01, 1.129679977893829e-01, 1.129679977893829e-01, 1.129679977893829e-01, 1.129679977893829e-01, 1.129679977893829e-01, 1.129679977893829e-01, 1.129679977893829e-01, 1.129679977893829e-01, 1.129679977893829e-01, 1.129679977893829e-01, 1.129679977893829e-01, 1.129679977893829e-01, 1.129679977893829e-01, 1.129679977893829e-01, 1.129679977893829e-01, 1.129679977893829e-01, 1.129679977893829e-01, 1.129679977893829e-01, 1.129679977893829e-01, 1.129679977893829e-01, 1.129679977893829e-01, 1.129679977893829e-01, 9.988703155517578e+01, 9.988703155517578e+01, 9.988703155517578e+01, 9.988703155517578e+01, 9.988703155517578e+01, 9.988703155517578e+01, 9.988703155517578e+01, 9.988703155517578e+01, 1.129679977893829e-01, 1.129679977893829e-01, 1.129679977893829e-01, 1.129679977893829e-01, 1.129679977893829e-01, 1.129679977893829e-01, 1.129679977893829e-01, 1.129679977893829e-01, 1.129679977893829e-01, 1.129679977893829e-01, 1.129679977893829e-01, 1.129679977893829e-01, 1.129679977893829e-01, 1.129679977893829e-01, 1.129679977893829e-01, 1.129679977893829e-01, 9.988703155517578e+01, 1.129679977893829e-01, 1.129679977893829e-01, 1.129679977893829e-01, 1.129679977893829e-01, 1.129679977893829e-01, 1.129679977893829e-01, 1.129679977893829e-01, 1.129679977893829e-01, 1.129679977893829e-01, 1.129679977893829e-01, 1.129679977893829e-01]
