last-generated=2019-12-02
statistics-initialization=
{
  "linear": "2, 2, 2, 2, 2, 2, 2, 2",
  "nonlinear": "2, 2, 8, 8, 2, 2",
  "numerical Jacobians": "0"
}
statistics-simulation=
{
  "linear": "0, 0, 0, 0, 0, 0, 4, 4, 0, 0, 0, 0, 0, 0, 0, 0, 0, 0, 0, 0, 0, 4, 4, 0, 0, 0, 0,   0, 0, 0",
  "nonlinear": "1",
  "number of continuous time states": "70",
  "numerical Jacobians": "0"
}
case900_comfort.building.gF.comfort.PPD=[7.432256937026978e-01, 9.007006883621216e-01, 9.38255250453949e-01, 9.537792801856995e-01, 9.442861080169678e-01, 9.479743838310242e-01, 9.583893418312073e-01, 9.604420065879822e-01, 9.659483432769775e-01, 9.752871990203857e-01, 9.822136163711548e-01, 9.86293613910675e-01, 9.862298965454102e-01, 9.857963919639587e-01, 9.881336092948914e-01, 9.899360537528992e-01, 9.906643629074097e-01, 9.918239712715149e-01, 9.92485523223877e-01, 9.931649565696716e-01, 9.933455586433411e-01, 9.901891350746155e-01, 9.885972142219543e-01, 9.903256297111511e-01, 9.909394979476929e-01, 9.918050169944763e-01, 9.928017258644104e-01, 9.945222735404968e-01, 9.955383539199829e-01, 9.955114126205444e-01, 9.909063577651978e-01, 9.90900993347168e-01, 9.943711757659912e-01, 9.95431125164032e-01, 9.96631383895874e-01, 9.977525472640991e-01, 9.985003471374512e-01, 9.988974928855896e-01, 9.863102436065674e-01, 6.28751814365387e-01, 6.709850430488586e-01, 9.371121525764465e-01, 9.677363634109497e-01, 9.822676777839661e-01, 9.907551407814026e-01, 9.947168827056885e-01, 9.966667294502258e-01, 9.969785213470459e-01, 9.892488121986389e-01, 9.939178824424744e-01, 9.961503744125366e-01, 9.971221685409546e-01, 9.975926876068115e-01, 9.980089068412781e-01, 9.982736706733704e-01, 9.980937242507935e-01, 9.967507123947144e-01, 9.966437816619873e-01, 9.975472092628479e-01, 9.977502226829529e-01, 9.980332255363464e-01, 9.985342025756836e-01, 9.988805651664734e-01, 9.990590214729309e-01, 9.986238479614258e-01, 9.985008835792542e-01, 9.98701274394989e-01, 9.990816116333008e-01, 9.992532134056091e-01, 9.993871450424194e-01, 9.995313286781311e-01, 9.996019005775452e-01, 9.996570944786072e-01, 9.994143843650818e-01, 9.992917776107788e-01, 9.994909167289734e-01, 9.995529055595398e-01, 9.995613694190979e-01, 9.995839595794678e-01, 9.996080994606018e-01, 9.996418952941895e-01, 9.995511174201965e-01, 9.99167799949646e-01, 9.990807175636292e-01, 9.99262273311615e-01, 9.992862343788147e-01, 9.993497133255005e-01, 9.994882345199585e-01, 9.995246529579163e-01, 9.99513566493988e-01, 9.966346025466919e-01, 9.887135624885559e-01, 9.942399263381958e-01, 9.967973232269287e-01, 9.980021119117737e-01, 9.988091588020325e-01, 9.994120001792908e-01, 9.996961355209351e-01, 9.998226165771484e-01, 9.982538223266602e-01, 9.994576573371887e-01]
case900_comfort.building.gF.comfort.PMV=[-1.947224855422974e+00, -2.36164379119873e+00, -2.519234418869019e+00, -2.605085134506226e+00, -2.55048131942749e+00, -2.570818662643433e+00, -2.634652853012085e+00, -2.648613691329956e+00, -2.688986539840698e+00, -2.770786046981812e+00, -2.849077939987183e+00, -2.907594203948975e+00, -2.906577348709106e+00, -2.899760723114014e+00, -2.938767194747925e+00, -2.973430156707764e+00, -2.98891019821167e+00, -3.015769004821777e+00, -3.032551288604736e+00, -3.051131725311279e+00, -3.056331634521484e+00, -2.978701114654541e+00, -2.947244882583618e+00, -2.981590747833252e+00, -2.995020866394043e+00, -3.015304803848267e+00, -3.041015625e+00, -3.093470573425293e+00, -3.131464004516602e+00, -3.130364418029785e+00, -2.994275808334351e+00, -2.9941565990448e+00, -3.088345766067505e+00, -3.127123117446899e+00, -3.181696176528931e+00, -3.250711441040039e+00, -3.316183805465698e+00, -3.363853931427002e+00, -2.907859563827515e+00, -1.721044659614563e+00, -1.801516771316528e+00, -2.513561725616455e+00, -2.703168153762817e+00, -2.849778652191162e+00, -2.990910053253174e+00, -3.100253820419312e+00, -3.183542966842651e+00, -3.20061206817627e+00, -2.959652185440063e+00, -3.073633909225464e+00, -3.158086061477661e+00, -3.208995342254639e+00, -3.239250898361206e+00, -3.270658254623413e+00, -3.293773889541626e+00, -3.277755498886108e+00, -3.187998533248901e+00, -3.182341814041138e+00, -3.23611307144165e+00, -3.250538110733032e+00, -3.272666692733765e+00, -3.319778680801392e+00, -3.361533880233765e+00, -3.387749195098877e+00, -3.329672813415527e+00, -3.316236734390259e+00, -3.33868932723999e+00, -3.391370296478271e+00, -3.421854257583618e+00, -3.450330018997192e+00, -3.488053321838379e+00, -3.510490417480469e+00, -3.530689239501953e+00, -3.456801176071167e+00, -3.429555892944336e+00, -3.476541042327881e+00, -3.494561910629272e+00, -3.497207641601562e+00, -3.504472494125366e+00, -3.51262354850769e+00, -3.524864912033081e+00, -3.494021415710449e+00, -3.405983209609985e+00, -3.391229152679443e+00, -3.423629283905029e+00, -3.428426504135132e+00, -3.441860198974609e+00, -3.475791931152344e+00, -3.486090183258057e+00, -3.482881546020508e+00, -3.181864500045776e+00, -2.949416637420654e+00, -3.083984851837158e+00, -3.190517902374268e+00, -3.270100831985474e+00, -3.352071046829224e+00, -3.456220388412476e+00, -3.546849489212036e+00, -3.616537809371948e+00, -3.291938781738281e+00, -3.467660188674927e+00]
time=[0e+00, 1e+06]
