last-generated=2024-10-22
statistics-simulation=
{
  "linear": " ",
  "nonlinear": " ",
  "number of continuous time states": "8",
  "numerical Jacobians": "0"
}
time=[0e+00, 7.2e+03]
volA.T=[2.911499938964844e+02, 2.9122998046875e+02, 2.913079528808594e+02, 2.913840637207031e+02, 2.914583740234375e+02, 2.915309753417969e+02, 2.916019592285156e+02, 2.916713562011719e+02, 2.917392883300781e+02, 2.918057556152344e+02, 2.918708190917969e+02, 2.919345703125e+02, 2.919970092773438e+02, 2.920581970214844e+02, 2.921181945800781e+02, 2.921770324707031e+02, 2.922347717285156e+02, 2.922913818359375e+02, 2.923470153808594e+02, 2.924017028808594e+02, 2.924555358886719e+02, 2.925084838867188e+02, 2.925606384277344e+02, 2.92612060546875e+02, 2.926628112792969e+02, 2.927129516601562e+02, 2.927625427246094e+02, 2.928116149902344e+02, 2.928602600097656e+02, 2.929085388183594e+02, 2.929564819335938e+02, 2.930042114257812e+02, 2.930517272949219e+02, 2.930990905761719e+02, 2.931464233398438e+02, 2.931937255859375e+02, 2.93240966796875e+02, 2.932881164550781e+02, 2.933350830078125e+02, 2.933818054199219e+02, 2.9342822265625e+02, 2.934743041992188e+02, 2.935199584960938e+02, 2.935652160644531e+02, 2.936099853515625e+02, 2.936542358398438e+02, 2.936979675292969e+02, 2.937410583496094e+02, 2.937835693359375e+02, 2.938254699707031e+02, 2.938667602539062e+02, 2.938604125976562e+02, 2.938541870117188e+02, 2.938480224609375e+02, 2.938419799804688e+02, 2.938360290527344e+02, 2.938301696777344e+02, 2.938244018554688e+02, 2.938187255859375e+02, 2.938131408691406e+02, 2.938076477050781e+02, 2.938022155761719e+02, 2.93796875e+02, 2.937916259765625e+02, 2.937864379882812e+02, 2.937813415527344e+02, 2.937763061523438e+02, 2.937713623046875e+02, 2.937664794921875e+02, 2.937616577148438e+02, 2.937569274902344e+02, 2.937522277832031e+02, 2.937476196289062e+02, 2.937430725097656e+02, 2.937386169433594e+02, 2.937341918945312e+02, 2.937298278808594e+02, 2.937255249023438e+02, 2.937213134765625e+02, 2.937171325683594e+02, 2.937130126953125e+02, 2.937089233398438e+02, 2.937049255371094e+02, 2.937009582519531e+02, 2.936970520019531e+02, 2.936932067871094e+02, 2.936894226074219e+02, 2.936856689453125e+02, 2.936819458007812e+02, 2.936783142089844e+02, 2.936746826171875e+02, 2.93671142578125e+02, 2.936676330566406e+02, 2.936641540527344e+02, 2.936607360839844e+02, 2.936573486328125e+02, 2.936539916992188e+02, 2.936506958007812e+02, 2.936474304199219e+02, 2.936442260742188e+02, 2.936410522460938e+02]
volOut.T=[2.931499938964844e+02, 2.931499938964844e+02, 2.931499938964844e+02, 2.931499938964844e+02, 2.931499938964844e+02, 2.931499938964844e+02, 2.931499938964844e+02, 2.931499938964844e+02, 2.931499938964844e+02, 2.931499938964844e+02, 2.931499938964844e+02, 2.931499938964844e+02, 2.931499938964844e+02, 2.931499938964844e+02, 2.931499938964844e+02, 2.931499938964844e+02, 2.931499938964844e+02, 2.931499938964844e+02, 2.931499938964844e+02, 2.931499938964844e+02, 2.931499938964844e+02, 2.931499938964844e+02, 2.931499938964844e+02, 2.931499938964844e+02, 2.931499938964844e+02, 2.931499938964844e+02, 2.931499938964844e+02, 2.931499938964844e+02, 2.931499938964844e+02, 2.931499938964844e+02, 2.931499938964844e+02, 2.931499938964844e+02, 2.931499938964844e+02, 2.931499938964844e+02, 2.931499938964844e+02, 2.931499938964844e+02, 2.931499938964844e+02, 2.931499938964844e+02, 2.931499938964844e+02, 2.931499938964844e+02, 2.931499938964844e+02, 2.931499938964844e+02, 2.931499938964844e+02, 2.931499938964844e+02, 2.931499938964844e+02, 2.931499938964844e+02, 2.931499938964844e+02, 2.931499938964844e+02, 2.931499938964844e+02, 2.931499938964844e+02, 2.931499938964844e+02, 2.931499938964844e+02, 2.931499938964844e+02, 2.931499938964844e+02, 2.931499938964844e+02, 2.931499938964844e+02, 2.931499938964844e+02, 2.931499938964844e+02, 2.931499938964844e+02, 2.931499938964844e+02, 2.931499938964844e+02, 2.931499938964844e+02, 2.931499938964844e+02, 2.931499938964844e+02, 2.931499938964844e+02, 2.931499938964844e+02, 2.931499938964844e+02, 2.931499938964844e+02, 2.931499938964844e+02, 2.931499938964844e+02, 2.931499938964844e+02, 2.931499938964844e+02, 2.931499938964844e+02, 2.931499938964844e+02, 2.931499938964844e+02, 2.931499938964844e+02, 2.931499938964844e+02, 2.931499938964844e+02, 2.931499938964844e+02, 2.931499938964844e+02, 2.931499938964844e+02, 2.931499938964844e+02, 2.931499938964844e+02, 2.931499938964844e+02, 2.931499938964844e+02, 2.931499938964844e+02, 2.931499938964844e+02, 2.931499938964844e+02, 2.931499938964844e+02, 2.931499938964844e+02, 2.931499938964844e+02, 2.931499938964844e+02, 2.931499938964844e+02, 2.931499938964844e+02, 2.931499938964844e+02, 2.931499938964844e+02, 2.931499938964844e+02, 2.931499938964844e+02, 2.931499938964844e+02, 2.931499938964844e+02, 2.931499938964844e+02]
oriOutBot.v=[0e+00, 2.858877778053284e-01, 2.799854874610901e-01, 2.741053104400635e-01, 2.682418823242188e-01, 2.623889446258545e-01, 2.565240859985352e-01, 2.506018579006195e-01, 2.445700168609619e-01, 2.383765578269958e-01, 2.31973871588707e-01, 2.253212779760361e-01, 2.183864116668701e-01, 2.11144894361496e-01, 2.035871148109436e-01, 1.956569701433182e-01, 1.876656264066696e-01, 1.764969527721405e-01, 1.711475253105164e-01, 1.604194045066833e-01, 1.515719145536423e-01, 1.417670249938965e-01, 1.318150907754898e-01, 1.216450110077858e-01, 1.112515106797218e-01, 1.007505059242249e-01, 9.001623839139938e-02, 7.925129681825634e-02, 6.809785217046735e-02, 5.713903903961182e-02, 4.590680822730064e-02, 3.471798077225685e-02, 2.344975434243679e-02, 1.215173397213221e-02, 8.637160062789917e-04, -1.045292243361473e-02, -2.170120365917683e-02, -3.287380188703537e-02, -4.39310111105442e-02, -5.477280542254448e-02, -6.540632992982864e-02, -7.577034831047058e-02, -8.59123095870018e-02, -9.577657282352448e-02, -1.053142324090004e-01, -1.144506335258484e-01, -1.23174361884594e-01, -1.315806657075882e-01, -1.397280544042587e-01, -1.476541310548782e-01, -1.551141887903214e-01, -1.53709277510643e-01, -1.526085138320923e-01, -1.515195816755295e-01, -1.50442436337471e-01, -1.493769735097885e-01, -1.483230292797089e-01, -1.472806632518768e-01, -1.462497264146805e-01, -1.452300846576691e-01, -1.442215740680695e-01, -1.432241797447205e-01, -1.422377377748489e-01, -1.412620693445206e-01, -1.402970999479294e-01, -1.393427699804306e-01, -1.383988857269287e-01, -1.374652832746506e-01, -1.365419179201126e-01, -1.356286406517029e-01, -1.347253620624542e-01, -1.338319629430771e-01, -1.329483389854431e-01, -1.320743709802628e-01, -1.312099397182465e-01, -1.303549408912659e-01, -1.295092552900314e-01, -1.286727786064148e-01, -1.278453916311264e-01, -1.270269900560379e-01, -1.262174546718597e-01, -1.254166662693024e-01, -1.246245130896568e-01, -1.23840905725956e-01, -1.230657175183296e-01, -1.222988590598106e-01, -1.215402260422707e-01, -1.207896992564201e-01, -1.200471818447113e-01, -1.193125694990158e-01, -1.185857579112053e-01, -1.178666427731514e-01, -1.17155134677887e-01, -1.16451121866703e-01, -1.157545149326324e-01, -1.150652170181274e-01, -1.143831312656403e-01, -1.137081682682037e-01, -1.130402311682701e-01, -1.123792305588722e-01, -1.117250621318817e-01]
oriOutTop.v=[-4.126987159252167e-01, -2.858869433403015e-01, -2.799846827983856e-01, -2.741045355796814e-01, -2.682411074638367e-01, -2.623881697654724e-01, -2.565233707427979e-01, -2.506011426448822e-01, -2.445693016052246e-01, -2.383758723735809e-01, -2.319732159376144e-01, -2.253206372261047e-01, -2.183856815099716e-01, -2.111451774835587e-01, -2.035779356956482e-01, -1.957251131534576e-01, -1.872721910476685e-01, -1.813314110040665e-01, -1.690031141042709e-01, -1.614184528589249e-01, -1.513781994581223e-01, -1.417663842439651e-01, -1.318149119615555e-01, -1.216360628604889e-01, -1.11277736723423e-01, -1.006659641861916e-01, -8.99687185883522e-02, -7.902306318283078e-02, -6.823026388883587e-02, -5.704370513558388e-02, -4.596863314509392e-02, -3.472177311778069e-02, -2.346212975680828e-02, -1.217230688780546e-02, -8.436189964413643e-04, 1.044037006795406e-02, 2.170613035559654e-02, 3.287331759929657e-02, 4.389113560318947e-02, 5.477375537157059e-02, 6.543609499931335e-02, 7.587029039859772e-02, 8.597491681575775e-02, 9.575651586055756e-02, 1.052252426743507e-01, 1.144155934453011e-01, 1.233094930648804e-01, 1.317907273769379e-01, 1.397967785596848e-01, 1.472927033901215e-01, 1.54528945684433e-01, 1.537092179059982e-01, 1.526084542274475e-01, 1.515195220708847e-01, 1.504423767328262e-01, 1.493769139051437e-01, 1.483229696750641e-01, 1.472806036472321e-01, 1.462496668100357e-01, 1.452300250530243e-01, 1.442215293645859e-01, 1.432241350412369e-01, 1.422376781702042e-01, 1.412620097398758e-01, 1.402970403432846e-01, 1.39342725276947e-01, 1.383988410234451e-01, 1.37465238571167e-01, 1.36541873216629e-01, 1.356285959482193e-01, 1.347253173589706e-01, 1.338319182395935e-01, 1.329482793807983e-01, 1.320743262767792e-01, 1.312098950147629e-01, 1.303548961877823e-01, 1.295092105865479e-01, 1.286727488040924e-01, 1.27845361828804e-01, 1.270269453525543e-01, 1.262174099683762e-01, 1.254166215658188e-01, 1.246244683861732e-01, 1.238408610224724e-01, 1.230656802654266e-01, 1.222988218069077e-01, 1.215401887893677e-01, 1.207896620035172e-01, 1.200471445918083e-01, 1.193125322461128e-01, 1.185857206583023e-01, 1.178666055202484e-01, 1.17155097424984e-01, 1.164510846138e-01, 1.157544851303101e-01, 1.150651872158051e-01, 1.143831014633179e-01, 1.137081310153008e-01, 1.130401790142059e-01, 1.123791709542274e-01, 1.117250025272369e-01]
