last-generated=2023-05-02
statistics-simulation=
{
  "linear": "0, 0, 0, 0, 0, 0",
  "nonlinear": " ",
  "number of continuous time states": "12",
  "numerical Jacobians": "0"
}
time=[0e+00, 8.64e+04]
TABS.port_b.Q_flow=[-2.24e+03, -1.94268408203125e+03, -1.718909912109375e+03, -1.546441528320312e+03, -1.41030029296875e+03, -1.300249145507812e+03, -1.20920166015625e+03, -1.132147338867188e+03, -1.065692626953125e+03, -1.007229797363281e+03, -9.549913940429688e+02, -9.077053833007812e+02, -8.643836059570312e+02, -8.243304443359375e+02, -7.870197143554686e+02, -7.520491333007812e+02, -7.1910498046875e+02, -6.879472045898436e+02, -6.583822631835938e+02, -6.30265380859375e+02, -6.034783935546875e+02, -5.779181518554688e+02, -5.534951782226562e+02, -5.301339721679688e+02, -5.077696838378906e+02, -4.863483276367188e+02, -4.658213500976562e+02, -4.461450805664062e+02, -4.272816162109374e+02, -4.091938781738281e+02, -3.918487548828125e+02, -3.752157897949219e+02, -3.592676086425781e+02, -3.439767456054688e+02, -3.293205871582031e+02, -3.152740173339844e+02, -3.018169250488281e+02, -2.889275207519531e+02, -2.765862731933594e+02, -2.647744750976562e+02, -2.534736022949219e+02, -2.426666412353516e+02, -2.323362884521484e+02, -2.2246728515625e+02, -2.130447540283203e+02, -2.040527496337891e+02, -1.9547802734375e+02, -1.873074035644531e+02, -1.795267333984375e+02, -1.721236724853516e+02, -1.650864105224609e+02, -1.584027252197266e+02, -1.520609283447266e+02, -1.460503387451172e+02, -1.403601837158203e+02, -1.349798126220703e+02, -1.298994445800781e+02, -1.251093978881836e+02, -1.205997467041016e+02, -1.163618927001953e+02, -1.123872222900391e+02, -1.086674880981445e+02, -1.051939010620117e+02, -1.019584121704102e+02, -9.895384216308594e+01, -9.617300415039062e+01, -9.360896301269531e+01, -9.125336456298828e+01, -8.910038757324217e+01, -8.714366912841798e+01, -8.537711334228517e+01, -8.379435729980469e+01, -8.238890075683594e+01, -8.115559387207031e+01, -8.008900451660156e+01, -7.91839599609375e+01, -7.843463134765625e+01, -7.783615875244141e+01, -7.738390350341797e+01, -7.707327270507812e+01, -7.689966583251953e+01, -7.685783386230469e+01, -7.694416809082031e+01, -7.715462493896484e+01, -7.748533630371094e+01, -7.79326171875e+01, -7.849240112304688e+01, -7.9160400390625e+01, -7.993380737304688e+01, -8.080934143066406e+01, -8.178388214111328e+01, -8.285443878173828e+01, -8.401724243164062e+01, -8.526911926269531e+01, -8.660772705078125e+01, -8.803037261962891e+01, -8.953448486328125e+01, -9.111763000488281e+01, -9.277703094482422e+01, -9.451018524169922e+01, -9.631474304199219e+01]
cavityWall.port_b.Q_flow=[-1.1125e+03, -9.544615478515625e+02, -8.21189208984375e+02, -7.076500244140625e+02, -6.107291870117188e+02, -5.278895874023438e+02, -4.569999694824219e+02, -3.962398986816406e+02, -3.441419067382812e+02, -2.993678894042969e+02, -2.608397827148438e+02, -2.276583099365234e+02, -1.990237426757812e+02, -1.742763519287109e+02, -1.528551483154297e+02, -1.342812957763672e+02, -1.181436157226562e+02, -1.040947952270508e+02, -9.183546447753906e+01, -8.112016296386719e+01, -7.173931121826172e+01, -6.351005554199219e+01, -5.627347946166992e+01, -4.989508819580078e+01, -4.425846099853516e+01, -3.926778030395508e+01, -3.483872222900391e+01, -3.089886856079102e+01, -2.738820075988768e+01, -2.425163078308105e+01, -2.144239234924316e+01, -1.892090797424316e+01, -1.665509033203125e+01, -1.461220932006836e+01, -1.277194309234618e+01, -1.110705089569093e+01, -9.602945327758789e+00, -8.240419387817383e+00, -7.005671501159668e+00, -5.886411190032959e+00, -4.870242118835449e+00, -3.948295593261719e+00, -3.109655618667603e+00, -2.349072933197021e+00, -1.661353707313538e+00, -1.036511063575745e+00, -4.724644720554352e-01, 3.379512578248978e-02, 4.894933700561523e-01, 8.97097110748291e-01, 1.258518815040588e+00, 1.577841877937317e+00, 1.858324646949768e+00, 2.101370334625244e+00, 2.309385776519775e+00, 2.485150814056398e+00, 2.629929542541505e+00, 2.745496988296508e+00, 2.834278345108032e+00, 2.896984577178955e+00, 2.934691190719604e+00, 2.948259830474854e+00, 2.939689874649048e+00, 2.910205841064453e+00, 2.860055208206177e+00, 2.78985071182251e+00, 2.700103044509888e+00, 2.593440532684326e+00, 2.469486951828002e+00, 2.328826189041139e+00, 2.171961307525636e+00, 1.999780058860779e+00, 1.813478469848633e+00, 1.613182544708252e+00, 1.399416565895081e+00, 1.172662496566772e+00, 9.337227344512939e-01, 6.830431818962097e-01, 4.210304915904999e-01, 1.481250673532486e-01, -1.352313011884689e-01, -4.284906685352325e-01, -7.313618063926697e-01, -1.043485283851624e+00, -1.364526867866516e+00, -1.694177746772766e+00, -2.032046318054199e+00, -2.377692222595215e+00, -2.730953454971313e+00, -3.091569423675537e+00, -3.459299564361572e+00, -3.833923578262329e+00, -4.215023517608643e+00, -4.602309226989746e+00, -4.995664596557617e+00, -5.39488410949707e+00, -5.79977560043335e+00, -6.210161209106445e+00, -6.625792503356934e+00, -7.04646635055542e+00, -7.471993923187256e+00]
TABS.port_a.Q_flow=[-5.598979296875e+04, -4.0106875e+03, -2.42256298828125e+03, -1.649031372070312e+03, -1.158028198242188e+03, -8.428042602539062e+02, -6.380433349609375e+02, -5.031586608886718e+02, -4.12031494140625e+02, -3.489016723632812e+02, -3.035419616699219e+02, -2.698763427734375e+02, -2.423645324707031e+02, -2.204911041259766e+02, -2.013598937988281e+02, -1.842070617675781e+02, -1.684360961914062e+02, -1.536096038818359e+02, -1.394582366943359e+02, -1.258292541503906e+02, -1.126384048461914e+02, -9.983233642578125e+01, -8.733987426757812e+01, -7.515922546386719e+01, -6.323646545410156e+01, -5.15480842590332e+01, -4.010110092163086e+01, -2.888625144958496e+01, -1.790429496765132e+01, -7.141193389892578e+00, 3.408090829849243e+00, 1.375210762023926e+01, 2.38985652923584e+01, 3.384975814819336e+01, 4.361293411254887e+01, 5.319283676147457e+01, 6.259408569335938e+01, 7.182242584228516e+01, 8.088287353515625e+01, 8.978034210205078e+01, 9.852002716064453e+01, 1.071067581176758e+02, 1.155451431274414e+02, 1.238400650024414e+02, 1.319962158203125e+02, 1.400175170898438e+02, 1.479085083007812e+02, 1.556733703613281e+02, 1.633159484863281e+02, 1.708401336669922e+02, 1.782496795654297e+02, 1.855482482910156e+02, 1.927393646240234e+02, 1.998263702392578e+02, 2.068126373291016e+02, 2.137014312744141e+02, 2.20495834350586e+02, 2.271988525390624e+02, 2.338135681152344e+02, 2.403426971435547e+02, 2.467890014648438e+02, 2.531550750732422e+02, 2.59443603515625e+02, 2.656571044921875e+02, 2.717979125976562e+02, 2.778683166503906e+02, 2.838704833984375e+02, 2.898069458007812e+02, 2.956795959472657e+02, 3.014904174804687e+02, 3.072413940429687e+02, 3.129344482421875e+02, 3.185716857910156e+02, 3.241546630859375e+02, 3.296851196289062e+02, 3.351647033691406e+02, 3.405952453613281e+02, 3.459782409667969e+02, 3.51315185546875e+02, 3.566074829101562e+02, 3.618566284179688e+02, 3.670642700195312e+02, 3.722315368652344e+02, 3.773596801757812e+02, 3.82449951171875e+02, 3.875034790039062e+02, 3.925216064453125e+02, 3.97505615234375e+02, 4.024564208984375e+02, 4.073750305175781e+02, 4.122624816894531e+02, 4.171196899414062e+02, 4.219478149414062e+02, 4.267478942871094e+02, 4.315206298828125e+02, 4.362669067382812e+02, 4.409875183105469e+02, 4.456832580566406e+02, 4.503549499511719e+02, 4.5500341796875e+02, 4.5962939453125e+02]
cavityWall.port_a.Q_flow=[-5.05033349609375e+03, -2.682864990234375e+03, -1.5711181640625e+03, -1.036885009765625e+03, -7.692869873046875e+02, -6.259627685546875e+02, -5.413357543945312e+02, -4.849223937988281e+02, -4.43068115234375e+02, -4.087893981933594e+02, -3.790049438476562e+02, -3.521510925292969e+02, -3.2735009765625e+02, -3.041676025390625e+02, -2.823207702636718e+02, -2.616207885742188e+02, -2.419309539794922e+02, -2.231507568359375e+02, -2.051984710693359e+02, -1.880120239257812e+02, -1.715390625e+02, -1.557318267822266e+02, -1.405481262207031e+02, -1.25951057434082e+02, -1.119090347290039e+02, -9.839446258544922e+01, -8.538256072998047e+01, -7.285025024414062e+01, -6.077700805664058e+01, -4.914254760742188e+01, -3.792845916748047e+01, -2.711745071411133e+01, -1.669360160827637e+01, -6.641298770904541e+00, 3.053187847137491e+00, 1.240434837341305e+01, 2.142455291748047e+01, 3.012675666809082e+01, 3.852286529541016e+01, 4.662435150146484e+01, 5.444248962402344e+01, 6.198781585693359e+01, 6.927080535888672e+01, 7.630104827880859e+01, 8.308785247802734e+01, 8.964075469970703e+01, 9.596814727783203e+01, 1.020782470703125e+02, 1.079795761108398e+02, 1.136797790527344e+02, 1.19186149597168e+02, 1.245061264038086e+02, 1.296467742919922e+02, 1.346146240234375e+02, 1.394161682128906e+02, 1.440578308105469e+02, 1.485454406738282e+02, 1.528848114013672e+02, 1.570818481445312e+02, 1.611416168212891e+02, 1.650691986083984e+02, 1.68869384765625e+02, 1.7254736328125e+02, 1.761078186035156e+02, 1.795548400878906e+02, 1.828925323486328e+02, 1.861248168945312e+02, 1.892566375732422e+02, 1.922911376953125e+02, 1.952318878173828e+02, 1.980822601318359e+02, 2.008458251953125e+02, 2.035262908935547e+02, 2.061263885498047e+02, 2.086490478515625e+02, 2.110970458984375e+02, 2.134736938476562e+02, 2.157815551757812e+02, 2.180230407714844e+02, 2.202006072998047e+02, 2.223166809082031e+02, 2.243741912841797e+02, 2.263749237060547e+02, 2.283209228515625e+02, 2.302141723632812e+02, 2.320565338134766e+02, 2.338501739501953e+02, 2.355973815917969e+02, 2.372994384765625e+02, 2.389579620361328e+02, 2.405744934082031e+02, 2.421504669189453e+02, 2.436878967285156e+02, 2.451883850097656e+02, 2.466529541015625e+02, 2.480829010009766e+02, 2.494794158935547e+02, 2.508436584472656e+02, 2.52177001953125e+02, 2.534806213378906e+02, 2.547556610107422e+02]
