last-generated=2019-12-02
statistics-initialization=
{
  "nonlinear": "7, 7, 7, 7",
  "numerical Jacobians": "0"
}
statistics-simulation=
{
  "linear": "0, 0, 0, 0, 0, 0, 4, 0, 0, 0, 0, 0, 0, 0, 0, 0, 0, 0, 0, 0, 4, 0, 0, 0, 0, 0, 0,   0, 0, 0, 0, 0, 0, 0, 4, 0, 0, 0, 0, 0, 0, 0, 0, 0, 0, 0, 0, 0, 4, 0, 0, 0, 0,   0, 0, 0",
  "nonlinear": "1",
  "number of continuous time states": "128",
  "numerical Jacobians": "0"
}
zoneBlock.intGaiLig.ctrl=[1e+00, 1.309016942977905e+00, 1.587785243988037e+00, 1.809016942977905e+00, 1.951056480407715e+00, 2e+00, 1.951056480407715e+00, 1.809016942977905e+00, 1.587785243988037e+00, 1.309016942977905e+00, 1e+00, 6.9098299741745e-01, 4.122147560119629e-01, 1.909830123186111e-01, 4.894348233938197e-02, 0e+00, 4.894348233938217e-02, 1.909830123186116e-01, 4.122147560119629e-01, 6.9098299741745e-01, 1e+00, 1.309016942977905e+00, 1.587785243988037e+00, 1.809016942977905e+00, 1.951056480407715e+00, 2e+00, 1.951056480407715e+00, 1.809016942977905e+00, 1.587785243988036e+00, 1.309016942977905e+00, 1e+00, 6.9098299741745e-01, 4.122147560119629e-01, 1.909830123186111e-01, 4.894348233938178e-02, 0e+00, 4.894348233938217e-02, 1.909830123186111e-01, 4.122147560119629e-01, 6.9098299741745e-01, 1e+00, 1.309016942977905e+00, 1.587785243988037e+00, 1.809016942977905e+00, 1.951056480407715e+00, 2e+00, 1.951056480407715e+00, 1.809016942977905e+00, 1.587785243988037e+00, 1.309016942977905e+00, 1e+00, 6.9098299741745e-01, 4.122147560119629e-01, 1.909830123186111e-01, 4.894348233938217e-02, 0e+00, 4.894348233938314e-02, 1.909830123186095e-01, 4.122147560119629e-01, 6.9098299741745e-01, 1e+00, 1.309016942977905e+00, 1.587785243988037e+00, 1.809016942977905e+00, 1.951056480407715e+00, 2e+00, 1.951056480407715e+00, 1.809016942977905e+00, 1.587785243988035e+00, 1.309016942977908e+00, 1e+00, 6.9098299741745e-01, 4.122147560119629e-01, 1.909830123186111e-01, 4.894348233938217e-02, 0e+00, 4.894348233938217e-02, 1.909830123186111e-01, 4.122147560119629e-01, 6.9098299741745e-01, 1e+00, 1.309016942977908e+00, 1.587785243988037e+00, 1.809016942977905e+00, 1.951056480407715e+00, 2e+00, 1.951056480407715e+00, 1.809016942977905e+00, 1.587785243988037e+00, 1.309016942977905e+00, 1e+00, 6.9098299741745e-01, 4.122147560119629e-01, 1.909830123186111e-01, 4.894348233938217e-02, 0e+00, 4.894348233938217e-02, 1.909830123186111e-01, 4.122147560119629e-01, 6.9098299741745e-01, 1e+00]
zoneFixed.intGaiLig.ctrl=[1e+00, 1e+00]
zoneOcc.intGaiLig.ctrl=[0e+00, 0e+00, 0e+00, 0e+00, 0e+00, 0e+00, 0e+00, 0e+00, 0e+00, 0e+00, 0e+00, 0e+00, 0e+00, 0e+00, 0e+00, 0e+00, 0e+00, 0e+00, 0e+00, 0e+00, 0e+00, 1e+00, 1e+00, 1e+00, 1e+00, 1e+00, 1e+00, 1e+00, 1e+00, 1e+00, 1e+00, 1e+00, 1e+00, 1e+00, 1e+00, 1e+00, 1e+00, 1e+00, 1e+00, 1e+00, 1e+00, 1e+00, 1e+00, 1e+00, 1e+00, 1e+00, 1e+00, 1e+00, 1e+00, 1e+00, 1e+00, 1e+00, 1e+00, 1e+00, 1e+00, 1e+00, 1e+00, 1e+00, 1e+00, 1e+00, 1e+00, 1e+00, 1e+00, 1e+00, 1e+00, 1e+00, 1e+00, 1e+00, 1e+00, 1e+00, 1e+00, 1e+00, 1e+00, 1e+00, 1e+00, 1e+00, 1e+00, 1e+00, 1e+00, 1e+00, 1e+00, 1e+00, 1e+00, 1e+00, 1e+00, 1e+00, 1e+00, 1e+00, 1e+00, 1e+00, 1e+00, 1e+00, 1e+00, 1e+00, 1e+00, 1e+00, 1e+00, 1e+00, 1e+00, 1e+00, 1e+00]
zoneInput.intGaiLig.ctrl=[0e+00, 5.000000074505806e-02, 1.000000014901161e-01, 1.500000059604645e-01, 2.000000029802322e-01, 2.5e-01, 3.00000011920929e-01, 3.499999940395356e-01, 4.000000059604645e-01, 4.49999988079071e-01, 5e-01, 5.50000011920929e-01, 6.000000238418579e-01, 6.499999761581421e-01, 6.999999880790712e-01, 7.5e-01, 8.00000011920929e-01, 8.50000023841858e-01, 8.999999761581421e-01, 9.49999988079071e-01, 1e+00, 1e+00, 1e+00, 1e+00, 1e+00, 1e+00, 1e+00, 1e+00, 1e+00, 1e+00, 1e+00, 1e+00, 1e+00, 1e+00, 1e+00, 1e+00, 1e+00, 1e+00, 1e+00, 1e+00, 1e+00, 1e+00, 1e+00, 1e+00, 1e+00, 1e+00, 1e+00, 1e+00, 1e+00, 1e+00, 1e+00, 1e+00, 1e+00, 1e+00, 1e+00, 1e+00, 1e+00, 1e+00, 1e+00, 1e+00, 1e+00, 1e+00, 1e+00, 1e+00, 1e+00, 1e+00, 1e+00, 1e+00, 1e+00, 1e+00, 1e+00, 1e+00, 1e+00, 1e+00, 1e+00, 1e+00, 1e+00, 1e+00, 1e+00, 1e+00, 1e+00, 1e+00, 1e+00, 1e+00, 1e+00, 1e+00, 1e+00, 1e+00, 1e+00, 1e+00, 1e+00, 1e+00, 1e+00, 1e+00, 1e+00, 1e+00, 1e+00, 1e+00, 1e+00, 1e+00, 1e+00]
time=[0e+00, 5e+03]
zoneOcc.TSensor=[2.931499938964844e+02, 2.931165161132812e+02, 2.930820617675781e+02, 2.930474243164062e+02, 2.930130310058594e+02, 2.929792175292969e+02, 2.929461669921875e+02, 2.929139709472656e+02, 2.928827514648438e+02, 2.928525390625e+02, 2.928233642578125e+02, 2.927952270507812e+02, 2.927681884765625e+02, 2.927421875e+02, 2.927172546386719e+02, 2.92693359375e+02, 2.926704406738281e+02, 2.926485290527344e+02, 2.926275329589844e+02, 2.926074829101562e+02, 2.925883178710938e+02, 2.925940246582031e+02, 2.9259814453125e+02, 2.926008605957031e+02, 2.926024169921875e+02, 2.9260302734375e+02, 2.926028137207031e+02, 2.926018676757812e+02, 2.926003723144531e+02, 2.925983581542969e+02, 2.925959167480469e+02, 2.925931396484375e+02, 2.925900573730469e+02, 2.925867004394531e+02, 2.925831604003906e+02, 2.925794677734375e+02, 2.925756225585938e+02, 2.925716552734375e+02, 2.92567626953125e+02, 2.925635375976562e+02, 2.925593872070312e+02, 2.925552062988281e+02, 2.925509948730469e+02, 2.925467834472656e+02, 2.925425720214844e+02, 2.925383605957031e+02, 2.925341491699219e+02, 2.925299682617188e+02, 2.925258178710938e+02, 2.925216674804688e+02, 2.92517578125e+02, 2.925134887695312e+02, 2.925094604492188e+02, 2.925054321289062e+02, 2.9250146484375e+02, 2.924974975585938e+02, 2.924935913085938e+02, 2.924897155761719e+02, 2.924858703613281e+02, 2.924820556640625e+02, 2.92478271484375e+02, 2.924745178222656e+02, 2.924707946777344e+02, 2.924671020507812e+02, 2.924634399414062e+02, 2.924598388671875e+02, 2.924562377929688e+02, 2.9245263671875e+02, 2.924490966796875e+02, 2.924455871582031e+02, 2.924420776367188e+02, 2.924386291503906e+02, 2.924351806640625e+02, 2.924317626953125e+02, 2.924283447265625e+02, 2.924249572753906e+02, 2.924216003417969e+02, 2.924182739257812e+02, 2.924149780273438e+02, 2.924116821289062e+02, 2.924084167480469e+02, 2.924051513671875e+02, 2.924019470214844e+02, 2.923987426757812e+02, 2.923955383300781e+02, 2.923923645019531e+02, 2.923892211914062e+02, 2.923860778808594e+02, 2.923829345703125e+02, 2.923798217773438e+02, 2.92376708984375e+02, 2.923736267089844e+02, 2.923705444335938e+02, 2.923674621582031e+02, 2.923644104003906e+02, 2.92361328125e+02, 2.923583068847656e+02, 2.923552551269531e+02, 2.923522338867188e+02, 2.923492431640625e+02, 2.923462219238281e+02]
zoneInput.TSensor=[2.931499938964844e+02, 2.931168518066406e+02, 2.930832824707031e+02, 2.93050048828125e+02, 2.930176086425781e+02, 2.929861450195312e+02, 2.929558410644531e+02, 2.929267883300781e+02, 2.928989868164062e+02, 2.928724670410156e+02, 2.928472595214844e+02, 2.928233337402344e+02, 2.928006591796875e+02, 2.927792053222656e+02, 2.927589721679688e+02, 2.927398986816406e+02, 2.927219543457031e+02, 2.927051086425781e+02, 2.926893005371094e+02, 2.926744995117188e+02, 2.9266064453125e+02, 2.926474304199219e+02, 2.92634521484375e+02, 2.926219482421875e+02, 2.926097106933594e+02, 2.925978088378906e+02, 2.925862731933594e+02, 2.925750427246094e+02, 2.925641784667969e+02, 2.925536193847656e+02, 2.925434265136719e+02, 2.925335083007812e+02, 2.9252392578125e+02, 2.925146179199219e+02, 2.925055847167969e+02, 2.92496826171875e+02, 2.924883422851562e+02, 2.924801025390625e+02, 2.924721069335938e+02, 2.924643249511719e+02, 2.924567565917969e+02, 2.924493713378906e+02, 2.924421997070312e+02, 2.924352111816406e+02, 2.924284057617188e+02, 2.924217529296875e+02, 2.924152526855469e+02, 2.924089050292969e+02, 2.924027099609375e+02, 2.923966369628906e+02, 2.923906555175781e+02, 2.923848266601562e+02, 2.923790893554688e+02, 2.923734741210938e+02, 2.923679504394531e+02, 2.923625183105469e+02, 2.92357177734375e+02, 2.923519287109375e+02, 2.923467407226562e+02, 2.923416442871094e+02, 2.923366088867188e+02, 2.923316650390625e+02, 2.923267517089844e+02, 2.923219299316406e+02, 2.92317138671875e+02, 2.923124084472656e+02, 2.923077392578125e+02, 2.923031311035156e+02, 2.922985534667969e+02, 2.922940368652344e+02, 2.9228955078125e+02, 2.922850952148438e+02, 2.922807006835938e+02, 2.922763366699219e+02, 2.922720031738281e+02, 2.922677307128906e+02, 2.922634582519531e+02, 2.922592468261719e+02, 2.922550354003906e+02, 2.922508850097656e+02, 2.922467651367188e+02, 2.922426452636719e+02, 2.922385864257812e+02, 2.922345275878906e+02, 2.922304992675781e+02, 2.922265014648438e+02, 2.922225341796875e+02, 2.922185668945312e+02, 2.922146606445312e+02, 2.922107543945312e+02, 2.922068786621094e+02, 2.922030029296875e+02, 2.921991577148438e+02, 2.921953430175781e+02, 2.921915588378906e+02, 2.921877746582031e+02, 2.921839904785156e+02, 2.921802673339844e+02, 2.921765441894531e+02, 2.921728210449219e+02, 2.921691284179688e+02]
zoneBlock.TSensor=[2.931499938964844e+02, 2.931306457519531e+02, 2.931130676269531e+02, 2.930971374511719e+02, 2.93082275390625e+02, 2.930675659179688e+02, 2.93052001953125e+02, 2.930346374511719e+02, 2.930146484375e+02, 2.929915466308594e+02, 2.929651184082031e+02, 2.929355773925781e+02, 2.929034423828125e+02, 2.928696594238281e+02, 2.928352355957031e+02, 2.928014831542969e+02, 2.9276953125e+02, 2.92740478515625e+02, 2.927151794433594e+02, 2.926941833496094e+02, 2.926776428222656e+02, 2.926653442382812e+02, 2.926567687988281e+02, 2.926510925292969e+02, 2.92647216796875e+02, 2.926440124511719e+02, 2.926403198242188e+02, 2.926351013183594e+02, 2.9262744140625e+02, 2.926167907714844e+02, 2.9260302734375e+02, 2.925862121582031e+02, 2.9256689453125e+02, 2.925458068847656e+02, 2.925240478515625e+02, 2.925027160644531e+02, 2.924828796386719e+02, 2.924656066894531e+02, 2.924516296386719e+02, 2.924414367675781e+02, 2.924351806640625e+02, 2.924326477050781e+02, 2.924332580566406e+02, 2.924362182617188e+02, 2.924404602050781e+02, 2.9244482421875e+02, 2.924482421875e+02, 2.924496765136719e+02, 2.924482727050781e+02, 2.924435729980469e+02, 2.924353332519531e+02, 2.924237976074219e+02, 2.924094848632812e+02, 2.923932189941406e+02, 2.923759460449219e+02, 2.923588562011719e+02, 2.923430786132812e+02, 2.9232958984375e+02, 2.923191833496094e+02, 2.923123168945312e+02, 2.923092041015625e+02, 2.923095703125e+02, 2.923128967285156e+02, 2.923183898925781e+02, 2.923249816894531e+02, 2.923316040039062e+02, 2.923370971679688e+02, 2.923404846191406e+02, 2.923409423828125e+02, 2.923380126953125e+02, 2.923314514160156e+02, 2.923215026855469e+02, 2.923086547851562e+02, 2.922937622070312e+02, 2.9227783203125e+02, 2.922619934082031e+02, 2.922474060058594e+02, 2.922350463867188e+02, 2.922257385253906e+02, 2.922199096679688e+02, 2.922177734375e+02, 2.922190856933594e+02, 2.922233276367188e+02, 2.922296752929688e+02, 2.922370910644531e+02, 2.922444763183594e+02, 2.922507019042969e+02, 2.922547912597656e+02, 2.922559204101562e+02, 2.922536010742188e+02, 2.922476806640625e+02, 2.922383117675781e+02, 2.9222607421875e+02, 2.922117614746094e+02, 2.921964111328125e+02, 2.921811218261719e+02, 2.921670532226562e+02, 2.921551818847656e+02, 2.921463317871094e+02, 2.921409912109375e+02, 2.921393127441406e+02]
zoneFixed.TSensor=[2.931499938964844e+02, 2.931287231445312e+02, 2.931057434082031e+02, 2.930816955566406e+02, 2.930570373535156e+02, 2.930321350097656e+02, 2.930071411132812e+02, 2.929822387695312e+02, 2.929576110839844e+02, 2.929333190917969e+02, 2.929094543457031e+02, 2.928860778808594e+02, 2.9286328125e+02, 2.92841064453125e+02, 2.928194885253906e+02, 2.92798583984375e+02, 2.927783203125e+02, 2.927587890625e+02, 2.927398986816406e+02, 2.927217407226562e+02, 2.927042236328125e+02, 2.926874084472656e+02, 2.926712036132812e+02, 2.926556701660156e+02, 2.926407470703125e+02, 2.926264343261719e+02, 2.926127014160156e+02, 2.925994873046875e+02, 2.925868225097656e+02, 2.925746459960938e+02, 2.925629577636719e+02, 2.925517272949219e+02, 2.925409240722656e+02, 2.925305480957031e+02, 2.925205383300781e+02, 2.925108947753906e+02, 2.925015869140625e+02, 2.924926147460938e+02, 2.924839477539062e+02, 2.924755554199219e+02, 2.924674377441406e+02, 2.924595947265625e+02, 2.924519653320312e+02, 2.92444580078125e+02, 2.924373779296875e+02, 2.924303894042969e+02, 2.92423583984375e+02, 2.924169311523438e+02, 2.924104614257812e+02, 2.924041442871094e+02, 2.9239794921875e+02, 2.923919067382812e+02, 2.923860168457031e+02, 2.923802185058594e+02, 2.9237451171875e+02, 2.923689270019531e+02, 2.923634643554688e+02, 2.923580627441406e+02, 2.92352783203125e+02, 2.923475646972656e+02, 2.923424377441406e+02, 2.923373718261719e+02, 2.923323669433594e+02, 2.923274536132812e+02, 2.923225708007812e+02, 2.923177795410156e+02, 2.923130493164062e+02, 2.92308349609375e+02, 2.923037109375e+02, 2.922991333007812e+02, 2.922945861816406e+02, 2.922900695800781e+02, 2.922856140136719e+02, 2.922812194824219e+02, 2.922768249511719e+02, 2.922724914550781e+02, 2.922681884765625e+02, 2.92263916015625e+02, 2.922596740722656e+02, 2.922554626464844e+02, 2.922513122558594e+02, 2.922471618652344e+02, 2.922430419921875e+02, 2.922389526367188e+02, 2.922348937988281e+02, 2.922308654785156e+02, 2.922268676757812e+02, 2.922228698730469e+02, 2.922189331054688e+02, 2.922149963378906e+02, 2.922110595703125e+02, 2.922071838378906e+02, 2.922033081054688e+02, 2.92199462890625e+02, 2.921956481933594e+02, 2.921918334960938e+02, 2.921880493164062e+02, 2.921842651367188e+02, 2.921805114746094e+02, 2.921767883300781e+02, 2.921730651855469e+02]
