last-generated=2025-07-07
statistics-initialization=
{
  "nonlinear": "7",
  "numerical Jacobians": "0"
}
statistics-simulation=
{
  "linear": "0, 0, 0, 0, 0, 0, 0, 0, 0, 0, 0, 0, 0, 0, 4, 0, 0, 0, 0",
  "nonlinear": "1",
  "number of continuous time states": "48",
  "numerical Jacobians": "0"
}
time=[1e+07, 1.1e+07]
zon.TSensor=[2.931499938964844e+02, 2.928601684570312e+02, 2.924423217773438e+02, 2.920683288574219e+02, 2.917144165039062e+02, 2.913963012695312e+02, 2.915225524902344e+02, 2.919761962890625e+02, 2.919050598144531e+02, 2.915396118164062e+02, 2.911241455078125e+02, 2.907421875e+02, 2.903506774902344e+02, 2.899430847167969e+02, 2.89712158203125e+02, 2.899444274902344e+02, 2.902240295410156e+02, 2.902759094238281e+02, 2.900026245117188e+02, 2.896376953125e+02, 2.892407836914062e+02, 2.8878955078125e+02, 2.884597473144531e+02, 2.88814208984375e+02, 2.897518615722656e+02, 2.898945922851562e+02, 2.898017578125e+02, 2.895192260742188e+02, 2.891727294921875e+02, 2.888724670410156e+02, 2.886055908203125e+02, 2.884599304199219e+02, 2.885210571289062e+02, 2.887574157714844e+02, 2.890588073730469e+02, 2.889625244140625e+02, 2.885833435058594e+02, 2.881702575683594e+02, 2.877610473632812e+02, 2.874416809082031e+02, 2.875628051757812e+02, 2.882304382324219e+02, 2.8869140625e+02, 2.885284423828125e+02, 2.881154479980469e+02, 2.877469482421875e+02, 2.873670043945312e+02, 2.869842834472656e+02, 2.867406921386719e+02, 2.870743713378906e+02, 2.878853454589844e+02, 2.884083251953125e+02, 2.8832666015625e+02, 2.880083923339844e+02, 2.876183471679688e+02, 2.871468811035156e+02, 2.866943969726562e+02, 2.867575378417969e+02, 2.877948913574219e+02, 2.886859741210938e+02, 2.890116577148438e+02, 2.88832275390625e+02, 2.885367736816406e+02, 2.882852478027344e+02, 2.88000244140625e+02, 2.877242736816406e+02, 2.879646911621094e+02, 2.887712707519531e+02, 2.89362548828125e+02, 2.893494567871094e+02, 2.889927062988281e+02, 2.884819946289062e+02, 2.880106201171875e+02, 2.875737609863281e+02, 2.873866577148438e+02, 2.880931091308594e+02, 2.891000061035156e+02, 2.893731079101562e+02, 2.893771362304688e+02, 2.890079956054688e+02, 2.8860498046875e+02, 2.882543640136719e+02, 2.878594055175781e+02, 2.879827575683594e+02, 2.889600830078125e+02, 2.899073791503906e+02, 2.902731018066406e+02, 2.901607666015625e+02, 2.898884582519531e+02, 2.895325012207031e+02, 2.8919140625e+02, 2.889720764160156e+02, 2.894842224121094e+02, 2.907321166992188e+02, 2.914921264648438e+02, 2.916727600097656e+02, 2.915477600097656e+02, 2.911779174804688e+02, 2.909081420898438e+02, 2.906802368164062e+02, 2.906734924316406e+02]
