last-generated=2024-09-13
statistics-initialization=
{
  "nonlinear": "0, 0, 1, 1, 5, 1, 1",
  "numerical Jacobians": "0"
}
statistics-simulation=
{
  "linear": "24",
  "nonlinear": "0, 0, 1, 1, 5, 1, 1",
  "number of continuous time states": "74",
  "numerical Jacobians": "0"
}
time=[0e+00, 1e+03]
pmpNorth.m_flow=[0e+00, 3.935693740844727e+00, 5.780266284942627e+00, 5.809212207794189e+00, 5.690271377563477e+00, 5.605422496795654e+00, 5.558379650115967e+00, 5.541720867156982e+00, 5.549016952514648e+00, 5.573320865631104e+00, 5.608415603637695e+00, 5.647425651550293e+00, 5.682847499847412e+00, 5.723065853118896e+00, 5.763582229614258e+00, 5.801438808441162e+00, 5.835427761077881e+00, 5.86548376083374e+00, 5.891916275024414e+00, 5.914977073669434e+00, 5.934952735900879e+00, 5.952088356018066e+00, 5.966590404510498e+00, 5.978627681732178e+00, 5.988334655761719e+00, 5.99581241607666e+00, 6.001137256622314e+00, 6.390820980072021e+00, 6.807203769683838e+00, 6.981042861938477e+00, 7.000621795654297e+00, 6.958031177520752e+00, 6.904683113098145e+00, 6.857889652252197e+00, 6.819098949432373e+00, 6.785050868988037e+00, 6.752820491790771e+00, 6.716576099395752e+00, 6.678925514221191e+00, 6.641193389892578e+00, 6.599531650543213e+00, 6.552486419677734e+00, 6.499286651611328e+00, 6.439396381378174e+00, 6.372331619262695e+00, 6.297479629516602e+00, 6.214093208312988e+00, 6.121401309967041e+00, 6.018571853637695e+00, 5.904721260070801e+00, 5.778929710388184e+00, 4.472226619720459e+00, 1.75528609752655e+00, 5.383803248405457e-01, 1.038827523589134e-01, 1.018001791089773e-02, 8.446329738944769e-04, 6.914632103871554e-05, 1.267724110221025e-05, 4.149553660681704e-07, 3.212202273061848e-07, 2.336183868578701e-08, -1.528640147796523e-08, 8.836515519305976e-09, 2.535976983963906e-09, -4.162351574521495e-10, -6.74969469205422e-10, -1.509190966642038e-10, 1.844861763355965e-10, 8.3960505214975e-11, 1.228625014226825e-11, -5.463303420771837e-12, -4.941292600785241e-12, -1.610590133482859e-12, 1.006316137732756e-13, 3.222678471737767e-13, 7.6144128437379e-14, 2.982880522106406e-15, 1.760800311700317e-16, 2.294474114949603e-17, 8.922118152326603e-18, -4.6496897566402e-18, 3.824868594066419e-17, 8.102326744185512e-17, -1.98200614224933e-17, -3.079309135102e-16, -2.172328283001807e-18, 7.622018034933941e-16, 1.579618190807389e-15, 2.189021126907179e-15, 2.936304933193971e-15, 3.828441961373089e-15, 4.858609784570873e-15, 6.01700569048875e-15, 7.30255902948139e-15, 8.700600461451768e-15, 1.019179688289528e-14, 1.175266515238225e-14, 1.335624251713567e-14, 1.49728980705947e-14, 1.65710832236059e-14]
pmpSouth.m_flow=[0e+00, 3.541471004486084e+00, 5.228628158569336e+00, 5.277608871459961e+00, 5.183801174163818e+00, 5.115163803100586e+00, 5.077221393585205e+00, 5.064357757568359e+00, 5.071428775787354e+00, 5.09272575378418e+00, 5.123084545135498e+00, 5.156198501586914e+00, 5.187148094177246e+00, 5.222291946411133e+00, 5.257462501525879e+00, 5.290323734283447e+00, 5.319921493530273e+00, 5.346207141876221e+00, 5.369422912597656e+00, 5.389757633209229e+00, 5.407437801361084e+00, 5.42265510559082e+00, 5.435572147369385e+00, 5.446321487426758e+00, 5.455008029937744e+00, 5.461710929870605e+00, 5.466489791870117e+00, 5.778122901916504e+00, 6.105725288391113e+00, 6.243747711181641e+00, 6.263368606567383e+00, 6.234064102172852e+00, 6.19481372833252e+00, 6.159226417541504e+00, 6.12880277633667e+00, 6.101316928863525e+00, 6.074681282043457e+00, 6.043686866760254e+00, 6.0127272605896e+00, 5.980929851531982e+00, 5.945608615875244e+00, 5.905802726745605e+00, 5.860974311828613e+00, 5.810732364654541e+00, 5.754709720611572e+00, 5.692437648773193e+00, 5.623340129852295e+00, 5.546817302703857e+00, 5.46220874786377e+00, 5.368796825408936e+00, 5.265804767608643e+00, 4.085402011871338e+00, 1.604462742805481e+00, 4.956249594688416e-01, 9.160236269235611e-02, 8.995030075311661e-03, 7.480712374672294e-04, 6.143782229628414e-05, 1.131137742049759e-05, 3.722136909800611e-07, 2.900008553297084e-07, 2.125302422939512e-08, -1.402880922540817e-08, 8.188627553806782e-09, 2.374546781425124e-09, -3.939127080077043e-10, -6.454984324832935e-10, -1.45756906544392e-10, 1.797509918688434e-10, 8.241920340656961e-11, 1.213338023803301e-11, -5.419918853999395e-12, -4.917930212372523e-12, -1.606411401469665e-12, 1.005014146448872e-13, 3.220808222990229e-13, 7.612594094593556e-14, 2.982573049146553e-15, 1.760274489528529e-16, 2.27875338197191e-17, 8.380359518857448e-18, -5.600568612355633e-18, 3.66187695570203e-17, 7.8659688176991e-17, -2.276563173145993e-17, -3.074753421334752e-16, 1.438783564532078e-17, 7.948561412199091e-16, 1.589534405520895e-15, 2.119641928747e-15, 2.723272547069488e-15, 3.386211777084013e-15, 4.085269550760644e-15, 4.796934351065972e-15, 5.504501205972484e-15, 6.186026879948609e-15, 6.819874763389685e-15, 7.384760188880631e-15, 7.859738996251163e-15, 8.224266401365629e-15, 8.458330403812199e-15]
