last-generated=2015-08-14
statistics-simulation=
{
  "numerical Jacobians": "0", 
  "nonlinear": "1", 
  "number of continuous time states": "44", 
  "linear": "0, 0, 0, 9, 0, 6, 2, 0, 0, 0, 0, 2, 0, 0, 0, 0, 0"
}
winBusOut[2].iSolDir=[0.00006811466300860047, 0.00005566209438256919, 0.00001821624937292654, 0.00000039662248241257, 0.00000378749905394216, 0.00000489688227389706, 0.00000000012038615937, 0.00001246913598151878, 0.000048171314119827, 0.00007026919047348201, 0.00004183533019386232, 0.00000858159364724997, 0.00000024642349671922, 0.00000559176032766118, 0.00000280205972558178, 0.00000135661275635357, 0.00002339946149731986, 0.00006078745354898274, 0.00006433484668377787, 0.00002786617551464587, 0.00000257258670899319, 0.00000201841999114549, 0.00000595467736275168, 0.00000073541269784982, 0.00000599522672928288, 0.00003668801946332678, 0.00006879537249915302, 0.00005267306187306531, 0.00001580468051542994, 0.00000012916814284836, 0.00000438095594290644, 0.00000469371843792032, 0.00000003349078880888, 0.00001422831337549724, 0.00005057028465671465, 0.00006923460750840604, 0.00003863479287247173, 0.000006916263828316, 4.31937265396118164062, 63.229625701904296875, 1.71028113365173339844, 0.00000192105039786838, 0.00002566535113146529, 0.00006244806718314067, 0.00006188529368955642, 0.00002494295949873049, 0.00000171726139797101, 0.00000262253661276191, 10.48799610137939453125, 0.00000049202537866222, 0.00000720152684152708, 0.0000391633111576084, 0.00006903810572111979, 0.00004951087612425908, 0.0000134900010380079, 0.00000000727037363646, 0.00000500514170198585, 0.00000447389902547002, 0.00000014260699288116, 0.00001605513170943595, 0.00005278856042423286, 0.00006776550435461104, 0.00003538655801094137, 0.00000539327356818831, 0.00000095589632564952, 0.00000638770734440186, 0.00000211823430618097, 0.00000257909687206848, 0.0000279415471595712, 0.00006377373938448727, 0.00005914343637414277, 0.00002206727549491916, 0.00000102244473509927, 0.00000330779857904417, 0.0000060810862123617, 0.00000029449188332364, 0.00000849730167828966, 0.00004155674105277285, 0.0000688284999341704, 0.00004620779509423301, 0.00001129138581745792, 0.00000003698905715055, 0.00000565487925996422, 0.0000042370697883598, 0.00000032846662634256, 0.00001793960473150946, 0.00005479396713781171, 0.00006588750693481416, 0.00003211752118659206, 0.00000402800560550531, 1.65551054477691650391, 7.89447259902954101562, 0.00000179916253273404, 0.0000033293451906502, 0.00003021138763870113, 0.0000647311462671496, 0.00005614601468550973, 0.00001926227014337201, 0., 7.18160200119018554688, 0.11418615281581878662]
weaBusOut.solBus[1].iSolDir=[-0.00004305668335291557, -0.00003981266127084382, -0.00002410066372249275, -0.00000364418224307883, 0.0000111957033368526, 0.00001269456606678432, 0.00000006355446657835, -0.00002009445779549424, -0.00003750222458620556, -0.00004354936390882358, -0.00003530090907588601, -0.0000167569269251544, 0.00000287588045466691, 0.00001354522737528896, 0.00000966138395597227, -0.00000672911892252159, -0.00002712149580474943, -0.00004123257531318814, -0.0000421449112764094, -0.0000294121855404228, -0.00000925002223084448, 0.00000822119181975722, 0.0000139677968036267, 0.00000496706434205407, -0.00001405457715009106, -0.00003331762491143309, -0.00004321443702792749, -0.00003892582390108146, -0.00002252207741548773, -0.00000208078085961461, 0.00001202190742333187, 0.00001243424867425347, -0.00000105980893749802, -0.00002141471304639708, -0.0000382744510716293, -0.00004331520176492631, -0.00003409021155675873, -0.00001507694196334342, 33.97907257080078125, 147.816192626953125, 6.31174898147583007812, -0.00000800082398200175, -0.0000283146437141113, -0.00004166662620264105, -0.00004152091423748061, -0.00002794157808239106, -0.00000756682538849418, 0.00000935364005272277, 24.4416255950927734375, 0.00000406335675506853, -0.00001537884782010224, -0.00003429510252317414, -0.00004327022179495543, -0.00003793733776547015, -0.00002087234133796301, -0.00000049384954081688, 0.0000128310130094178, 0.00001214597796206363, -0.00000218627747017308, -0.00002269216747663449, -0.0000389609340345487, -0.00004297501072869636, -0.0000327847883454524, -0.00001334117678197799, 0.00000566212565900059, 0.00001445488851459231, 0.00000842133158585057, -0.00000926163374970201, -0.00002944878542621154, -0.00004200430703349411, -0.00004079052814631723, -0.00002638672958710231, -0.00000584486770094372, 0.0000104780810943339, 0.00001411183529853588, 0.000003143846470266, -0.00001667630203883164, -0.00003519831807352602, -0.00004322206586948596, -0.00003684599869302474, -0.00001915201937663369, 0.00000111416147774435, 0.00001361971862934297, 0.0000118271400424419, -0.00000331674959852535, -0.00002392593887634575, -0.0000395596980524715, -0.00004252685175742954, -0.00003138398096780293, -0.00001155103745986708, 7.8556976318359375, 17.3447475433349609375, 0.00000776319302531192, -0.00001051175058819354, -0.00003052242755074985, -0.00004224338772473857, -0.00003995206498075277, -0.0000247477219090797, 0., 20.4733104705810546875, 0.26452818512916564941]
weaBusOut.solBus[3].iSolDir=[0.00000923744664760306, -0.0000229030611080816, -0.00004308959614718333, -0.00004165810241829604, -0.0000192795559996739, 0.00001328964845015435, 0.00003966103395214304, 0.00004595946666086093, 0.00002879181556636468, -0.00000267266273112909, -0.00003220486178179272, -0.0000452870772278402, -0.0000357186327164527, -0.00000801545593276387, 0.00002430767017358448, 0.00004470109342946671, 0.00004231070124660619, 0.00001842114579631016, -0.00001433175748388749, -0.00003933552943635732, -0.00004449133484740742, -0.00002736721398832742, 0.00000388590342481621, 0.00003376188760739751, 0.00004671612623496912, 0.00003579710755730048, 0.00000686642033542739, -0.00002497044624760747, -0.00004384640124044381, -0.00004074624666827731, -0.00001712582161417231, 0.00001563136356708128, 0.00004098326826351695, 0.00004555514169624075, 0.00002688080166990403, -0.00000508192670167773, -0.00003390014171600342, -0.00004545474803308025, 0., 0., 18.3204441070556640625, 0.00004545159754343331, 0.00004129660737817176, 0.00001618887290533166, -0.00001662204522290267, -0.00004055234967381693, -0.00004405662184581161, -0.00002548126212786883, 11.00628185272216796875, 0.00003549797838786617, 0.00004683905717683956, 0.00003424215901759453, 0.00000446301100964774, -0.00002699465221667197, -0.00004450814230949618, -0.00003973173079430126, -0.00001491042348789051, 0.00001796000651665963, 0.00004222059578751214, 0.00004503871241468005, 0.00002489123471605126, -0.0000074971994763473, -0.00003552984344423749, -0.00004551815800368786, -0.0000327406705764588, -0.00000324284678754339, 0.00002849069642252289, 0.00004610014730133116, 0.00004017432365799323, 0.00001389983481203672, -0.00001889160193968564, -0.00004168467057752423, -0.00004351396637503058, -0.00002351410512346774, 0.00000875435307534644, 0.00003716718492796645, 0.00004684943633037619, 0.00003259019285906106, 0.00000202826163331338, -0.00002897251761169173, -0.00004507087578531355, -0.00003861154982587323, -0.0000126330478451564, 0.0000202726514544338, 0.00004336840356700122, 0.00004440656994120218, 0.00002282232708239462, -0.00000991638626146596, -0.00003709008160512894, -0.0000454732398793567, 0., 0., 0.00003051703606615774, 0.00004664190419134684, 0.00003894097608281299, 0.00001155440531874774, -0.00002113730624841992, -0.00004272806836524978, 0., 0., 0.20988555252552032471]
winBusOut[1].iSolDir=[0.00003405733150430024, 0.0000278310471912846, 0.00000910812468646327, 0.00000019831124120628, 0.00000189374952697108, 0.00000244844113694853, 0.00000000006019307969, 0.00000623456799075939, 0.0000240856570599135, 0.00003513459523674101, 0.00002091766509693116, 0.00000429079682362499, 0.00000012321174835961, 0.00000279588016383059, 0.00000140102986279089, 0.00000067830637817679, 0.00001169973074865993, 0.00003039372677449137, 0.00003216742334188893, 0.00001393308775732294, 0.00000128629335449659, 0.00000100920999557275, 0.00000297733868137584, 0.00000036770634892491, 0.00000299761336464144, 0.00001834400973166339, 0.00003439768624957651, 0.00002633653093653265, 0.00000790234025771497, 0.00000006458407142418, 0.00000219047797145322, 0.00000234685921896016, 0.00000001674539440444, 0.00000711415668774862, 0.00002528514232835732, 0.00003461730375420302, 0.00001931739643623587, 0.000003458131914158, 2.15968632698059082031, 31.6148128509521484375, 0.85514056682586669922, 0.00000096052519893419, 0.00001283267556573264, 0.00003122403359157033, 0.00003094264684477821, 0.00001247147974936524, 0.00000085863069898551, 0.00000131126830638095, 5.24399805068969726562, 0.00000024601268933111, 0.00000360076342076354, 0.0000195816555788042, 0.0000345190528605599, 0.00002475543806212954, 0.00000674500051900395, 0.00000000363518681823, 0.00000250257085099292, 0.00000223694951273501, 0.00000007130349644058, 0.00000802756585471798, 0.00002639428021211643, 0.00003388275217730552, 0.00001769327900547069, 0.00000269663678409415, 0.00000047794816282476, 0.00000319385367220093, 0.00000105911715309048, 0.00000128954843603424, 0.0000139707735797856, 0.00003188686969224364, 0.00002957171818707138, 0.00001103363774745958, 0.00000051122236754964, 0.00000165389928952209, 0.00000304054310618085, 0.00000014724594166182, 0.00000424865083914483, 0.00002077837052638642, 0.0000344142499670852, 0.0000231038975471165, 0.00000564569290872896, 0.00000001849452857527, 0.00000282743962998211, 0.0000021185348941799, 0.00000016423331317128, 0.00000896980236575473, 0.00002739698356890585, 0.00003294375346740708, 0.00001605876059329603, 0.00000201400280275266, 0.82775527238845825195, 3.94723629951477050781, 0.00000089958126636702, 0.0000016646725953251, 0.00001510569381935056, 0.0000323655731335748, 0.00002807300734275486, 0.000009631135071686, 0., 3.59080100059509277344, 0.05709307640790939331]
weaBusOut.solBus[2].iSolDir=[-0.00002240913454443216, -0.00001837991840147879, 0.00000120128345315607, 0.00002676040639926214, 0.00004534113759291358, 0.00004720933429780416, 0.00003136789382551797, 0.00000614697864875779, -0.00001557964606035966, -0.00002312240394530818, -0.00001285996768274345, 0.0000102686253740103, 0.00003481778549030423, 0.00004817898661713116, 0.00004329591683926992, 0.00002275608494528569, -0.00000273393720817694, -0.00002033501368714496, -0.00002148366365872789, -0.00000562988589081215, 0.00001953776518348604, 0.00004139821248827502, 0.00004858984175371006, 0.00003729290983756073, 0.00001347708166576922, -0.00001057943336491007, -0.00002292085810040589, -0.00001759475708240643, 0.00000284510724668507, 0.00002838211912603583, 0.00004603509660228156, 0.0000465372868347913, 0.00002961598693218548, 0.00000415512567997212, -0.00001688345764705446, -0.00002317435792065226, -0.00001170009636553004, 0.00001201030227093725, 285.485931396484375, 505.1527099609375, 29.0956020355224609375, 0.00002079289515677374, -0.00000459211833003792, -0.00002124436468875501, -0.00002107878390233964, -0.00000417476667280425, 0.00002125449645973276, 0.00004242099748807959, 83.116485595703125, 0.00003575917071430013, 0.00001142337350756861, -0.00001219386194861727, -0.00002338665217394009, -0.00001676468127698172, 0.00000449493290943792, 0.00002994919123011641, 0.00004662281571654603, 0.00004574593549477868, 0.00002777752524707466, 0.00000213557791539642, -0.00001816099211282562, -0.0000231752001127461, -0.0000105039353002212, 0.00001373867689835606, 0.00003749179813894443, 0.00004849145261687227, 0.00004091006485396065, 0.00001876169517345261, -0.00000645708678348456, -0.00002211393621109892, -0.0000206222557608271, -0.00000269644419859105, 0.0000229365577979479, 0.00004334969707997516, 0.00004788399746757932, 0.00003412329533603042, 0.00000932252714846982, -0.00001379551576974336, -0.00002380303885729518, -0.00001588729901413899, 0.00000615088629274396, 0.00003145943628624082, 0.0000471012135676574, 0.00004483329757931642, 0.00002585281799838413, 0.00000009081312413173, -0.00001940858783200383, -0.00002312147444172297, -0.00000926972916204249, 0.00001545290069770999, 42.6428070068359375, 55.968364715576171875, 0.00003954576095566154, 0.00001666374009801075, -0.00000832558362162672, -0.00002293972283951007, -0.0000201109087356599, -0.0000011940373951802, 0.31375962495803833008, 77.263275146484375, 0.87710589170455932617]
time=[0., 1000000.]
weaBusOut.solBus[2].iSolDif=[0.00004820887625101022, 0.00004848032403970137, 0.00004942845771438442, 11.64965915679931640625, 53.065486907958984375, 24.0323886871337890625, 0.00005054706343798898, 0.00004962821549270302, 0.00004864803850068711, 0.00004816226282855496, 0.00004879475454799831, 0.00004978824654244818, 37.8646392822265625, 27.9246120452880859375, 6.69704675674438476562, 0.00005024665006203577, 0.00004927061308990233, 0.00004836789594264701, 0.00004829074896406382, 0.00004914561577606946, 0.03412508592009544373, 33.531101226806640625, 22.3304119110107421875, 0.15802821516990661621, 0.00004991454625269398, 0.00004891868229606189, 0.00004819414607482031, 0.00004854665894526988, 0.00004950832226313651, 50.699146270751953125, 68.0784912109375, 25.7206821441650390625, 0.00005049761603004299, 0.00004956342309014872, 0.00004859376713284291, 0.00004818464367417619, 0.00004887121758656576, 0.00004986706699128263, 125.4141693115234375, 109.1185150146484375, 10.399135589599609375, 0.00005018981028115377, 0.00004920614446746185, 0.00004833173079532571, 0.00004834397623199038, 0.00004922644438920543, 1.16440761089324951172, 10.70978069305419921875, 84.34497833251953125, 0.00005072301064501517, 0.00004985297709936276, 0.0000488584628328681, 0.00004818889647140168, 0.00004861765773966908, 0.00004959015132044442, 54.85540771484375, 42.39109039306640625, 18.2249240875244140625, 0.00005044797580922022, 0.00004949979484081268, 0.00004854408325627446, 0.00004821643233299255, 0.00004895086385658942, 0.00004994748087483458, 61.813526153564453125, 42.779628753662109375, 4.892047882080078125, 0.00005013317422708496, 0.00004914357486995868, 0.00004830292891710997, 0.00004840381006943062, 0.00004930967770633288, 2.70015859603881835938, 42.135456085205078125, 32.059051513671875, 0.00005068253813078627, 0.0000497920555062592, 0.00004880133928963915, 0.00004819342939299531, 0.00004869293479714543, 0.00004967391942045651, 46.09828948974609375, 47.004093170166015625, 18.0641765594482421875, 0.00005039807001594454, 0.00004943737803841941, 0.0000484995216538664, 0.00004825709038414061, 0.00004903351509710774, 0.00005002947727916762, 140.116180419921875, 94.24633026123046875, 0.85964477062225341797, 0.00005007670188206248, 0.00004908306073048152, 0.00004828215605812147, 0.00004846964293392375, 0.00004939523569191806, 30.7031650543212890625, 134.2060546875, 47.194042205810546875]
winBusOut[1].iSolDif=[0.00003552999987732619, 0.00003552999987732619, 0.00003552999987732619, 3.92302846908569335938, 26.7157535552978515625, 16.4036159515380859375, 0.00003552999987732619, 0.00003552999987732619, 0.00003552999987732619, 0.00003552999987732619, 0.00003552999987732619, 0.00003552999987732619, 10.82042980194091796875, 19.099033355712890625, 4.63665914535522460938, 0.00003552999987732619, 0.00003552999987732619, 0.00003552999987732619, 0.00003552999987732619, 0.00003552999987732619, 0.024178285151720047, 17.8357868194580078125, 15.26710605621337890625, 0.11057433485984802246, 0.00003552999987732619, 0.00003552999987732619, 0.00003552999987732619, 0.00003552999987732619, 0.00003552999987732619, 6.18145084381103515625, 31.9970417022705078125, 17.588214874267578125, 0.00003552999987732619, 0.00003552999987732619, 0.00003552999987732619, 0.00003552999987732619, 0.00003552999987732619, 0.00003552999987732619, 19.1539440155029296875, 25.5422515869140625, 6.14156198501586914062, 0.00003552999987732619, 0.00003552999987732619, 0.00003552999987732619, 0.00003552999987732619, 0.00003552999987732619, 0.81675451993942260742, 7.38531208038330078125, 38.597713470458984375, 0.00003552999987732619, 0.00003552999987732619, 0.00003552999987732619, 0.00003552999987732619, 0.00003552999987732619, 0.00003552999987732619, 6.20787096023559570312, 24.8092899322509765625, 12.49224948883056640625, 0.00003552999987732619, 0.00003552999987732619, 0.00003552999987732619, 0.00003552999987732619, 0.00003552999987732619, 0.00003552999987732619, 19.573581695556640625, 26.0234165191650390625, 3.39446425437927246094, 0.00003552999987732619, 0.00003552999987732619, 0.00003552999987732619, 0.00003552999987732619, 0.00003552999987732619, 1.87000000476837158203, 22.7592334747314453125, 21.456172943115234375, 0.00003552999987732619, 0.00003552999987732619, 0.00003552999987732619, 0.00003552999987732619, 0.00003552999987732619, 0.00003552999987732619, 8.31673717498779296875, 27.0859813690185546875, 12.38244915008544921875, 0.00003552999987732619, 0.00003552999987732619, 0.00003552999987732619, 0.00003552999987732619, 0.00003552999987732619, 0.00003552999987732619, 34.135547637939453125, 42.844905853271484375, 0.5176340937614440918, 0.00003552999987732619, 0.00003552999987732619, 0.00003552999987732619, 0.00003552999987732619, 0.00003552999987732619, 5.58744955062866210938, 43.487316131591796875, 27.540191650390625]
weaBusOut.solBus[4].iSolDif=[0.00004820887625101022, 0.00004848032403970137, 0.00004942845771438442, 5.84465456008911132812, 37.779388427734375, 24.0323886871337890625, 0.00005054706343798898, 0.00004962821549270302, 0.00004864803850068711, 0.00004816226282855496, 0.00004879475454799831, 0.00004978824654244818, 15.2358837127685546875, 28.070331573486328125, 6.69704675674438476562, 0.00005024665006203577, 0.00004927061308990233, 0.00004836789594264701, 0.00004829074896406382, 0.00004914561577606946, 0.03412508592009544373, 25.5340595245361328125, 22.3304119110107421875, 0.15802821516990661621, 0.00004991454625269398, 0.00004891868229606189, 0.00004819414607482031, 0.00004854665894526988, 0.00004950832226313651, 9.8922557830810546875, 44.661380767822265625, 25.8194370269775390625, 0.00005049761603004299, 0.00004956342309014872, 0.00004859376713284291, 0.00004818464367417619, 0.00004887121758656576, 0.00004986706699128263, 33.8582611083984375, 54.370403289794921875, 10.399135589599609375, 0.00005018981028115377, 0.00004920614446746185, 0.00004833173079532571, 0.00004834397623199038, 0.00004922644438920543, 1.16440761089324951172, 10.70978069305419921875, 55.6190643310546875, 0.00005072301064501517, 0.00004985297709936276, 0.0000488584628328681, 0.00004818889647140168, 0.00004861765773966908, 0.00004959015132044442, 9.9795131683349609375, 35.7579345703125, 18.2249240875244140625, 0.00005044797580922022, 0.00004949979484081268, 0.00004854408325627446, 0.00004821643233299255, 0.00004895086385658942, 0.00004994748087483458, 26.6193218231201171875, 37.69547271728515625, 4.892047882080078125, 0.00005013317422708496, 0.00004914357486995868, 0.00004830292891710997, 0.00004840381006943062, 0.00004930967770633288, 2.70015859603881835938, 32.510406494140625, 31.492389678955078125, 0.00005068253813078627, 0.0000497920555062592, 0.00004880133928963915, 0.00004819342939299531, 0.00004869293479714543, 0.00004967391942045651, 12.180194854736328125, 38.926548004150390625, 18.0641765594482421875, 0.00005039807001594454, 0.00004943737803841941, 0.0000484995216538664, 0.00004825709038414061, 0.00004903351509710774, 0.00005002947727916762, 44.493503570556640625, 60.561946868896484375, 0.85964477062225341797, 0.00005007670188206248, 0.00004908306073048152, 0.00004828215605812147, 0.00004846964293392375, 0.00004939523569191806, 8.71414279937744140625, 60.5867462158203125, 39.658203125]
weaBusOut.solBus[1].iSolDif=[0.00009999999747378752, 0.00009999999747378752, 0.00009999999747378752, 11.04145336151123046875, 75.19210052490234375, 46.168354034423828125, 0.00009999999747378752, 0.00009999999747378752, 0.00009999999747378752, 0.00009999999747378752, 0.00009999999747378752, 0.00009999999747378752, 30.454349517822265625, 53.754665374755859375, 13.04998302459716796875, 0.00009999999747378752, 0.00009999999747378752, 0.00009999999747378752, 0.00009999999747378752, 0.00009999999747378752, 0.06805033981800079346, 50.1992340087890625, 42.9696197509765625, 0.31121399998664855957, 0.00009999999747378752, 0.00009999999747378752, 0.00009999999747378752, 0.00009999999747378752, 0.00009999999747378752, 17.39783477783203125, 90.0564117431640625, 49.50243377685546875, 0.00009999999747378752, 0.00009999999747378752, 0.00009999999747378752, 0.00009999999747378752, 0.00009999999747378752, 0.00009999999747378752, 53.90921783447265625, 71.889251708984375, 17.2855682373046875, 0.00009999999747378752, 0.00009999999747378752, 0.00009999999747378752, 0.00009999999747378752, 0.00009999999747378752, 2.29877424240112304688, 20.7861309051513671875, 108.63414764404296875, 0.00009999999747378752, 0.00009999999747378752, 0.00009999999747378752, 0.00009999999747378752, 0.00009999999747378752, 0.00009999999747378752, 17.472194671630859375, 69.82631683349609375, 35.15972137451171875, 0.00009999999747378752, 0.00009999999747378752, 0.00009999999747378752, 0.00009999999747378752, 0.00009999999747378752, 0.00009999999747378752, 55.09029388427734375, 73.243499755859375, 9.55379772186279296875, 0.00009999999747378752, 0.00009999999747378752, 0.00009999999747378752, 0.00009999999747378752, 0.00009999999747378752, 5.26315784454345703125, 64.0563812255859375, 60.388889312744140625, 0.00009999999747378752, 0.00009999999747378752, 0.00009999999747378752, 0.00009999999747378752, 0.00009999999747378752, 0.00009999999747378752, 23.40764617919921875, 76.2341156005859375, 34.85068511962890625, 0.00009999999747378752, 0.00009999999747378752, 0.00009999999747378752, 0.00009999999747378752, 0.00009999999747378752, 0.00009999999747378752, 96.075286865234375, 120.5879669189453125, 1.45689296722412109375, 0.00009999999747378752, 0.00009999999747378752, 0.00009999999747378752, 0.00009999999747378752, 0.00009999999747378752, 15.72600555419921875, 122.39605712890625, 77.51250457763671875]
winBusOut[2].iSolDif=[0.00007105999975465238, 0.00007105999975465238, 0.00007105999975465238, 7.84605693817138671875, 53.431507110595703125, 32.807231903076171875, 0.00007105999975465238, 0.00007105999975465238, 0.00007105999975465238, 0.00007105999975465238, 0.00007105999975465238, 0.00007105999975465238, 21.6408596038818359375, 38.19806671142578125, 9.27331829071044921875, 0.00007105999975465238, 0.00007105999975465238, 0.00007105999975465238, 0.00007105999975465238, 0.00007105999975465238, 0.04835657030344009399, 35.671573638916015625, 30.5342121124267578125, 0.22114866971969604492, 0.00007105999975465238, 0.00007105999975465238, 0.00007105999975465238, 0.00007105999975465238, 0.00007105999975465238, 12.3629016876220703125, 63.994083404541015625, 35.17642974853515625, 0.00007105999975465238, 0.00007105999975465238, 0.00007105999975465238, 0.00007105999975465238, 0.00007105999975465238, 0.00007105999975465238, 38.307888031005859375, 51.084503173828125, 12.28312397003173828125, 0.00007105999975465238, 0.00007105999975465238, 0.00007105999975465238, 0.00007105999975465238, 0.00007105999975465238, 1.63350903987884521484, 14.7706241607666015625, 77.19542694091796875, 0.00007105999975465238, 0.00007105999975465238, 0.00007105999975465238, 0.00007105999975465238, 0.00007105999975465238, 0.00007105999975465238, 12.41574192047119140625, 49.618579864501953125, 24.9844989776611328125, 0.00007105999975465238, 0.00007105999975465238, 0.00007105999975465238, 0.00007105999975465238, 0.00007105999975465238, 0.00007105999975465238, 39.14716339111328125, 52.046833038330078125, 6.78892850875854492188, 0.00007105999975465238, 0.00007105999975465238, 0.00007105999975465238, 0.00007105999975465238, 0.00007105999975465238, 3.74000000953674316406, 45.518466949462890625, 42.91234588623046875, 0.00007105999975465238, 0.00007105999975465238, 0.00007105999975465238, 0.00007105999975465238, 0.00007105999975465238, 0.00007105999975465238, 16.6334743499755859375, 54.171962738037109375, 24.7648983001708984375, 0.00007105999975465238, 0.00007105999975465238, 0.00007105999975465238, 0.00007105999975465238, 0.00007105999975465238, 0.00007105999975465238, 68.27109527587890625, 85.68981170654296875, 1.03526818752288818359, 0.00007105999975465238, 0.00007105999975465238, 0.00007105999975465238, 0.00007105999975465238, 0.00007105999975465238, 11.17489910125732421875, 86.97463226318359375, 55.08038330078125]
weaBusOut.solBus[3].iSolDif=[0.00004820887625101022, 0.00004848032403970137, 0.00004942845771438442, 5.84465456008911132812, 37.779388427734375, 24.0323886871337890625, 0.00005054706343798898, 0.00004962821549270302, 0.00004864803850068711, 0.00004816226282855496, 0.00004879475454799831, 0.00004978824654244818, 15.2358837127685546875, 28.070331573486328125, 6.69704675674438476562, 0.00005024665006203577, 0.00004927061308990233, 0.00004836789594264701, 0.00004829074896406382, 0.00004914561577606946, 0.03412508592009544373, 25.5340595245361328125, 22.3304119110107421875, 0.15802821516990661621, 0.00004991454625269398, 0.00004891868229606189, 0.00004819414607482031, 0.00004854665894526988, 0.00004950832226313651, 9.8922557830810546875, 44.661380767822265625, 25.7859516143798828125, 0.00005049761603004299, 0.00004956342309014872, 0.00004859376713284291, 0.00004818464367417619, 0.00004887121758656576, 0.00004986706699128263, 33.8582611083984375, 54.370403289794921875, 10.399135589599609375, 0.00005018981028115377, 0.00004920614446746185, 0.00004833173079532571, 0.00004834397623199038, 0.00004922644438920543, 1.16440761089324951172, 10.70978069305419921875, 59.42295074462890625, 0.00005072301064501517, 0.00004985297709936276, 0.0000488584628328681, 0.00004818889647140168, 0.00004861765773966908, 0.00004959015132044442, 9.9795131683349609375, 35.7579345703125, 18.2249240875244140625, 0.00005044797580922022, 0.00004949979484081268, 0.00004854408325627446, 0.00004821643233299255, 0.00004895086385658942, 0.00004994748087483458, 26.6193218231201171875, 37.69547271728515625, 4.892047882080078125, 0.00005013317422708496, 0.00004914357486995868, 0.00004830292891710997, 0.00004840381006943062, 0.00004930967770633288, 2.70015859603881835938, 32.510406494140625, 31.59723663330078125, 0.00005068253813078627, 0.0000497920555062592, 0.00004880133928963915, 0.00004819342939299531, 0.00004869293479714543, 0.00004967391942045651, 12.180194854736328125, 38.926548004150390625, 18.0641765594482421875, 0.00005039807001594454, 0.00004943737803841941, 0.0000484995216538664, 0.00004825709038414061, 0.00004903351509710774, 0.00005002947727916762, 44.493503570556640625, 60.561946868896484375, 0.85964477062225341797, 0.00005007670188206248, 0.00004908306073048152, 0.00004828215605812147, 0.00004846964293392375, 0.00004939523569191806, 8.71414279937744140625, 60.5867462158203125, 41.46147918701171875]
weaBusOut.Tdes=[265.149993896484375, 265.149993896484375]
weaBusOut.Te=[283.75, 283.281005859375, 282.987579345703125, 282.998138427734375, 284.094451904296875, 284.655120849609375, 284.04998779296875, 283.2166748046875, 282.383331298828125, 281.25, 280.49444580078125, 279.93798828125, 279.91912841796875, 280.25439453125, 280.170989990234375, 279.616668701171875, 279.1734619140625, 278.36822509765625, 278.75, 278.827789306640625, 278.93133544921875, 280.01666259765625, 280.7611083984375, 280.47271728515625, 280.01666259765625, 279.436279296875, 278.861114501953125, 277.95001220703125, 277.470306396484375, 277.405914306640625, 278.661102294921875, 279.14697265625, 278.291748046875, 277.183319091796875, 276.1612548828125, 275.268798828125, 274.649993896484375, 274.272216796875, 276.1181640625, 279.72406005859375, 279.55035400390625, 278.08087158203125, 277.25, 276.51666259765625, 275.703460693359375, 275.350006103515625, 275.126007080078125, 275.657928466796875, 276.743927001953125, 276.735321044921875, 276.364959716796875, 275.916656494140625, 275.599151611328125, 275.54998779296875, 275.54998779296875, 275.81884765625, 277.3331298828125, 277.845550537109375, 277.119873046875, 276.368255615234375, 275.753692626953125, 274.798828125, 274.20556640625, 273.75, 274.361114501953125, 275.0704345703125, 274.998138427734375, 274.212677001953125, 273.576873779296875, 272.916656494140625, 272.563262939453125, 272.338470458984375, 272.25, 273.361114501953125, 274.117889404296875, 273.642578125, 273.43890380859375, 273.154754638671875, 273.04998779296875, 272.95001220703125, 272.861328125, 273.04998779296875, 274.7703857421875, 275.228179931640625, 274.547515869140625, 274.338897705078125, 274.164581298828125, 273.878387451171875, 273.75, 273.753387451171875, 275.850006103515625, 278.49420166015625, 277.94830322265625, 276.48333740234375, 275.094451904296875, 273.383056640625, 270.45001220703125, 268.727783203125, 267.823944091796875, 267.95001220703125, 267.594451904296875]
