last-generated=2018-07-13
statistics-initialization=
{
  "nonlinear": "7, 7, 9",
  "numerical Jacobians": "0"
}
statistics-simulation=
{
  "linear": "0, 0, 0, 0, 0, 5, 0, 0, 0, 0, 0, 0, 0, 0, 0, 0, 0, 0, 0, 5, 0, 0, 0, 0, 0, 0, 0,   0, 0, 0, 0, 0, 0, 5, 0, 0, 0, 0, 0, 0, 0, 0, 0, 0, 0, 0",
  "nonlinear": "1",
  "number of continuous time states": "104",
  "numerical Jacobians": "0"
}
QFlows[1]=[0e+00, 2.97131494140625e+03, 5.71226513671875e+03, 5.43812451171875e+03, 5.1999580078125e+03, 4.9910234375e+03, 4.80599072265625e+03, 4.640635742187498e+03, 2.276686767578125e+03, 0e+00, 0e+00, 0e+00, 0e+00, 0e+00, 0e+00, 0e+00, 0e+00, 0e+00, 0e+00, 0e+00, 0e+00, 0e+00, 0e+00, 0e+00, 0e+00, 0e+00, 2.590932861328125e+03, 4.9990234375e+03, 4.776153320312499e+03, 4.583077148437501e+03, 4.41406884765625e+03, 4.26456591796875e+03, 4.13078369140625e+03, 2.032386596679688e+03, 2.576296992629068e-06, 0e+00, 0e+00, 0e+00, 0e+00, 0e+00, 0e+00, 0e+00, 0e+00, 0e+00, 0e+00, 0e+00, 0e+00, 0e+00, 0e+00, 0e+00, 0e+00, 2.358136474609375e+03, 4.55148681640625e+03, 4.3501953125e+03, 4.17601708984375e+03, 4.023826416015624e+03, 3.889580322265624e+03, 3.770063476562501e+03, 1.856522460937514e+03, 2.358793381063151e-06, 0e+00, 0e+00, 0e+00, 0e+00, 0e+00, 0e+00, 0e+00, 0e+00, 0e+00, 0e+00, 0e+00, 0e+00, 0e+00, 0e+00, 0e+00, 0e+00, 2.214873046875e+03, 4.28210107421875e+03, 4.09963330078125e+03, 3.942154296875e+03, 3.8048564453125e+03, 3.68395703125e+03, 3.5764697265625e+03, 1.763910522460938e+03, 2.248757027700776e-06, 0e+00, 0e+00, 0e+00, 0e+00, 0e+00, 0e+00, 0e+00, 0e+00, 0e+00, 0e+00, 0e+00, 0e+00, 0e+00, 0e+00, 0e+00, -0e+00]
QFlows[2]=[0e+00, 2.945318115234375e+03, 5.63928076171875e+03, 5.3765947265625e+03, 5.14952294921875e+03, 4.9494345703125e+03, 4.7714619140625e+03, 4.611776855468748e+03, 2.270563720703125e+03, 0e+00, 0e+00, 0e+00, 0e+00, 0e+00, 0e+00, 0e+00, 0e+00, 0e+00, 0e+00, 0e+00, 0e+00, 0e+00, 0e+00, 0e+00, 0e+00, 0e+00, 2.699869384765625e+03, 4.953404296875e+03, 4.726080078124999e+03, 4.542354003906251e+03, 4.38097802734375e+03, 4.237498046875e+03, 4.10844873046875e+03, 2.029262573242188e+03, 2.635545115481364e-06, 0e+00, 0e+00, 0e+00, 0e+00, 0e+00, 0e+00, 0e+00, 0e+00, 0e+00, 0e+00, 0e+00, 0e+00, 0e+00, 0e+00, 0e+00, 0e+00, 2.472977294921875e+03, 4.51247802734375e+03, 4.30548779296875e+03, 4.13982421875e+03, 3.994630859374999e+03, 3.865945800781249e+03, 3.750864746093751e+03, 1.854569335937513e+03, 2.416862344034598e-06, 0e+00, 0e+00, 0e+00, 0e+00, 0e+00, 0e+00, 0e+00, 0e+00, 0e+00, 0e+00, 0e+00, 0e+00, 0e+00, 0e+00, 0e+00, 0e+00, 2.343098388671875e+03, 4.24890478515625e+03, 4.05864453125e+03, 3.9090498046875e+03, 3.778249267578125e+03, 3.66249462890625e+03, 3.5591015625e+03, 1.762810424804688e+03, 2.308188413735479e-06, 0e+00, 0e+00, 0e+00, 0e+00, 0e+00, 0e+00, 0e+00, 0e+00, 0e+00, 0e+00, 0e+00, 0e+00, 0e+00, 0e+00, 0e+00, -0e+00]
QFlows[3]=[0e+00, 2.959889404296875e+03, 5.8566162109375e+03, 5.80781005859375e+03, 5.72248095703125e+03, 5.611380859375e+03, 5.48545068359375e+03, 5.352107421874997e+03, 2.6433955078125e+03, 0e+00, 0e+00, 0e+00, 0e+00, 0e+00, 0e+00, 0e+00, 0e+00, 0e+00, 0e+00, 0e+00, 0e+00, 0e+00, 0e+00, 0e+00, 0e+00, 0e+00, 2.994614013671875e+03, 5.46369482421875e+03, 5.32728515625e+03, 5.202802734375001e+03, 5.0705830078125e+03, 4.93564697265625e+03, 4.80140087890625e+03, 2.370975341796875e+03, 4.280731445760466e-06, 0e+00, 0e+00, 0e+00, 0e+00, 0e+00, 0e+00, 0e+00, 0e+00, 0e+00, 0e+00, 0e+00, 0e+00, 0e+00, 0e+00, 0e+00, 0e+00, 2.76352197265625e+03, 4.99668603515625e+03, 4.84629150390625e+03, 4.71556884765625e+03, 4.583129394531249e+03, 4.452288085937499e+03, 4.325359863281251e+03, 2.13579272460939e+03, 3.932969320885604e-06, 0e+00, 0e+00, 0e+00, 0e+00, 0e+00, 0e+00, 0e+00, 0e+00, 0e+00, 0e+00, 0e+00, 0e+00, 0e+00, 0e+00, 0e+00, 0e+00, 2.582872802734375e+03, 4.63865673828125e+03, 4.49766796875e+03, 4.37884521484375e+03, 4.2594267578125e+03, 4.1420439453125e+03, 4.02859130859375e+03, 1.99232470703125e+03, 3.691660140248132e-06, 0e+00, 0e+00, 0e+00, 0e+00, 0e+00, 0e+00, 0e+00, 0e+00, 0e+00, 0e+00, 0e+00, 0e+00, 0e+00, 0e+00, 0e+00, -0e+00]
time=[0e+00, 1e+05]
zone.TSensor=[2.931499938964844e+02, 2.926640930175781e+02, 2.92460205078125e+02, 2.923657531738281e+02, 2.923162536621094e+02, 2.922890930175781e+02, 2.922757263183594e+02, 2.92272216796875e+02, 2.922757873535156e+02, 2.922820434570312e+02, 2.922874755859375e+02, 2.922915954589844e+02, 2.922945861816406e+02, 2.922958679199219e+02, 2.922949829101562e+02, 2.922915954589844e+02, 2.922853393554688e+02, 2.922763366699219e+02, 2.922649841308594e+02, 2.92251953125e+02, 2.922377624511719e+02, 2.922227478027344e+02, 2.922067565917969e+02, 2.921893920898438e+02, 2.92170654296875e+02, 2.9215087890625e+02, 2.921311645507812e+02, 2.921151428222656e+02, 2.921065063476562e+02, 2.9210693359375e+02, 2.921195678710938e+02, 2.921562805175781e+02, 2.922320251464844e+02, 2.923236694335938e+02, 2.92400634765625e+02, 2.924674072265625e+02, 2.925202331542969e+02, 2.925661926269531e+02, 2.926097717285156e+02, 2.926521911621094e+02, 2.926928405761719e+02, 2.927309265136719e+02, 2.927656555175781e+02, 2.927958984375e+02, 2.928203735351562e+02, 2.928374328613281e+02, 2.928468322753906e+02, 2.928497314453125e+02, 2.928471069335938e+02, 2.928396301269531e+02, 2.928287048339844e+02, 2.9281494140625e+02, 2.928006286621094e+02, 2.927882995605469e+02, 2.927773742675781e+02, 2.9276806640625e+02, 2.927634887695312e+02, 2.927663879394531e+02, 2.927759704589844e+02, 2.927880859375e+02, 2.927991638183594e+02, 2.928081970214844e+02, 2.928151245117188e+02, 2.928200988769531e+02, 2.92822998046875e+02, 2.928233337402344e+02, 2.928207397460938e+02, 2.928152770996094e+02, 2.928072509765625e+02, 2.927968139648438e+02, 2.927840881347656e+02, 2.927692260742188e+02, 2.927526550292969e+02, 2.927349243164062e+02, 2.927166137695312e+02, 2.926979370117188e+02, 2.926790466308594e+02, 2.926621398925781e+02, 2.926500549316406e+02, 2.926434020996094e+02, 2.926419982910156e+02, 2.926454162597656e+02, 2.926531677246094e+02, 2.926644287109375e+02, 2.926764221191406e+02, 2.92685791015625e+02, 2.926911315917969e+02, 2.926916809082031e+02, 2.926868591308594e+02, 2.926769409179688e+02, 2.926631469726562e+02, 2.926466674804688e+02, 2.926278076171875e+02, 2.926073913574219e+02, 2.925867004394531e+02, 2.925665283203125e+02, 2.925467224121094e+02, 2.925265808105469e+02, 2.925049133300781e+02, 2.924808959960938e+02, 2.924548645019531e+02]
zone2.TSensor=[2.931499938964844e+02, 2.926671752929688e+02, 2.924660339355469e+02, 2.923726196289062e+02, 2.923237609863281e+02, 2.922975463867188e+02, 2.922857666015625e+02, 2.9228466796875e+02, 2.922914123535156e+02, 2.923012084960938e+02, 2.923101196289062e+02, 2.923174743652344e+02, 2.923235473632812e+02, 2.923277282714844e+02, 2.923295593261719e+02, 2.923287353515625e+02, 2.923249206542969e+02, 2.923181457519531e+02, 2.923089294433594e+02, 2.922978210449219e+02, 2.922854309082031e+02, 2.922720947265625e+02, 2.922576293945312e+02, 2.922416687011719e+02, 2.922242126464844e+02, 2.922056274414062e+02, 2.921871032714844e+02, 2.921727905273438e+02, 2.921663818359375e+02, 2.921697998046875e+02, 2.921860961914062e+02, 2.922272644042969e+02, 2.923082275390625e+02, 2.9240576171875e+02, 2.924889526367188e+02, 2.925617370605469e+02, 2.926203002929688e+02, 2.92671630859375e+02, 2.927202758789062e+02, 2.927674560546875e+02, 2.928125915527344e+02, 2.928548278808594e+02, 2.928934326171875e+02, 2.929273071289062e+02, 2.929551086425781e+02, 2.929752807617188e+02, 2.929874877929688e+02, 2.929928894042969e+02, 2.929925537109375e+02, 2.929871215820312e+02, 2.929780578613281e+02, 2.929661254882812e+02, 2.929539794921875e+02, 2.929442749023438e+02, 2.929365844726562e+02, 2.929310302734375e+02, 2.929308166503906e+02, 2.929386901855469e+02, 2.929537048339844e+02, 2.929713439941406e+02, 2.929876708984375e+02, 2.930015869140625e+02, 2.930130920410156e+02, 2.930223388671875e+02, 2.930292053222656e+02, 2.930332946777344e+02, 2.930340881347656e+02, 2.930317993164062e+02, 2.930266418457031e+02, 2.930188598632812e+02, 2.93008544921875e+02, 2.929959106445312e+02, 2.929813537597656e+02, 2.929654541015625e+02, 2.929488525390625e+02, 2.929317626953125e+02, 2.929144897460938e+02, 2.928995361328125e+02, 2.928898620605469e+02, 2.928860778808594e+02, 2.928880004882812e+02, 2.928951416015625e+02, 2.929071044921875e+02, 2.929229125976562e+02, 2.929395446777344e+02, 2.929532775878906e+02, 2.92962646484375e+02, 2.929669494628906e+02, 2.929655456542969e+02, 2.929588012695312e+02, 2.929478759765625e+02, 2.929340515136719e+02, 2.929176330566406e+02, 2.928994750976562e+02, 2.92880859375e+02, 2.928625793457031e+02, 2.928445434570312e+02, 2.928260498046875e+02, 2.928058776855469e+02, 2.927831726074219e+02, 2.9275830078125e+02]
zone1.TSensor=[2.931499938964844e+02, 2.926640930175781e+02, 2.924601745605469e+02, 2.923655700683594e+02, 2.923158569335938e+02, 2.922883911132812e+02, 2.922746276855469e+02, 2.922706909179688e+02, 2.922738342285156e+02, 2.922796325683594e+02, 2.922846374511719e+02, 2.922883605957031e+02, 2.922909851074219e+02, 2.922919311523438e+02, 2.922907409667969e+02, 2.922870483398438e+02, 2.922805786132812e+02, 2.922713317871094e+02, 2.92259765625e+02, 2.922465515136719e+02, 2.92232177734375e+02, 2.922170104980469e+02, 2.922008666992188e+02, 2.921834106445312e+02, 2.9216455078125e+02, 2.921446838378906e+02, 2.921249084472656e+02, 2.921090087890625e+02, 2.921004333496094e+02, 2.921009216308594e+02, 2.921134948730469e+02, 2.921500854492188e+02, 2.922256774902344e+02, 2.92317138671875e+02, 2.923939208984375e+02, 2.924604797363281e+02, 2.925131530761719e+02, 2.925589294433594e+02, 2.926023254394531e+02, 2.926445922851562e+02, 2.926851501464844e+02, 2.927230834960938e+02, 2.927576904296875e+02, 2.92787841796875e+02, 2.928122253417969e+02, 2.928292236328125e+02, 2.928385620117188e+02, 2.928413696289062e+02, 2.928387145996094e+02, 2.928311767578125e+02, 2.928201904296875e+02, 2.928064575195312e+02, 2.927922973632812e+02, 2.927801208496094e+02, 2.92769287109375e+02, 2.927599792480469e+02, 2.9275537109375e+02, 2.927582092285156e+02, 2.927676696777344e+02, 2.927796630859375e+02, 2.927906188964844e+02, 2.927995300292969e+02, 2.928063659667969e+02, 2.928112487792969e+02, 2.928140563964844e+02, 2.928143005371094e+02, 2.928116149902344e+02, 2.928060913085938e+02, 2.927980041503906e+02, 2.927875061035156e+02, 2.927747192382812e+02, 2.927598571777344e+02, 2.927432250976562e+02, 2.927254638671875e+02, 2.927071228027344e+02, 2.926884155273438e+02, 2.926695861816406e+02, 2.926528625488281e+02, 2.926409606933594e+02, 2.926344604492188e+02, 2.926331176757812e+02, 2.926365661621094e+02, 2.926443176269531e+02, 2.92655517578125e+02, 2.926674499511719e+02, 2.926767578125e+02, 2.926820373535156e+02, 2.926825256347656e+02, 2.926776428222656e+02, 2.926676940917969e+02, 2.926538391113281e+02, 2.926373291015625e+02, 2.926184387207031e+02, 2.925979614257812e+02, 2.925773010253906e+02, 2.925570983886719e+02, 2.925372619628906e+02, 2.9251708984375e+02, 2.924954223632812e+02, 2.924714050292969e+02, 2.924453430175781e+02]
