last-generated=2024-09-13
statistics-initialization=
{
  "nonlinear": "0, 5, 1, 1, 0, 1, 1",
  "numerical Jacobians": "0"
}
statistics-simulation=
{
  "linear": "27",
  "nonlinear": "0, 5, 1, 1, 0, 1, 1",
  "number of continuous time states": "3",
  "numerical Jacobians": "0"
}
time=[0e+00, 1e+03]
pmpNorth.m_flow=[0e+00, 5.476596832275391e+00, 5.134872913360596e+00, 5.241343975067139e+00, 5.336724281311035e+00, 5.42204475402832e+00, 5.49827766418457e+00, 5.566323757171631e+00, 5.627006530761719e+00, 5.681071281433105e+00, 5.729185581207275e+00, 5.771944522857666e+00, 5.809875011444092e+00, 5.843441009521484e+00, 5.873049736022949e+00, 5.899054527282715e+00, 5.921764373779297e+00, 5.941442966461182e+00, 5.95831823348999e+00, 5.972582340240479e+00, 5.984394550323486e+00, 5.993887424468994e+00, 6.001165390014648e+00, 6.006308555603027e+00, 6.009371757507324e+00, 6.01038932800293e+00, 6.009371757507324e+00, 6.842513561248779e+00, 6.83491849899292e+00, 6.824180126190186e+00, 6.810193061828613e+00, 6.792816638946533e+00, 6.771877288818359e+00, 6.747164249420166e+00, 6.718426704406738e+00, 6.685370445251465e+00, 6.647656440734863e+00, 6.60489559173584e+00, 6.556644916534424e+00, 6.502403736114502e+00, 6.441612243652344e+00, 6.373644828796387e+00, 6.297811508178711e+00, 6.213356971740723e+00, 6.119462966918945e+00, 6.01525354385376e+00, 5.899808406829834e+00, 5.772178649902344e+00, 5.63141393661499e+00, 5.476596832275391e+00, 5.306889057159424e+00, -1.811381990582395e-14, -6.780325236588186e-31, -1.190928027411296e-30, -1.552463540147939e-30, -1.778588028161383e-30, -1.88690672928457e-30, -1.896100599740769e-30, -1.825308192194136e-30, -1.693507063602538e-30, -1.51892029162971e-30, -1.318470104870995e-30, -1.107298093079107e-30, -8.983657271639531e-31, -7.021506114523798e-31, -5.26460144323678e-31, -3.752240739223076e-31, -2.139607780996659e-31, -1.129329866479054e-31, -5.395190519603245e-32, -2.253847170923766e-32, -7.777752411763731e-33, -1.997703609067529e-33, -3.052800614236233e-34, -1.47047541721434e-35, -6.22786755615463e-38, -2.064112637950456e-42, 5.946167340037673e-27, 5.836818815585199e-26, 2.727223543993564e-25, 8.78277993004974e-25, 2.253336802337902e-24, 4.955269219191047e-24, 9.743747999469404e-24, 1.759554249095467e-23, 2.970938205939353e-23, 4.74997447949452e-23, 7.257889514936952e-23, 1.067271628125619e-22, 1.518519755880232e-22, 2.099368137814049e-22, 2.829369417215008e-22, 3.6988569556594e-22, 4.742852390806695e-22, 5.975600404903522e-22, 7.408922047060181e-22, 9.051729804674986e-22, 1.09096479404578e-21, 1.298476863974702e-21, 1.527555002657173e-21, 1.777685251436224e-21]
pmpSouth.m_flow=[0e+00, 5.018579483032227e+00, 4.728241920471191e+00, 4.816676616668701e+00, 4.896131038665771e+00, 4.967477321624756e+00, 5.03151273727417e+00, 5.0889573097229e+00, 5.140457153320312e+00, 5.186590671539307e+00, 5.227871894836426e+00, 5.26475715637207e+00, 5.297648906707764e+00, 5.326901435852051e+00, 5.352827072143555e+00, 5.375698089599609e+00, 5.395751476287842e+00, 5.413193225860596e+00, 5.42819881439209e+00, 5.440918922424316e+00, 5.451479434967041e+00, 5.459983825683594e+00, 5.466514587402344e+00, 5.471135139465332e+00, 5.47389030456543e+00, 5.474805355072021e+00, 5.47389030456543e+00, 6.153408050537109e+00, 6.146831035614014e+00, 6.137541770935059e+00, 6.125458240509033e+00, 6.110471248626709e+00, 6.092447757720947e+00, 6.071224689483643e+00, 6.046609878540039e+00, 6.018378257751465e+00, 5.986271858215332e+00, 5.949994087219238e+00, 5.90920877456665e+00, 5.863537311553955e+00, 5.812554359436035e+00, 5.75578498840332e+00, 5.692702770233154e+00, 5.622726440429688e+00, 5.545217514038086e+00, 5.459481716156006e+00, 5.36476993560791e+00, 5.260281085968018e+00, 5.145174026489258e+00, 5.018579483032227e+00, 4.879621982574463e+00, 1.886197530901346e-14, -3.032695961703386e-31, -5.412561387372521e-31, -7.182315622507248e-31, -8.391760130972245e-31, -9.096221670278793e-31, -9.355076811075629e-31, -9.230528012430864e-31, -8.786806166464389e-31, -8.089723910494563e-31, -7.206393038196271e-31, -6.204593024035667e-31, -5.151251344173428e-31, -4.109707395813782e-31, -3.135882971708398e-31, -2.267165139882918e-31, -1.30712232909601e-31, -6.954943394260181e-32, -3.340851335573709e-32, -1.400441798709838e-32, -4.842097064591136e-33, -1.244843191062025e-33, -1.902983468139719e-34, -9.167070166492458e-36, -3.882530291216676e-38, -1.384482882752919e-42, 3.403658627674641e-27, 3.339802263326944e-26, 1.558941250960007e-25, 5.010002853985609e-25, 1.280638371257601e-24, 2.799654928070114e-24, 5.45751802488354e-24, 9.738523373694126e-24, 1.619075003498976e-23, 2.539738157675591e-23, 3.794694215530635e-23, 5.440957941216778e-23, 7.532388497493621e-23, 1.011939977600331e-22, 1.324741312549101e-22, 1.684453933611957e-22, 2.102657498462204e-22, 2.582566015754327e-22, 3.126896196228164e-22, 3.737714350584415e-22, 4.416283666013391e-22, 5.162941901200271e-22, 5.977024141065265e-22, 6.856828970407989e-22]
