last-generated=2024-09-13
statistics-initialization=
{
  "nonlinear": "0, 0, 27, 0, 0, 0, 0, 0, 0, 0, 0, 0, 1, 0, 1, 1, 1",
  "numerical Jacobians": "0"
}
statistics-simulation=
{
  "linear": "24",
  "nonlinear": "0, 0, 7, 0, 1, 0, 1, 1, 1",
  "number of continuous time states": "74",
  "numerical Jacobians": "0"
}
time=[0e+00, 1e+03]
pmpNorth.m_flow=[0e+00, 3.935719966888428e+00, 5.780134201049805e+00, 5.809372425079346e+00, 5.690332889556885e+00, 5.605265617370605e+00, 5.558050155639648e+00, 5.541195392608643e+00, 5.548246383666992e+00, 5.572600364685059e+00, 5.607273578643799e+00, 5.646536827087402e+00, 5.682013034820557e+00, 5.721702575683594e+00, 5.762365818023682e+00, 5.80023717880249e+00, 5.834191799163818e+00, 5.864240169525146e+00, 5.890645980834961e+00, 5.913697719573975e+00, 5.933664798736572e+00, 5.950789451599121e+00, 5.965280532836914e+00, 5.977311134338379e+00, 5.987006664276123e+00, 5.994471549987793e+00, 5.999792098999023e+00, 6.390218734741211e+00, 6.807060718536377e+00, 6.98098611831665e+00, 7.000590324401855e+00, 6.958016872406006e+00, 6.904675006866455e+00, 6.857916831970215e+00, 6.819095611572266e+00, 6.785049915313721e+00, 6.752818584442139e+00, 6.719395637512207e+00, 6.682451725006104e+00, 6.642802715301514e+00, 6.600092887878418e+00, 6.552663803100586e+00, 6.499347686767578e+00, 6.439423561096191e+00, 6.372345447540283e+00, 6.297487735748291e+00, 6.214098453521729e+00, 6.121404647827148e+00, 6.018574714660645e+00, 5.90472412109375e+00, 5.778931617736816e+00, 4.472226619720459e+00, 1.755471467971802e+00, 5.401259660720825e-01, 1.123382300138474e-01, 2.453478425741196e-02, 1.520305220037699e-02, 1.410731207579374e-02, 1.321723219007254e-02, 1.221094280481339e-02, 1.11041609197855e-02, 9.923306293785572e-03, 8.698382414877415e-03, 7.459694053977728e-03, 6.240989547222853e-03, 5.078536923974752e-03, 4.006060771644115e-03, 3.052128944545984e-03, 2.236828440800309e-03, 1.569058164022863e-03, 1.047911122441292e-03, 6.615669117309153e-04, 3.908970975317061e-04, 2.134248788934201e-04, 1.060919821611606e-04, 4.749789877678268e-05, 1.952969796548132e-05, 8.213044566218741e-06, 4.3099121285195e-06, 3.565921815606998e-06, 4.12004965255619e-06, 4.624384473572718e-06, 4.084657575731399e-06, 2.893908913392806e-06, 1.786574671314156e-06, 1.004132968773774e-06, 5.269158691589837e-07, 2.537093166665727e-07, 1.200876909024373e-07, 5.604598740660549e-08, 2.360466666573302e-08, 9.78109326865706e-09, 4.794381780470758e-09, 2.732105208735902e-09, 1.638707280982032e-09, 1.029162866039712e-09, 7.18410719802165e-10, 6.216833159378155e-10, 5.867422103733588e-10, 6.296201893185582e-10, 6.5810401572719e-10]
pmpSouth.m_flow=[-0e+00, 3.541494846343994e+00, 5.228507995605469e+00, 5.277755260467529e+00, 5.183857440948486e+00, 5.115018367767334e+00, 5.076917171478271e+00, 5.063875675201416e+00, 5.07072925567627e+00, 5.092054843902588e+00, 5.122058391571045e+00, 5.155381202697754e+00, 5.186352252960205e+00, 5.221077919006348e+00, 5.25635814666748e+00, 5.289224624633789e+00, 5.318795204162598e+00, 5.345073699951172e+00, 5.368263244628906e+00, 5.388589859008789e+00, 5.406262874603271e+00, 5.421472072601318e+00, 5.434380054473877e+00, 5.445123195648193e+00, 5.453798770904541e+00, 5.460489749908447e+00, 5.465264320373535e+00, 5.777576923370361e+00, 6.105596542358398e+00, 6.243697166442871e+00, 6.263339996337891e+00, 6.234051704406738e+00, 6.194806575775146e+00, 6.159245491027832e+00, 6.128800392150879e+00, 6.101315975189209e+00, 6.074679851531982e+00, 6.043680191040039e+00, 6.0127272605896e+00, 5.980929374694824e+00, 5.945609092712402e+00, 5.90580415725708e+00, 5.86097526550293e+00, 5.810732364654541e+00, 5.754709243774414e+00, 5.692437171936035e+00, 5.623340129852295e+00, 5.546817302703857e+00, 5.462209224700928e+00, 5.368796825408936e+00, 5.265804767608643e+00, 4.085400581359863e+00, 1.604631900787354e+00, 4.972585737705231e-01, 9.942599385976791e-02, 2.088707499206066e-02, 1.291572488844395e-02, 1.215754449367523e-02, 1.150642801076174e-02, 1.072179991751909e-02, 9.835007600486279e-03, 8.873006328940392e-03, 7.859980687499046e-03, 6.81846309453249e-03, 5.774416960775852e-03, 4.757886286824942e-03, 3.799541387706995e-03, 2.928500063717365e-03, 2.168644918128848e-03, 1.534769311547279e-03, 1.032353844493628e-03, 6.552871782332659e-04, 3.886850900016725e-04, 2.127616025973111e-04, 1.059275091392919e-04, 4.746486592921428e-05, 1.952410821104422e-05, 8.09581524663372e-06, 3.950351583625888e-06, 3.063219310206478e-06, 3.084286845478346e-06, 2.867851890187012e-06, 2.253282218589447e-06, 1.539142658657511e-06, 9.406043091075844e-07, 5.259519184619421e-07, 2.746143650256272e-07, 1.31428180338844e-07, 6.175093147930966e-08, 2.857139236311923e-08, 1.191770859776398e-08, 4.888038418471297e-09, 2.371256524469345e-09, 1.337771782239372e-09, 7.949217950553589e-10, 4.950562737526809e-10, 3.430517259150889e-10, 2.950220623354483e-10, 2.770074447600024e-10, 2.960045264455147e-10, 3.083558408611964e-10]
