last-generated=2024-09-13
statistics-simulation=
{
  "linear": "0, 0",
  "nonlinear": " ",
  "number of continuous time states": "9",
  "numerical Jacobians": "0"
}
time=[0e+00, 1.728e+05]
TSet.y=[2.891499938964844e+02, 2.891499938964844e+02, 2.891499938964844e+02, 2.891499938964844e+02, 2.891499938964844e+02, 2.891499938964844e+02, 2.891499938964844e+02, 2.891499938964844e+02, 2.891499938964844e+02, 2.891499938964844e+02, 2.891499938964844e+02, 2.891499938964844e+02, 2.891499938964844e+02, 2.891499938964844e+02, 2.891499938964844e+02, 2.931499938964844e+02, 2.931499938964844e+02, 2.931499938964844e+02, 2.931499938964844e+02, 2.931499938964844e+02, 2.931499938964844e+02, 2.931499938964844e+02, 2.931499938964844e+02, 2.931499938964844e+02, 2.931499938964844e+02, 2.931499938964844e+02, 2.931499938964844e+02, 2.931499938964844e+02, 2.931499938964844e+02, 2.931499938964844e+02, 2.931499938964844e+02, 2.931499938964844e+02, 2.931499938964844e+02, 2.931499938964844e+02, 2.931499938964844e+02, 2.931499938964844e+02, 2.931499938964844e+02, 2.931499938964844e+02, 2.931499938964844e+02, 2.931499938964844e+02, 2.891499938964844e+02, 2.891499938964844e+02, 2.891499938964844e+02, 2.891499938964844e+02, 2.891499938964844e+02, 2.891499938964844e+02, 2.891499938964844e+02, 2.891499938964844e+02, 2.891499938964844e+02, 2.891499938964844e+02, 2.891499938964844e+02, 2.891499938964844e+02, 2.891499938964844e+02, 2.891499938964844e+02, 2.891499938964844e+02, 2.891499938964844e+02, 2.891499938964844e+02, 2.891499938964844e+02, 2.891499938964844e+02, 2.891499938964844e+02, 2.891499938964844e+02, 2.891499938964844e+02, 2.891499938964844e+02, 2.891499938964844e+02, 2.891499938964844e+02, 2.931499938964844e+02, 2.931499938964844e+02, 2.931499938964844e+02, 2.931499938964844e+02, 2.931499938964844e+02, 2.931499938964844e+02, 2.931499938964844e+02, 2.931499938964844e+02, 2.931499938964844e+02, 2.931499938964844e+02, 2.931499938964844e+02, 2.931499938964844e+02, 2.931499938964844e+02, 2.931499938964844e+02, 2.931499938964844e+02, 2.931499938964844e+02, 2.931499938964844e+02, 2.931499938964844e+02, 2.931499938964844e+02, 2.931499938964844e+02, 2.931499938964844e+02, 2.931499938964844e+02, 2.931499938964844e+02, 2.931499938964844e+02, 2.931499938964844e+02, 2.891499938964844e+02, 2.891499938964844e+02, 2.891499938964844e+02, 2.891499938964844e+02, 2.891499938964844e+02, 2.891499938964844e+02, 2.891499938964844e+02, 2.891499938964844e+02, 2.891499938964844e+02, 2.891499938964844e+02, 2.891499938964844e+02]
TOut.y=[2.841499938964844e+02, 2.841894226074219e+02, 2.843070983886719e+02, 2.845011291503906e+02, 2.847684631347656e+02, 2.851049194335938e+02, 2.855051574707031e+02, 2.85962890625e+02, 2.864708557128906e+02, 2.870211181640625e+02, 2.876049194335938e+02, 2.882131042480469e+02, 2.888360595703125e+02, 2.894639587402344e+02, 2.900869140625e+02, 2.906950988769531e+02, 2.912789001464844e+02, 2.918291320800781e+02, 2.923371276855469e+02, 2.927948303222656e+02, 2.931950988769531e+02, 2.935315246582031e+02, 2.937988891601562e+02, 2.93992919921875e+02, 2.941105651855469e+02, 2.941499938964844e+02, 2.941105651855469e+02, 2.93992919921875e+02, 2.937988891601562e+02, 2.935315246582031e+02, 2.931950988769531e+02, 2.927948303222656e+02, 2.923371276855469e+02, 2.918291320800781e+02, 2.912789001464844e+02, 2.906950988769531e+02, 2.900869140625e+02, 2.894639587402344e+02, 2.888360595703125e+02, 2.882131042480469e+02, 2.876049194335938e+02, 2.870211181640625e+02, 2.864708557128906e+02, 2.85962890625e+02, 2.855051574707031e+02, 2.851049194335938e+02, 2.847684631347656e+02, 2.845011291503906e+02, 2.843070983886719e+02, 2.841894226074219e+02, 2.841499938964844e+02, 2.841894226074219e+02, 2.843070983886719e+02, 2.845011291503906e+02, 2.847684631347656e+02, 2.851049194335938e+02, 2.855051574707031e+02, 2.85962890625e+02, 2.864708557128906e+02, 2.870211181640625e+02, 2.876049194335938e+02, 2.882131042480469e+02, 2.888360595703125e+02, 2.894639587402344e+02, 2.900869140625e+02, 2.906950988769531e+02, 2.912789001464844e+02, 2.918291320800781e+02, 2.923371276855469e+02, 2.927948303222656e+02, 2.931950988769531e+02, 2.935315246582031e+02, 2.937988891601562e+02, 2.93992919921875e+02, 2.941105651855469e+02, 2.941499938964844e+02, 2.941105651855469e+02, 2.93992919921875e+02, 2.937988891601562e+02, 2.935315246582031e+02, 2.931950988769531e+02, 2.927948303222656e+02, 2.923371276855469e+02, 2.918291320800781e+02, 2.912789001464844e+02, 2.906950988769531e+02, 2.900869140625e+02, 2.894639587402344e+02, 2.888360595703125e+02, 2.882131042480469e+02, 2.876049194335938e+02, 2.870211181640625e+02, 2.864708557128906e+02, 2.85962890625e+02, 2.855051574707031e+02, 2.851049194335938e+02, 2.847684631347656e+02, 2.845011291503906e+02, 2.843070983886719e+02, 2.841894226074219e+02, 2.841499938964844e+02]
TVol.T=[2.891499938964844e+02, 2.891552429199219e+02, 2.891502380371094e+02, 2.891507873535156e+02, 2.891510314941406e+02, 2.891512756347656e+02, 2.891514892578125e+02, 2.891516723632812e+02, 2.891518249511719e+02, 2.891519775390625e+02, 2.891520690917969e+02, 2.891521301269531e+02, 2.891521911621094e+02, 2.891802368164062e+02, 2.893769836425781e+02, 2.925571594238281e+02, 2.931549377441406e+02, 2.9315087890625e+02, 2.931517028808594e+02, 2.931515197753906e+02, 2.931523132324219e+02, 2.932249450683594e+02, 2.933701477050781e+02, 2.935420227050781e+02, 2.937080383300781e+02, 2.938453369140625e+02, 2.9393798828125e+02, 2.939751281738281e+02, 2.939498291015625e+02, 2.938580322265625e+02, 2.936983642578125e+02, 2.934712524414062e+02, 2.931789245605469e+02, 2.931484375e+02, 2.931479797363281e+02, 2.931479187011719e+02, 2.931478576660156e+02, 2.931478271484375e+02, 2.931478271484375e+02, 2.931478576660156e+02, 2.923747253417969e+02, 2.907518615722656e+02, 2.894662170410156e+02, 2.891388549804688e+02, 2.891487121582031e+02, 2.891487121582031e+02, 2.8914892578125e+02, 2.89149169921875e+02, 2.891494445800781e+02, 2.891497192382812e+02, 2.891499938964844e+02, 2.891502685546875e+02, 2.891505126953125e+02, 2.891508178710938e+02, 2.891510314941406e+02, 2.891512756347656e+02, 2.891514892578125e+02, 2.891516723632812e+02, 2.891518249511719e+02, 2.891519775390625e+02, 2.891520690917969e+02, 2.891521301269531e+02, 2.891521606445312e+02, 2.891802368164062e+02, 2.893769836425781e+02, 2.925571594238281e+02, 2.931549377441406e+02, 2.931509094238281e+02, 2.931517028808594e+02, 2.931515197753906e+02, 2.931523132324219e+02, 2.932249450683594e+02, 2.933702392578125e+02, 2.935420532226562e+02, 2.937080383300781e+02, 2.938453369140625e+02, 2.939379577636719e+02, 2.939750671386719e+02, 2.939497680664062e+02, 2.938580322265625e+02, 2.936983642578125e+02, 2.934712524414062e+02, 2.931789245605469e+02, 2.931484680175781e+02, 2.931479797363281e+02, 2.931479187011719e+02, 2.931478576660156e+02, 2.931478271484375e+02, 2.931478271484375e+02, 2.931478576660156e+02, 2.923747253417969e+02, 2.907518615722656e+02, 2.894662170410156e+02, 2.891388244628906e+02, 2.891487121582031e+02, 2.891487121582031e+02, 2.8914892578125e+02, 2.89149169921875e+02, 2.891494445800781e+02, 2.891496887207031e+02, 2.891499633789062e+02]
THeaOut.T=[2.891499938964844e+02, 2.905536193847656e+02, 2.904776306152344e+02, 2.904240417480469e+02, 2.903511962890625e+02, 2.902593994140625e+02, 2.901500854492188e+02, 2.900249938964844e+02, 2.898860778808594e+02, 2.897355651855469e+02, 2.895758056640625e+02, 2.89409423828125e+02, 2.892388000488281e+02, 2.891783447265625e+02, 2.893721313476562e+02, 2.979071655273438e+02, 2.938721008300781e+02, 2.93512939453125e+02, 2.933744506835938e+02, 2.932490539550781e+02, 2.931520690917969e+02, 2.932228393554688e+02, 2.933672180175781e+02, 2.935389099121094e+02, 2.937052612304688e+02, 2.938432312011719e+02, 2.93936767578125e+02, 2.939750061035156e+02, 2.939508361816406e+02, 2.938602905273438e+02, 2.937018127441406e+02, 2.934758911132812e+02, 2.931847229003906e+02, 2.935199890136719e+02, 2.936595764160156e+02, 2.938192749023438e+02, 2.939858093261719e+02, 2.941563720703125e+02, 2.943282775878906e+02, 2.944989318847656e+02, 2.924078063964844e+02, 2.907777099609375e+02, 2.894869384765625e+02, 2.90010986328125e+02, 2.901439208984375e+02, 2.902559509277344e+02, 2.903484497070312e+02, 2.904219360351562e+02, 2.90475341796875e+02, 2.905078735351562e+02, 2.905191345214844e+02, 2.905087280273438e+02, 2.90476806640625e+02, 2.904241027832031e+02, 2.903512268066406e+02, 2.902593688964844e+02, 2.901499938964844e+02, 2.9002490234375e+02, 2.898860168457031e+02, 2.897355346679688e+02, 2.895758361816406e+02, 2.894093933105469e+02, 2.892388610839844e+02, 2.891783142089844e+02, 2.893721313476562e+02, 2.979071655273438e+02, 2.938720703125e+02, 2.935128784179688e+02, 2.933744506835938e+02, 2.932491149902344e+02, 2.931520690917969e+02, 2.932228698730469e+02, 2.933672790527344e+02, 2.935389404296875e+02, 2.937052307128906e+02, 2.938432006835938e+02, 2.939367370605469e+02, 2.939749450683594e+02, 2.939507751464844e+02, 2.938602600097656e+02, 2.937018127441406e+02, 2.934758911132812e+02, 2.931846923828125e+02, 2.935198364257812e+02, 2.9365966796875e+02, 2.938193054199219e+02, 2.939857788085938e+02, 2.941563720703125e+02, 2.943282775878906e+02, 2.944989013671875e+02, 2.924078063964844e+02, 2.907777099609375e+02, 2.894869384765625e+02, 2.900109252929688e+02, 2.901439208984375e+02, 2.902560119628906e+02, 2.90348388671875e+02, 2.904219360351562e+02, 2.904754028320312e+02, 2.905081176757812e+02, 2.905192260742188e+02]
hea.Q_flow=[0e+00, 2.735514221191406e+02, 2.617113037109375e+02, 2.508968353271484e+02, 2.364153747558594e+02, 2.181974945068359e+02, 1.965351867675781e+02, 1.717711944580078e+02, 1.442975769042969e+02, 1.145491638183594e+02, 8.299291229248047e+01, 5.01439094543457e+01, 1.647892761230469e+01, 0e+00, 0e+00, 1.08e+03, 1.365067443847656e+02, 7.117695617675776e+01, 4.346200180053711e+01, 1.882284736633301e+01, 0e+00, 0e+00, 0e+00, 0e+00, 0e+00, 0e+00, 0e+00, 0e+00, 0e+00, 0e+00, 0e+00, 0e+00, 0e+00, 7.352720642089844e+01, 1.014597320556642e+02, 1.329881439208983e+02, 1.658611602783203e+02, 1.995177154541016e+02, 2.334253082275391e+02, 2.6706494140625e+02, 0e+00, 0e+00, 0e+00, 1.753144989013672e+02, 1.966810150146484e+02, 2.187374114990234e+02, 2.368712158203125e+02, 2.512486877441406e+02, 2.616570129394531e+02, 2.679388732910156e+02, 2.700376586914062e+02, 2.678530578613281e+02, 2.614279479980469e+02, 2.509023742675781e+02, 2.364144287109375e+02, 2.181836547851561e+02, 1.965169830322264e+02, 1.717560882568362e+02, 1.442897033691406e+02, 1.14548583984375e+02, 8.300001525878906e+01, 5.014079666137695e+01, 1.649228668212891e+01, 0e+00, 0e+00, 1.08e+03, 1.365009460449219e+02, 7.116481781005859e+01, 4.346212768554666e+01, 1.883237075805684e+01, 5.506706202140776e-14, 0e+00, 0e+00, 0e+00, 0e+00, 0e+00, 0e+00, 0e+00, 0e+00, 0e+00, 0e+00, 0e+00, 0e+00, 7.34918212890625e+01, 1.01482063293457e+02, 1.329971008300781e+02, 1.658586273193359e+02, 1.995174560546875e+02, 2.334264373779297e+02, 2.670635070800781e+02, 0e+00, 0e+00, 0e+00, 1.753029479980469e+02, 1.966814727783203e+02, 2.187459106445312e+02, 2.368574066162109e+02, 2.512467651367188e+02, 2.616656799316406e+02, 2.6799169921875e+02, 2.700545654296875e+02]
