last-generated=2024-09-13
statistics-initialization=
{
  "nonlinear": "0, 5, 1, 1, 0, 1, 1",
  "numerical Jacobians": "0"
}
statistics-simulation=
{
  "linear": " ",
  "nonlinear": "0, 5, 1, 1, 0, 1, 1",
  "number of continuous time states": "3",
  "numerical Jacobians": "0"
}
time=[0e+00, 1e+03]
pmpNorth.m_flow=[0e+00, 5.476596832275391e+00, 5.134872913360596e+00, 5.241343975067139e+00, 5.336724281311035e+00, 5.42204475402832e+00, 5.49827766418457e+00, 5.566323757171631e+00, 5.627006530761719e+00, 5.681071281433105e+00, 5.729185581207275e+00, 5.771944522857666e+00, 5.809875011444092e+00, 5.843441009521484e+00, 5.873049736022949e+00, 5.899054527282715e+00, 5.921764373779297e+00, 5.941442966461182e+00, 5.95831823348999e+00, 5.972582340240479e+00, 5.984394550323486e+00, 5.993887424468994e+00, 6.001165390014648e+00, 6.006308555603027e+00, 6.009371757507324e+00, 6.01038932800293e+00, 6.009371757507324e+00, 6.842513561248779e+00, 6.83491849899292e+00, 6.824180126190186e+00, 6.810193061828613e+00, 6.792816638946533e+00, 6.771877288818359e+00, 6.747164249420166e+00, 6.718426704406738e+00, 6.685370445251465e+00, 6.647656440734863e+00, 6.60489559173584e+00, 6.556644916534424e+00, 6.502403736114502e+00, 6.441612243652344e+00, 6.373644828796387e+00, 6.297811508178711e+00, 6.213356971740723e+00, 6.119462966918945e+00, 6.01525354385376e+00, 5.899808406829834e+00, 5.772178649902344e+00, 5.63141393661499e+00, 5.476596832275391e+00, 5.306889057159424e+00, -5.168293923932992e-15, 3.541660330228069e-31, 6.265506200899797e-31, 8.231352171859035e-31, 9.509395709451579e-31, 1.017823694874177e-30, 1.032274187988157e-30, 1.003181831279883e-30, 9.396200305444796e-31, 8.50618839345417e-31, 7.449265687601586e-31, 6.307532945128136e-31, 5.15494239643501e-31, 4.054525459206521e-31, 3.055958759807289e-31, 2.187152530806628e-31, 1.251101089522261e-31, 6.618558053357121e-32, 3.166745046916779e-32, 1.324171023251084e-32, 4.571991237975221e-33, 1.174610342336271e-33, 1.795160445249954e-34, 8.647141352599549e-36, 3.662308670536324e-38, 1.087407608316058e-42, -3.900628672012234e-27, -3.828575241672434e-26, -1.788483011085086e-25, -5.75698165463424e-25, -1.475808574273682e-24, -3.241121212154422e-24, -6.36063714918631e-24, -1.14548961656987e-23, -1.927172991958638e-23, -3.067314920452015e-23, -4.661444722178273e-23, -6.81177352690509e-23, -9.624253873901422e-23, -1.320557825396533e-22, -1.765744977044152e-22, -2.289875143416793e-22, -2.912794550276878e-22, -3.641410463710523e-22, -4.481355476798751e-22, -5.43677079374961e-22, -6.510123466603651e-22, -7.702077905569689e-22, -9.011432012845911e-22, -1.043512273620065e-21]
pmpSouth.m_flow=[0e+00, 5.018579483032227e+00, 4.728241920471191e+00, 4.816676616668701e+00, 4.896131038665771e+00, 4.967477321624756e+00, 5.03151273727417e+00, 5.0889573097229e+00, 5.140457153320312e+00, 5.186590671539307e+00, 5.227871894836426e+00, 5.26475715637207e+00, 5.297648906707764e+00, 5.326901435852051e+00, 5.352827072143555e+00, 5.375698089599609e+00, 5.395751476287842e+00, 5.413193225860596e+00, 5.42819881439209e+00, 5.440918922424316e+00, 5.451479434967041e+00, 5.459983825683594e+00, 5.466514587402344e+00, 5.471135139465332e+00, 5.47389030456543e+00, 5.474805355072021e+00, 5.47389030456543e+00, 6.153408050537109e+00, 6.146831035614014e+00, 6.137541770935059e+00, 6.125458240509033e+00, 6.110471248626709e+00, 6.092447757720947e+00, 6.071224689483643e+00, 6.046609878540039e+00, 6.018378257751465e+00, 5.986271858215332e+00, 5.949994087219238e+00, 5.90920877456665e+00, 5.863537311553955e+00, 5.812554359436035e+00, 5.75578498840332e+00, 5.692702770233154e+00, 5.622726440429688e+00, 5.545217514038086e+00, 5.459481716156006e+00, 5.36476993560791e+00, 5.260281085968018e+00, 5.145174026489258e+00, 5.018579483032227e+00, 4.879621982574463e+00, 1.576922423749457e-14, -3.788388601104082e-31, -6.551696757528395e-31, -8.398330674195601e-31, -9.449830119311231e-31, -9.835958384460297e-31, -9.68923411998614e-31, -9.13930306803869e-31, -8.307662443927976e-31, -7.303234024398934e-31, -6.219175266556488e-31, -5.131180483429748e-31, -4.097218943830646e-31, -3.1584870227781e-31, -2.341155691399947e-31, -1.653410387058702e-31, -9.362714938268402e-32, -4.917132542423969e-32, -2.341143642582851e-32, -9.759541113018073e-33, -3.363916591851956e-33, -8.635244867632873e-34, -1.319315625467914e-34, -6.354565766229967e-36, -2.691322339934836e-38, -7.567011707354012e-43, 3.009063893239879e-27, 2.954162987577786e-26, 1.380856764422979e-25, 4.450538262660276e-25, 1.143501608202622e-24, 2.520531485114858e-24, 4.973479678757621e-24, 9.025010517835299e-24, 1.53369863876526e-23, 2.472235172243648e-23, 3.815325452557062e-23, 5.676257478759929e-23, 8.18352564826008e-23, 1.147861405767507e-22, 1.571005385586099e-22, 2.088805479619757e-22, 2.724173995088444e-22, 3.489958510021207e-22, 4.397390889095454e-22, 5.455536343180752e-22, 6.670862774393443e-22, 8.04695678617077e-22, 9.584388882719387e-22, 1.128072609078985e-21]
