last-generated=2024-06-03
statistics-simulation=
{
  "linear": " ",
  "nonlinear": " ",
  "numerical Jacobians": "0"
}
time=[0e+00, 2.592e+05]
tapProfile1.THot.T=[3.181499938964844e+02, 3.200238037109375e+02, 3.218312377929688e+02, 3.235082702636719e+02, 3.249954833984375e+02, 3.262401733398438e+02, 3.271982727050781e+02, 3.278358459472656e+02, 3.281302795410156e+02, 3.280711364746094e+02, 3.276605529785156e+02, 3.269130554199219e+02, 3.258551330566406e+02, 3.245242309570312e+02, 3.22967529296875e+02, 3.212401733398438e+02, 3.194033203125e+02, 3.175220947265625e+02, 3.156630859375e+02, 3.138922119140625e+02, 3.122721557617188e+02, 3.108603210449219e+02, 3.097067260742188e+02, 3.088522338867188e+02, 3.083271179199219e+02, 3.081499938964844e+02, 3.083271179199219e+02, 3.088522338867188e+02, 3.097067260742188e+02, 3.108603210449219e+02, 3.122721557617188e+02, 3.138922119140625e+02, 3.156630859375e+02, 3.175220947265625e+02, 3.194033203125e+02, 3.212401733398438e+02, 3.22967529296875e+02, 3.245242309570312e+02, 3.258551330566406e+02, 3.269130554199219e+02, 3.276605529785156e+02, 3.280711364746094e+02, 3.281302795410156e+02, 3.278358459472656e+02, 3.271982727050781e+02, 3.262401733398438e+02, 3.249954833984375e+02, 3.235082702636719e+02, 3.218312377929688e+02, 3.200238037109375e+02, 3.181499938964844e+02, 3.162761840820312e+02, 3.1446875e+02, 3.127917175292969e+02, 3.113045349121094e+02, 3.100598449707031e+02, 3.091017150878906e+02, 3.084641723632812e+02, 3.081697387695312e+02, 3.082288513183594e+02, 3.086394348144531e+02, 3.093869323730469e+02, 3.104448547363281e+02, 3.117757568359375e+02, 3.133324584960938e+02, 3.150598449707031e+02, 3.168966674804688e+02, 3.187778930664062e+02, 3.206369018554688e+02, 3.224078063964844e+02, 3.240278625488281e+02, 3.25439697265625e+02, 3.265932922363281e+02, 3.2744775390625e+02, 3.279728698730469e+02, 3.281499938964844e+02, 3.279728698730469e+02, 3.2744775390625e+02, 3.265932922363281e+02, 3.25439697265625e+02, 3.240278625488281e+02, 3.224078063964844e+02, 3.206369018554688e+02, 3.187778930664062e+02, 3.168966674804688e+02, 3.150598449707031e+02, 3.133324584960938e+02, 3.117757568359375e+02, 3.104448547363281e+02, 3.093869323730469e+02, 3.086394348144531e+02, 3.082288513183594e+02, 3.081697387695312e+02, 3.084641723632812e+02, 3.091017150878906e+02, 3.100598449707031e+02, 3.113045349121094e+02, 3.127917175292969e+02, 3.1446875e+02, 3.162761840820312e+02, 3.181499938964844e+02]
tapProfile2.THot.T=[3.181499938964844e+02, 3.200238037109375e+02, 3.218312377929688e+02, 3.235082702636719e+02, 3.249954833984375e+02, 3.262401733398438e+02, 3.271982727050781e+02, 3.278358459472656e+02, 3.281302795410156e+02, 3.280711364746094e+02, 3.276605529785156e+02, 3.269130554199219e+02, 3.258551330566406e+02, 3.245242309570312e+02, 3.22967529296875e+02, 3.212401733398438e+02, 3.194033203125e+02, 3.175220947265625e+02, 3.156630859375e+02, 3.138922119140625e+02, 3.122721557617188e+02, 3.108603210449219e+02, 3.097067260742188e+02, 3.088522338867188e+02, 3.083271179199219e+02, 3.081499938964844e+02, 3.083271179199219e+02, 3.088522338867188e+02, 3.097067260742188e+02, 3.108603210449219e+02, 3.122721557617188e+02, 3.138922119140625e+02, 3.156630859375e+02, 3.175220947265625e+02, 3.194033203125e+02, 3.212401733398438e+02, 3.22967529296875e+02, 3.245242309570312e+02, 3.258551330566406e+02, 3.269130554199219e+02, 3.276605529785156e+02, 3.280711364746094e+02, 3.281302795410156e+02, 3.278358459472656e+02, 3.271982727050781e+02, 3.262401733398438e+02, 3.249954833984375e+02, 3.235082702636719e+02, 3.218312377929688e+02, 3.200238037109375e+02, 3.181499938964844e+02, 3.162761840820312e+02, 3.1446875e+02, 3.127917175292969e+02, 3.113045349121094e+02, 3.100598449707031e+02, 3.091017150878906e+02, 3.084641723632812e+02, 3.081697387695312e+02, 3.082288513183594e+02, 3.086394348144531e+02, 3.093869323730469e+02, 3.104448547363281e+02, 3.117757568359375e+02, 3.133324584960938e+02, 3.150598449707031e+02, 3.168966674804688e+02, 3.187778930664062e+02, 3.206369018554688e+02, 3.224078063964844e+02, 3.240278625488281e+02, 3.25439697265625e+02, 3.265932922363281e+02, 3.2744775390625e+02, 3.279728698730469e+02, 3.281499938964844e+02, 3.279728698730469e+02, 3.2744775390625e+02, 3.265932922363281e+02, 3.25439697265625e+02, 3.240278625488281e+02, 3.224078063964844e+02, 3.206369018554688e+02, 3.187778930664062e+02, 3.168966674804688e+02, 3.150598449707031e+02, 3.133324584960938e+02, 3.117757568359375e+02, 3.104448547363281e+02, 3.093869323730469e+02, 3.086394348144531e+02, 3.082288513183594e+02, 3.081697387695312e+02, 3.084641723632812e+02, 3.091017150878906e+02, 3.100598449707031e+02, 3.113045349121094e+02, 3.127917175292969e+02, 3.1446875e+02, 3.162761840820312e+02, 3.181499938964844e+02]
tapProfile1.mFloHot.y=[0e+00, 0e+00, 0e+00, 0e+00, 0e+00, 0e+00, 0e+00, 0e+00, 0e+00, 0e+00, 2.830788493156433e-03, 1.178314792923629e-03, 3.595196176320314e-03, 8.135443204082549e-04, 0e+00, 1.35074220597744e-02, 1.702025183476508e-04, 8.664821274578571e-03, 1.796666719019413e-02, 1.560000004246831e-03, 1.566666644066572e-03, 3.466666676104069e-03, 0e+00, 8.866666466929018e-04, 2.054000087082386e-02, 0e+00, 2.046666573733091e-03, 5.204887711443007e-04, 1.526666688732803e-03, 0e+00, 4.829522804357111e-04, 5.619999952614307e-03, 0e+00, 0e+00, 0e+00, 0e+00, 0e+00, 0e+00, 0e+00, 0e+00, 0e+00, 1.487638801336288e-04, 9.078054572455585e-04, 0e+00, 3.81399760954082e-03, 7.079276256263256e-04, 0e+00, 0e+00, 0e+00, 0e+00, 0e+00, 0e+00, 0e+00, 0e+00, 0e+00, 0e+00, 0e+00, 0e+00, 5.467852679430507e-05, 1.073333318345249e-03, 0e+00, 0e+00, 0e+00, 0e+00, 0e+00, 4.478086484596133e-04, 1.763967302395031e-04, 1.257441285997629e-02, 2.239270368590951e-03, 0e+00, 0e+00, 0e+00, 0e+00, 0e+00, 0e+00, 1.037037000060081e-02, 1.59814243670553e-03, 0e+00, 0e+00, 5.171076627448201e-04, 1.341394614428282e-03, 3.328426275402308e-03, 0e+00, 0e+00, 0e+00, 0e+00, 0e+00, 0e+00, 0e+00, 0e+00, 0e+00, 0e+00, 0e+00, 0e+00, 0e+00, 0e+00, 0e+00, 0e+00, 0e+00, 0e+00, 0e+00]
tapProfile2.mFloHot.y=[0e+00, 0e+00, 0e+00, 0e+00, 0e+00, 0e+00, 0e+00, 1.697033061645925e-03, 8.714932482689619e-04, 8.310859557241201e-04, 0e+00, 9.330546599812806e-04, 1.027198974043131e-02, 3.840554039925337e-03, 1.102278102189302e-02, 0e+00, 2.975454786792397e-03, 4.709019049187191e-05, 7.420000154525042e-03, 5.73333352804184e-03, 3.403333202004433e-02, 0e+00, 8.53333342820406e-03, 5.204887711443007e-04, 2.886666683480144e-03, 8.833332918584347e-03, 2.046666573733091e-03, 4.606666509062052e-03, 7.800000021234155e-04, 4.593333229422569e-03, 1.196666620671749e-02, 7.273333147168159e-03, 3.113333368673921e-03, 0e+00, 0e+00, 0e+00, 0e+00, 0e+00, 0e+00, 0e+00, 1.441605272702873e-03, 1.625811797566712e-03, 7.566942076664418e-05, 3.446282586082816e-03, 0e+00, 5.956501699984074e-03, 0e+00, 0e+00, 4.168256185948849e-03, 1.362530892947689e-04, 1.166666625067592e-03, 0e+00, 1.333333365619183e-02, 0e+00, 1.646666671149433e-03, 3.366666613146663e-03, 1.446666661649942e-03, 9.800000116229057e-04, 2.672000043094158e-02, 1.343333348631859e-02, 1.733333338052034e-03, 2.506666583940387e-03, 5.866666790097952e-03, 1.317999977618456e-02, 3.902061725966632e-04, 2.633333439007401e-03, 1.956666633486748e-02, 4.625290239346214e-05, 0e+00, 0e+00, 0e+00, 0e+00, 0e+00, 0e+00, 0e+00, 0e+00, 0e+00, 7.01220182236284e-04, 3.437432460486889e-03, 3.80155723541975e-03, 0e+00, 0e+00, 1.428513322025537e-03, 1.372218830510974e-03, 2.18392931856215e-03, 1.223333366215229e-02, 5.333333276212215e-03, 9.193333797156811e-03, 1.213333336636424e-03, 2.133333357051015e-03, 9.333333582617342e-04, 2.886666683480144e-03, 1.495685864938423e-04, 9.800000116229057e-04, 1.200000010430813e-02, 7.333333138376474e-03, 8.00000037997961e-03, 7.882982026785612e-04, 2.924305445048958e-04, 1.17333335801959e-02, 0e+00]
tapProfile1.yCom=[1e+00, 1e+00, 1e+00, 1e+00, 1e+00, 1e+00, 1e+00, 1e+00, 1e+00, 1e+00, 1e+00, 1e+00, 1e+00, 1e+00, 1e+00, 1e+00, 1e+00, 0e+00, 0e+00, 0e+00, 0e+00, 0e+00, 0e+00, 0e+00, 0e+00, 0e+00, 0e+00, 0e+00, 0e+00, 0e+00, 0e+00, 0e+00, 0e+00, 0e+00, 1e+00, 1e+00, 1e+00, 1e+00, 1e+00, 1e+00, 1e+00, 1e+00, 1e+00, 1e+00, 1e+00, 1e+00, 1e+00, 1e+00, 1e+00, 1e+00, 1e+00, 0e+00, 0e+00, 0e+00, 0e+00, 0e+00, 0e+00, 0e+00, 0e+00, 0e+00, 0e+00, 0e+00, 0e+00, 0e+00, 0e+00, 0e+00, 0e+00, 1e+00, 1e+00, 1e+00, 1e+00, 1e+00, 1e+00, 1e+00, 1e+00, 1e+00, 1e+00, 1e+00, 1e+00, 1e+00, 1e+00, 1e+00, 1e+00, 1e+00, 0e+00, 0e+00, 0e+00, 0e+00, 0e+00, 0e+00, 0e+00, 0e+00, 0e+00, 0e+00, 0e+00, 0e+00, 0e+00, 0e+00, 0e+00, 0e+00, 0e+00]
tapProfile2.yCom=[1e+00, 1e+00, 1e+00, 1e+00, 1e+00, 1e+00, 1e+00, 1e+00, 1e+00, 1e+00, 1e+00, 1e+00, 1e+00, 1e+00, 1e+00, 1e+00, 1e+00, 0e+00, 0e+00, 0e+00, 0e+00, 0e+00, 0e+00, 0e+00, 0e+00, 0e+00, 0e+00, 0e+00, 0e+00, 0e+00, 0e+00, 0e+00, 0e+00, 0e+00, 1e+00, 1e+00, 1e+00, 1e+00, 1e+00, 1e+00, 1e+00, 1e+00, 1e+00, 1e+00, 1e+00, 1e+00, 1e+00, 1e+00, 1e+00, 1e+00, 1e+00, 0e+00, 0e+00, 0e+00, 0e+00, 0e+00, 0e+00, 0e+00, 0e+00, 0e+00, 0e+00, 0e+00, 0e+00, 0e+00, 0e+00, 0e+00, 0e+00, 1e+00, 1e+00, 1e+00, 1e+00, 1e+00, 1e+00, 1e+00, 1e+00, 1e+00, 1e+00, 1e+00, 1e+00, 1e+00, 1e+00, 1e+00, 1e+00, 1e+00, 0e+00, 0e+00, 0e+00, 0e+00, 0e+00, 0e+00, 0e+00, 0e+00, 0e+00, 0e+00, 0e+00, 0e+00, 0e+00, 0e+00, 0e+00, 0e+00, 0e+00]
