last-generated=2022-04-05
statistics-simulation=
{
  "linear": " ",
  "nonlinear": "1",
  "numerical Jacobians": "0"
}
time=[2e+06, 3e+06]
buildingShade.HShaDirTil=[-0e+00, -0e+00, -0e+00, 0e+00, 5.267226028442383e+01, 0e+00, 0e+00, 0e+00, -0e+00, -0e+00, -0e+00, -0e+00, 0e+00, 0e+00, 0e+00, 0e+00, 0e+00, -0e+00, -0e+00, -0e+00, 0e+00, 8.459778594970703e+01, 0e+00, 0e+00, 0e+00, -0e+00, -0e+00, -0e+00, -0e+00, 0e+00, 2.061789989471436e+00, 0e+00, 0e+00, 0e+00, -0e+00, -0e+00, -0e+00, 0e+00, 3.078532218933105e+01, 0e+00, 0e+00, 0e+00, 0e+00, -0e+00, -0e+00, -0e+00, 0e+00, 0e+00, 0e+00, 0e+00, 0e+00, -0e+00, -0e+00, -0e+00, -0e+00, 0e+00, 0e+00, 0e+00, 0e+00, 0e+00, -0e+00, -0e+00, -0e+00, 0e+00, 6.207783699035645e+00, 0e+00, 0e+00, 0e+00, 0e+00, -0e+00, -0e+00, -0e+00, -0e+00, 0e+00, 0e+00, 0e+00, 0e+00, -0e+00, -0e+00, -0e+00, -0e+00, -0e+00, 0e+00, 0e+00, 0e+00, 0e+00, -0e+00, -0e+00, -0e+00, -0e+00, 0e+00, 0e+00, 0e+00, 0e+00, 0e+00, -0e+00, -0e+00, -0e+00, -0e+00, 0e+00, 0e+00]
none.HShaDirTil=[-0e+00, -0e+00, -0e+00, 0e+00, 5.267226028442383e+01, 0e+00, 0e+00, 0e+00, -0e+00, -0e+00, -0e+00, -0e+00, 0e+00, 1.547271728515625e+02, 2.205929458141327e-01, 0e+00, 0e+00, -0e+00, -0e+00, -0e+00, 0e+00, 8.459778594970703e+01, 8.867704772949219e+01, 0e+00, 0e+00, -0e+00, -0e+00, -0e+00, -0e+00, 0e+00, 1.007540607452393e+01, 0e+00, 0e+00, 0e+00, -0e+00, -0e+00, -0e+00, 0e+00, 3.078532218933105e+01, 2.14529296875e+02, 0e+00, 0e+00, 0e+00, -0e+00, -0e+00, -0e+00, 0e+00, 0e+00, 0e+00, 0e+00, 0e+00, -0e+00, -0e+00, -0e+00, -0e+00, 0e+00, 9.081313133239746e+00, 0e+00, 0e+00, 0e+00, -0e+00, -0e+00, -0e+00, 0e+00, 6.207783699035645e+00, 0e+00, 0e+00, 0e+00, 0e+00, -0e+00, -0e+00, -0e+00, -0e+00, 0e+00, 0e+00, 0e+00, 0e+00, -0e+00, -0e+00, -0e+00, -0e+00, -0e+00, 1.665886342525482e-01, 0e+00, 0e+00, 0e+00, -0e+00, -0e+00, -0e+00, -0e+00, 0e+00, 0e+00, 0e+00, 0e+00, 0e+00, -0e+00, -0e+00, -0e+00, -0e+00, 0e+00, 1.945233792066574e-01]
overhang.HShaDirTil=[-0e+00, -0e+00, -0e+00, 0e+00, 4.346485900878906e+01, 0e+00, 0e+00, 0e+00, -0e+00, -0e+00, -0e+00, -0e+00, 0e+00, 1.545225524902344e+02, 0e+00, 0e+00, 0e+00, -0e+00, -0e+00, -0e+00, 0e+00, 6.414698791503906e+01, 8.867704772949219e+01, 0e+00, 0e+00, -0e+00, -0e+00, -0e+00, -0e+00, 0e+00, 8.503639221191406e+00, 0e+00, 0e+00, 0e+00, -0e+00, -0e+00, -0e+00, 0e+00, 2.245121765136719e+01, 2.14529296875e+02, 0e+00, 0e+00, 0e+00, -0e+00, -0e+00, -0e+00, 0e+00, 0e+00, 0e+00, 0e+00, 0e+00, -0e+00, -0e+00, -0e+00, -0e+00, 0e+00, 7.879358291625977e+00, 0e+00, 0e+00, 0e+00, -0e+00, -0e+00, -0e+00, 0e+00, 4.404876708984375e+00, 0e+00, 0e+00, 0e+00, 0e+00, -0e+00, -0e+00, -0e+00, -0e+00, 0e+00, 0e+00, 0e+00, 0e+00, -0e+00, -0e+00, -0e+00, -0e+00, -0e+00, 1.488682180643082e-01, 0e+00, 0e+00, 0e+00, -0e+00, -0e+00, -0e+00, -0e+00, 0e+00, 0e+00, 0e+00, 0e+00, 0e+00, -0e+00, -0e+00, -0e+00, -0e+00, 0e+00, 1.945233792066574e-01]
screen.HShaDirTil=[-0e+00, -0e+00, -0e+00, 0e+00, 6.161483764648438e+00, 0e+00, 0e+00, 0e+00, -0e+00, -0e+00, -0e+00, -0e+00, 0e+00, 6.392954254150391e+01, 4.443198442459106e-02, 0e+00, 0e+00, -0e+00, -0e+00, -0e+00, 0e+00, 7.132615661621094e+01, 8.600310516357422e+01, 0e+00, 0e+00, -0e+00, -0e+00, -0e+00, -0e+00, 0e+00, 1.357919424772263e-01, 0e+00, 0e+00, 0e+00, -0e+00, -0e+00, -0e+00, 0e+00, 2.595574760437012e+01, 1.380285034179688e+02, 0e+00, 0e+00, 0e+00, -0e+00, -0e+00, -0e+00, 0e+00, 0e+00, 0e+00, 0e+00, 0e+00, -0e+00, -0e+00, -0e+00, -0e+00, 0e+00, 1.223939880728722e-01, 0e+00, 0e+00, 0e+00, -0e+00, -0e+00, -0e+00, 0e+00, 6.020596027374268e+00, 0e+00, 0e+00, 0e+00, 0e+00, -0e+00, -0e+00, -0e+00, -0e+00, 0e+00, 0e+00, 0e+00, 0e+00, -0e+00, -0e+00, -0e+00, -0e+00, -0e+00, 1.94871686398983e-02, 0e+00, 0e+00, 0e+00, -0e+00, -0e+00, -0e+00, -0e+00, 0e+00, 0e+00, 0e+00, 0e+00, 0e+00, -0e+00, -0e+00, -0e+00, -0e+00, 0e+00, 8.037237077951431e-02]
sideFins.HShaDirTil=[-0e+00, -0e+00, -0e+00, 0e+00, 3.117046546936035e+01, 0e+00, 0e+00, 0e+00, -0e+00, -0e+00, -0e+00, -0e+00, 0e+00, 1.310542144775391e+02, 0e+00, 0e+00, 0e+00, -0e+00, -0e+00, -0e+00, 0e+00, 4.657274627685547e+01, 8.4756103515625e+01, 0e+00, 0e+00, -0e+00, -0e+00, -0e+00, -0e+00, 0e+00, 7.009435176849365e+00, 0e+00, 0e+00, 0e+00, -0e+00, -0e+00, -0e+00, 0e+00, 3.078532218933105e+01, 1.883725128173828e+02, 0e+00, 0e+00, 0e+00, -0e+00, -0e+00, -0e+00, 0e+00, 0e+00, 0e+00, 0e+00, 0e+00, -0e+00, -0e+00, -0e+00, -0e+00, 0e+00, 6.855408191680908e+00, 0e+00, 0e+00, 0e+00, -0e+00, -0e+00, -0e+00, 0e+00, 6.124347686767578e+00, 0e+00, 0e+00, 0e+00, 0e+00, -0e+00, -0e+00, -0e+00, -0e+00, 0e+00, 0e+00, 0e+00, 0e+00, -0e+00, -0e+00, -0e+00, -0e+00, -0e+00, 1.333692073822021e-01, 0e+00, 0e+00, 0e+00, -0e+00, -0e+00, -0e+00, -0e+00, 0e+00, 0e+00, 0e+00, 0e+00, 0e+00, -0e+00, -0e+00, -0e+00, -0e+00, 0e+00, 1.945233792066574e-01]
horizontalFins.HShaDirTil=[-0e+00, -0e+00, -0e+00, 0e+00, 2.024740409851074e+01, 0e+00, 0e+00, 0e+00, -0e+00, -0e+00, -0e+00, -0e+00, 0e+00, 7.546237182617188e+01, 1.270281374454498e-01, 0e+00, 0e+00, -0e+00, -0e+00, -0e+00, 0e+00, 1.454831504821777e+01, 4.857266616821289e+01, 0e+00, 0e+00, -0e+00, -0e+00, -0e+00, -0e+00, 0e+00, 4.098490238189697e+00, 0e+00, 0e+00, 0e+00, -0e+00, -0e+00, -0e+00, 0e+00, 0e+00, 1.06883056640625e+02, 0e+00, 0e+00, 0e+00, -0e+00, -0e+00, -0e+00, 0e+00, 0e+00, 0e+00, 0e+00, 0e+00, -0e+00, -0e+00, -0e+00, -0e+00, 0e+00, 3.86435866355896e+00, 0e+00, 0e+00, 0e+00, -0e+00, -0e+00, -0e+00, 0e+00, 0e+00, 0e+00, 0e+00, 0e+00, 0e+00, -0e+00, -0e+00, -0e+00, -0e+00, 0e+00, 0e+00, 0e+00, 0e+00, -0e+00, -0e+00, -0e+00, -0e+00, -0e+00, 7.356636971235275e-02, 0e+00, 0e+00, 0e+00, -0e+00, -0e+00, -0e+00, -0e+00, 0e+00, 0e+00, 0e+00, 0e+00, 0e+00, -0e+00, -0e+00, -0e+00, -0e+00, 0e+00, 1.105029508471489e-01]
buildingShade.HShaSkyDifTil=[0e+00, 0e+00, 1.216263920068741e-01, 3.095022201538086e+01, 6.581110382080078e+01, 2.721094703674316e+01, 0e+00, 0e+00, 0e+00, 0e+00, 0e+00, 2.85480260848999e+00, 3.698226928710938e+01, 9.092243194580078e+01, 3.794778287410736e-01, 0e+00, 0e+00, 0e+00, 0e+00, 0e+00, 2.44981517791748e+01, 5.5292724609375e+01, 1.837056579589844e+02, 0e+00, 0e+00, 0e+00, 0e+00, 0e+00, 9.316460490226746e-01, 3.347587966918945e+01, 4.929999923706055e+01, 1.63677864074707e+01, 0e+00, 0e+00, 0e+00, 0e+00, 0e+00, 1.171146965026855e+01, 2.95322437286377e+01, 9.472020721435547e+01, 3.239051699638367e-01, 0e+00, 0e+00, 0e+00, 0e+00, 0e+00, 1.934010124206543e+01, 2.220298194885254e+01, 2.141488075256348e+01, 0e+00, 0e+00, 0e+00, 0e+00, 0e+00, 1.844497323036194e+00, 2.940945434570312e+01, 5.402922439575195e+01, 2.166852569580078e+01, 0e+00, 0e+00, 0e+00, 0e+00, 0e+00, 1.405788898468018e+01, 4.514678192138672e+01, 1.807328605651855e+01, 1.235156580805779e-01, 0e+00, 0e+00, 0e+00, 0e+00, 4.169327765703201e-02, 1.396196937561035e+01, 2.284771919250488e+01, 6.201795959472656e+01, 0e+00, 0e+00, 0e+00, 0e+00, 0e+00, 2.288133382797241e+00, 2.043195152282715e+01, 2.412946319580078e+01, 1.80010199546814e+00, 0e+00, 0e+00, 0e+00, 0e+00, 0e+00, 1.400174713134766e+01, 2.355942153930664e+01, 1.971779823303223e+01, 7.234508544206619e-02, 0e+00, 0e+00, 0e+00, 0e+00, 1.209673881530762e-01, 1.636187362670898e+01, 3.463594818115234e+01, 1.450440368652344e+02]
none.HShaSkyDifTil=[0e+00, 0e+00, 1.845923066139221e-01, 4.697313690185547e+01, 9.988147735595703e+01, 4.129803848266602e+01, 0e+00, 0e+00, 0e+00, 0e+00, 0e+00, 4.332732200622559e+00, 5.612796783447266e+01, 1.37992919921875e+02, 5.759332776069641e-01, 0e+00, 0e+00, 0e+00, 0e+00, 0e+00, 3.718083190917969e+01, 8.391773986816406e+01, 2.788099975585938e+02, 0e+00, 0e+00, 0e+00, 0e+00, 0e+00, 1.413958668708801e+00, 5.080632400512695e+01, 7.482258605957031e+01, 2.484138107299805e+01, 0e+00, 0e+00, 0e+00, 0e+00, 0e+00, 1.777449226379395e+01, 4.482107162475586e+01, 1.437568054199219e+02, 4.915907084941864e-01, 0e+00, 0e+00, 0e+00, 0e+00, 0e+00, 2.935246086120605e+01, 3.369745254516602e+01, 3.25013542175293e+01, 0e+00, 0e+00, 0e+00, 0e+00, 0e+00, 2.799392461776733e+00, 4.463471221923828e+01, 8.20001220703125e+01, 3.288631057739258e+01, 0e+00, 0e+00, 0e+00, 0e+00, 0e+00, 2.133564949035645e+01, 6.851924896240234e+01, 2.74298152923584e+01, 1.874596476554871e-01, 0e+00, 0e+00, 0e+00, 0e+00, 6.327786296606064e-02, 2.11900749206543e+01, 3.467597198486328e+01, 9.412462615966797e+01, 0e+00, 0e+00, 0e+00, 0e+00, 0e+00, 3.472698926925659e+00, 3.100956153869629e+01, 3.662127304077148e+01, 2.732013702392578e+00, 0e+00, 0e+00, 0e+00, 0e+00, 0e+00, 2.125044441223145e+01, 3.575612258911133e+01, 2.992569160461426e+01, 1.097980961203575e-01, 0e+00, 0e+00, 0e+00, 0e+00, 1.835921406745911e-01, 2.48324089050293e+01, 5.256695938110352e+01, 2.201332550048828e+02]
overhang.HShaSkyDifTil=[0e+00, 0e+00, 7.929226011037827e-02, 2.017747116088867e+01, 4.29044303894043e+01, 1.773971366882324e+01, 0e+00, 0e+00, 0e+00, 0e+00, 0e+00, 1.861140012741089e+00, 2.410996055603027e+01, 5.927533340454102e+01, 2.473941147327423e-01, 0e+00, 0e+00, 0e+00, 0e+00, 0e+00, 1.597115421295166e+01, 3.604715347290039e+01, 1.19763786315918e+02, 0e+00, 0e+00, 0e+00, 0e+00, 0e+00, 6.073707938194275e-01, 2.182402992248535e+01, 3.214029693603516e+01, 1.067070007324219e+01, 0e+00, 0e+00, 0e+00, 0e+00, 0e+00, 7.635093688964844e+00, 1.925304412841797e+01, 6.175122833251953e+01, 2.111644744873047e-01, 0e+00, 0e+00, 0e+00, 0e+00, 0e+00, 1.260844993591309e+01, 1.447485733032227e+01, 1.396106815338135e+01, 0e+00, 0e+00, 0e+00, 0e+00, 0e+00, 1.202488660812378e+00, 1.917299270629883e+01, 3.522343444824219e+01, 1.412642669677734e+01, 0e+00, 0e+00, 0e+00, 0e+00, 0e+00, 9.164801597595215e+00, 2.943267631530762e+01, 1.178257083892822e+01, 8.052393049001694e-02, 0e+00, 0e+00, 0e+00, 0e+00, 2.718122489750385e-02, 9.102269172668457e+00, 1.489518260955811e+01, 4.043155670166016e+01, 0e+00, 0e+00, 0e+00, 0e+00, 0e+00, 1.49170970916748e+00, 1.332026290893555e+01, 1.573079395294189e+01, 1.173545837402344e+00, 0e+00, 0e+00, 0e+00, 0e+00, 0e+00, 9.128201484680176e+00, 1.535916519165039e+01, 1.285468292236328e+01, 4.716414958238602e-02, 0e+00, 0e+00, 0e+00, 0e+00, 7.886263728141785e-02, 1.066684627532959e+01, 2.25803165435791e+01, 9.455899810791016e+01]
screen.HShaSkyDifTil=[0e+00, 0e+00, 4.619292542338371e-02, 1.175469589233398e+01, 4.4013916015625e+01, 1.938900375366211e+01, 0e+00, 0e+00, 0e+00, 0e+00, 0e+00, 3.816148519515991e+00, 4.091645812988281e+01, 9.824140167236328e+01, 2.686663269996643e-01, 0e+00, 0e+00, 0e+00, 0e+00, 0e+00, 2.710427856445312e+01, 7.709757232666016e+01, 2.730622863769531e+02, 0e+00, 0e+00, 0e+00, 0e+00, 0e+00, 4.650554358959198e-01, 1.271392440795898e+01, 2.110933113098145e+01, 8.170407295227051e+00, 0e+00, 0e+00, 0e+00, 0e+00, 0e+00, 1.736715698242188e+01, 4.063623428344727e+01, 1.231567764282227e+02, 2.723479866981506e-01, 0e+00, 0e+00, 0e+00, 0e+00, 0e+00, 1.626166534423828e+01, 2.45649471282959e+01, 2.862627601623535e+01, 0e+00, 0e+00, 0e+00, 0e+00, 0e+00, 1.31428599357605e+00, 1.468049621582031e+01, 2.267009353637695e+01, 8.229567527770996e+00, 0e+00, 0e+00, 0e+00, 0e+00, 0e+00, 2.128083038330078e+01, 6.699392700195312e+01, 2.415940856933594e+01, 1.366553157567978e-01, 0e+00, 0e+00, 0e+00, 0e+00, 1.774435304105282e-02, 8.329388618469238e+00, 1.921096229553223e+01, 6.861546325683594e+01, 0e+00, 0e+00, 0e+00, 0e+00, 0e+00, 2.22980260848999e+00, 1.4558669090271e+01, 1.208015537261963e+01, 6.836671829223633e-01, 0e+00, 0e+00, 0e+00, 0e+00, 0e+00, 1.99219799041748e+01, 3.566424942016602e+01, 2.923989105224609e+01, 9.67070683836937e-02, 0e+00, 0e+00, 0e+00, 0e+00, 4.406211525201797e-02, 6.963493824005127e+00, 2.066300582885742e+01, 1.219842376708984e+02]
sideFins.HShaSkyDifTil=[0e+00, 0e+00, 1.414438337087631e-01, 3.599316024780273e+01, 7.653417205810547e+01, 3.164461708068848e+01, 0e+00, 0e+00, 0e+00, 0e+00, 0e+00, 3.319955587387085e+00, 4.300804901123047e+01, 1.05737060546875e+02, 4.413087964057922e-01, 0e+00, 0e+00, 0e+00, 0e+00, 0e+00, 2.848980903625488e+01, 6.430195617675781e+01, 2.136381225585938e+02, 0e+00, 0e+00, 0e+00, 0e+00, 0e+00, 1.08344566822052e+00, 3.893033981323242e+01, 5.733279418945312e+01, 1.903470420837402e+01, 0e+00, 0e+00, 0e+00, 0e+00, 0e+00, 1.361970233917236e+01, 3.434413909912109e+01, 1.101536331176758e+02, 3.766813278198242e-01, 0e+00, 0e+00, 0e+00, 0e+00, 0e+00, 2.249131965637207e+01, 2.582067108154297e+01, 2.49041576385498e+01, 0e+00, 0e+00, 0e+00, 0e+00, 0e+00, 2.145034313201904e+00, 3.420134353637695e+01, 6.283258438110352e+01, 2.519913101196289e+01, 0e+00, 0e+00, 0e+00, 0e+00, 0e+00, 1.634844017028809e+01, 5.250286483764648e+01, 2.101809310913086e+01, 1.4364093542099e-01, 0e+00, 0e+00, 0e+00, 0e+00, 4.848665744066238e-02, 1.623689270019531e+01, 2.657045936584473e+01, 7.212298583984375e+01, 0e+00, 0e+00, 0e+00, 0e+00, 0e+00, 2.660955190658569e+00, 2.376107215881348e+01, 2.80610466003418e+01, 2.093405246734619e+00, 0e+00, 0e+00, 0e+00, 0e+00, 0e+00, 1.628314971923828e+01, 2.739812469482422e+01, 2.293055725097656e+01, 8.413277566432953e-02, 0e+00, 0e+00, 0e+00, 0e+00, 1.406774520874023e-01, 1.902783012390137e+01, 4.027942657470703e+01, 1.686770782470703e+02]
horizontalFins.HShaSkyDifTil=[0e+00, 0e+00, 7.146937400102615e-02, 1.81867847442627e+01, 3.867152786254883e+01, 1.598953437805176e+01, 0e+00, 0e+00, 0e+00, 0e+00, 0e+00, 1.67752206325531e+00, 2.173130035400391e+01, 5.342729568481445e+01, 2.229864895343781e-01, 0e+00, 0e+00, 0e+00, 0e+00, 0e+00, 1.439545822143555e+01, 3.249077987670898e+01, 1.079480285644531e+02, 0e+00, 0e+00, 0e+00, 0e+00, 0e+00, 5.474482774734497e-01, 1.967089653015137e+01, 2.89693717956543e+01, 9.617940902709961e+00, 0e+00, 0e+00, 0e+00, 0e+00, 0e+00, 6.881824016571045e+00, 1.735356140136719e+01, 5.565892028808594e+01, 1.903312355279922e-01, 0e+00, 0e+00, 0e+00, 0e+00, 0e+00, 1.136451435089111e+01, 1.304678440093994e+01, 1.258368492126465e+01, 0e+00, 0e+00, 0e+00, 0e+00, 0e+00, 1.083852529525757e+00, 1.728140830993652e+01, 3.174833106994629e+01, 1.27327299118042e+01, 0e+00, 0e+00, 0e+00, 0e+00, 0e+00, 8.260612487792969e+00, 2.652888298034668e+01, 1.062011623382568e+01, 7.257953286170959e-02, 0e+00, 0e+00, 0e+00, 0e+00, 2.449955604970455e-02, 8.204249382019043e+00, 1.342564105987549e+01, 3.644262313842773e+01, 0e+00, 0e+00, 0e+00, 0e+00, 0e+00, 1.344539284706116e+00, 1.200610065460205e+01, 1.417881107330322e+01, 1.057765126228333e+00, 0e+00, 0e+00, 0e+00, 0e+00, 0e+00, 8.227622985839844e+00, 1.384384727478027e+01, 1.158645439147949e+01, 4.2510986328125e-02, 0e+00, 0e+00, 0e+00, 0e+00, 7.108213752508163e-02, 9.614466667175293e+00, 2.035256767272949e+01, 8.522991180419922e+01]
buildingShade.HShaGroDifTil=[0e+00, 0e+00, 4.819994792342186e-02, 1.450692844390869e+01, 1.799015998840332e+01, 1.90152382850647e+00, 0e+00, 0e+00, 0e+00, 0e+00, 0e+00, 5.54991602897644e-01, 2.225677299499512e+01, 1.876587104797363e+01, 1.640712171792984e-01, 0e+00, 0e+00, 0e+00, 0e+00, 0e+00, 1.068028736114502e+01, 2.606056976318359e+01, 1.07743444442749e+01, 4.75952954730019e-04, 0e+00, 0e+00, 0e+00, 0e+00, 3.472222089767456e-01, 1.450251388549805e+01, 1.38508415222168e+01, 1.522202968597412e+00, 0e+00, 0e+00, 0e+00, 0e+00, 0e+00, 3.716105699539185e+00, 2.925306510925293e+01, 1.998336219787598e+01, 1.511243432760239e-01, 0e+00, 0e+00, 0e+00, 0e+00, 8.898585801944137e-04, 7.092382431030273e+00, 7.827141761779785e+00, 3.051540374755859e+00, 0e+00, 0e+00, 0e+00, 0e+00, 0e+00, 6.683849096298218e-01, 1.112957572937012e+01, 1.4189133644104e+01, 1.652971029281616e+00, 0e+00, 0e+00, 0e+00, 0e+00, 0e+00, 6.906160831451416e+00, 1.813406944274902e+01, 5.127991676330566e+00, 4.668209701776505e-02, 0e+00, 0e+00, 0e+00, 0e+00, 1.554900873452425e-02, 5.034156322479248e+00, 7.99301815032959e+00, 4.15906810760498e+00, 0e+00, 0e+00, 0e+00, 0e+00, 0e+00, 8.426905870437622e-01, 7.308425903320312e+00, 7.647311210632324e+00, 6.569209694862366e-01, 0e+00, 0e+00, 0e+00, 0e+00, 0e+00, 5.046240329742432e+00, 8.417976379394531e+00, 5.117699146270752e+00, 2.740318700671196e-02, 0e+00, 0e+00, 0e+00, 0e+00, 4.500000178813934e-02, 5.881751537322998e+00, 1.119598960876465e+01, 5.170329093933105e+00]
none.HShaGroDifTil=[0e+00, 0e+00, 4.819994792342186e-02, 1.450692844390869e+01, 1.799015998840332e+01, 1.90152382850647e+00, 0e+00, 0e+00, 0e+00, 0e+00, 0e+00, 5.54991602897644e-01, 2.225677299499512e+01, 1.876587104797363e+01, 1.640712171792984e-01, 0e+00, 0e+00, 0e+00, 0e+00, 0e+00, 1.068028736114502e+01, 2.606056976318359e+01, 1.07743444442749e+01, 4.75952954730019e-04, 0e+00, 0e+00, 0e+00, 0e+00, 3.472222089767456e-01, 1.450251388549805e+01, 1.38508415222168e+01, 1.522202968597412e+00, 0e+00, 0e+00, 0e+00, 0e+00, 0e+00, 3.716105699539185e+00, 2.925306510925293e+01, 1.998336219787598e+01, 1.511243432760239e-01, 0e+00, 0e+00, 0e+00, 0e+00, 8.898585801944137e-04, 7.092382431030273e+00, 7.827141761779785e+00, 3.051540374755859e+00, 0e+00, 0e+00, 0e+00, 0e+00, 0e+00, 6.683849096298218e-01, 1.112957572937012e+01, 1.4189133644104e+01, 1.652971029281616e+00, 0e+00, 0e+00, 0e+00, 0e+00, 0e+00, 6.906160831451416e+00, 1.813406944274902e+01, 5.127991676330566e+00, 4.668209701776505e-02, 0e+00, 0e+00, 0e+00, 0e+00, 1.554900873452425e-02, 5.034156322479248e+00, 7.99301815032959e+00, 4.15906810760498e+00, 0e+00, 0e+00, 0e+00, 0e+00, 0e+00, 8.426905870437622e-01, 7.308425903320312e+00, 7.647311210632324e+00, 6.569209694862366e-01, 0e+00, 0e+00, 0e+00, 0e+00, 0e+00, 5.046240329742432e+00, 8.417976379394531e+00, 5.117699146270752e+00, 2.740318700671196e-02, 0e+00, 0e+00, 0e+00, 0e+00, 4.500000178813934e-02, 5.881751537322998e+00, 1.119598960876465e+01, 5.170329093933105e+00]
overhang.HShaGroDifTil=[0e+00, 0e+00, 4.819994792342186e-02, 1.450692844390869e+01, 1.799015998840332e+01, 1.90152382850647e+00, 0e+00, 0e+00, 0e+00, 0e+00, 0e+00, 5.54991602897644e-01, 2.225677299499512e+01, 1.876587104797363e+01, 1.640712171792984e-01, 0e+00, 0e+00, 0e+00, 0e+00, 0e+00, 1.068028736114502e+01, 2.606056976318359e+01, 1.07743444442749e+01, 4.75952954730019e-04, 0e+00, 0e+00, 0e+00, 0e+00, 3.472222089767456e-01, 1.450251388549805e+01, 1.38508415222168e+01, 1.522202968597412e+00, 0e+00, 0e+00, 0e+00, 0e+00, 0e+00, 3.716105699539185e+00, 2.925306510925293e+01, 1.998336219787598e+01, 1.511243432760239e-01, 0e+00, 0e+00, 0e+00, 0e+00, 8.898585801944137e-04, 7.092382431030273e+00, 7.827141761779785e+00, 3.051540374755859e+00, 0e+00, 0e+00, 0e+00, 0e+00, 0e+00, 6.683849096298218e-01, 1.112957572937012e+01, 1.4189133644104e+01, 1.652971029281616e+00, 0e+00, 0e+00, 0e+00, 0e+00, 0e+00, 6.906160831451416e+00, 1.813406944274902e+01, 5.127991676330566e+00, 4.668209701776505e-02, 0e+00, 0e+00, 0e+00, 0e+00, 1.554900873452425e-02, 5.034156322479248e+00, 7.99301815032959e+00, 4.15906810760498e+00, 0e+00, 0e+00, 0e+00, 0e+00, 0e+00, 8.426905870437622e-01, 7.308425903320312e+00, 7.647311210632324e+00, 6.569209694862366e-01, 0e+00, 0e+00, 0e+00, 0e+00, 0e+00, 5.046240329742432e+00, 8.417976379394531e+00, 5.117699146270752e+00, 2.740318700671196e-02, 0e+00, 0e+00, 0e+00, 0e+00, 4.500000178813934e-02, 5.881751537322998e+00, 1.119598960876465e+01, 5.170329093933105e+00]
screen.HShaGroDifTil=[0e+00, 0e+00, 1.206169743090868e-02, 3.630256652832031e+00, 5.917019844055176e+00, 8.927457928657532e-01, 0e+00, 0e+00, 0e+00, 0e+00, 0e+00, 4.888209700584412e-01, 1.62248592376709e+01, 1.039654922485352e+01, 6.449306756258011e-02, 0e+00, 0e+00, 0e+00, 0e+00, 0e+00, 7.78577184677124e+00, 2.295341491699219e+01, 1.052743053436279e+01, 4.74730011774227e-04, 0e+00, 0e+00, 0e+00, 0e+00, 1.14202469587326e-01, 3.629151821136475e+00, 3.466075420379639e+00, 5.006572604179382e-01, 0e+00, 0e+00, 0e+00, 0e+00, 0e+00, 3.630944490432739e+00, 2.576527404785156e+01, 1.456757545471191e+01, 8.372495323419571e-02, 0e+00, 0e+00, 0e+00, 0e+00, 3.497853758744895e-04, 3.929276943206787e+00, 5.705870628356934e+00, 2.687710762023926e+00, 0e+00, 0e+00, 0e+00, 0e+00, 0e+00, 3.137998282909393e-01, 3.660552024841309e+00, 3.55073070526123e+00, 4.136443436145782e-01, 0e+00, 0e+00, 0e+00, 0e+00, 0e+00, 6.888416290283203e+00, 1.77184944152832e+01, 4.516590595245361e+00, 3.403056040406227e-02, 0e+00, 0e+00, 0e+00, 0e+00, 4.360246937721968e-03, 1.978824853897095e+00, 4.42824125289917e+00, 3.031899213790894e+00, 0e+00, 0e+00, 0e+00, 0e+00, 0e+00, 5.410874485969543e-01, 3.431230545043945e+00, 2.515224456787109e+00, 1.643898487091064e-01, 0e+00, 0e+00, 0e+00, 0e+00, 0e+00, 4.730776309967041e+00, 8.396347045898438e+00, 5.000417709350586e+00, 2.413595467805862e-02, 0e+00, 0e+00, 0e+00, 0e+00, 1.080000028014183e-02, 1.649358510971069e+00, 4.400916576385498e+00, 2.86443305015564e+00]
sideFins.HShaGroDifTil=[0e+00, 0e+00, 3.693320602178574e-02, 1.111593246459961e+01, 1.37849588394165e+01, 1.457042336463928e+00, 0e+00, 0e+00, 0e+00, 0e+00, 0e+00, 4.252622723579407e-01, 1.705424880981445e+01, 1.437934589385986e+01, 1.257195472717285e-01, 0e+00, 0e+00, 0e+00, 0e+00, 0e+00, 8.183769226074219e+00, 1.996890830993652e+01, 8.255840301513672e+00, 3.646988770924509e-04, 0e+00, 0e+00, 0e+00, 0e+00, 2.660589814186096e-01, 1.111254978179932e+01, 1.0613205909729e+01, 1.166387796401978e+00, 0e+00, 0e+00, 0e+00, 0e+00, 0e+00, 2.847465515136719e+00, 2.241515731811523e+01, 1.531224822998047e+01, 1.157990023493767e-01, 0e+00, 0e+00, 0e+00, 0e+00, 6.818540277890861e-04, 5.434536933898926e+00, 5.997546195983887e+00, 2.338242530822754e+00, 0e+00, 0e+00, 0e+00, 0e+00, 0e+00, 5.121498703956604e-01, 8.528036117553711e+00, 1.087242221832275e+01, 1.266588926315308e+00, 0e+00, 0e+00, 0e+00, 0e+00, 0e+00, 5.291844844818115e+00, 1.389522933959961e+01, 3.929322719573975e+00, 3.577015176415443e-02, 0e+00, 0e+00, 0e+00, 0e+00, 1.191442552953959e-02, 3.857421636581421e+00, 6.124649047851562e+00, 3.186885595321655e+00, 0e+00, 0e+00, 0e+00, 0e+00, 0e+00, 6.457115411758423e-01, 5.600080490112305e+00, 5.859751224517822e+00, 5.033656358718872e-01, 0e+00, 0e+00, 0e+00, 0e+00, 0e+00, 3.866680860519409e+00, 6.450273036956787e+00, 3.921436071395874e+00, 2.099768817424774e-02, 0e+00, 0e+00, 0e+00, 0e+00, 3.448124602437019e-02, 4.50689172744751e+00, 8.578926086425781e+00, 3.961764097213745e+00]
horizontalFins.HShaGroDifTil=[0e+00, 0e+00, 4.819994792342186e-02, 1.450692844390869e+01, 1.799015998840332e+01, 1.90152382850647e+00, 0e+00, 0e+00, 0e+00, 0e+00, 0e+00, 5.54991602897644e-01, 2.225677299499512e+01, 1.876587104797363e+01, 1.640712171792984e-01, 0e+00, 0e+00, 0e+00, 0e+00, 0e+00, 1.068028736114502e+01, 2.606056976318359e+01, 1.07743444442749e+01, 4.75952954730019e-04, 0e+00, 0e+00, 0e+00, 0e+00, 3.472222089767456e-01, 1.450251388549805e+01, 1.38508415222168e+01, 1.522202968597412e+00, 0e+00, 0e+00, 0e+00, 0e+00, 0e+00, 3.716105699539185e+00, 2.925306510925293e+01, 1.998336219787598e+01, 1.511243432760239e-01, 0e+00, 0e+00, 0e+00, 0e+00, 8.898585801944137e-04, 7.092382431030273e+00, 7.827141761779785e+00, 3.051540374755859e+00, 0e+00, 0e+00, 0e+00, 0e+00, 0e+00, 6.683849096298218e-01, 1.112957572937012e+01, 1.4189133644104e+01, 1.652971029281616e+00, 0e+00, 0e+00, 0e+00, 0e+00, 0e+00, 6.906160831451416e+00, 1.813406944274902e+01, 5.127991676330566e+00, 4.668209701776505e-02, 0e+00, 0e+00, 0e+00, 0e+00, 1.554900873452425e-02, 5.034156322479248e+00, 7.99301815032959e+00, 4.15906810760498e+00, 0e+00, 0e+00, 0e+00, 0e+00, 0e+00, 8.426905870437622e-01, 7.308425903320312e+00, 7.647311210632324e+00, 6.569209694862366e-01, 0e+00, 0e+00, 0e+00, 0e+00, 0e+00, 5.046240329742432e+00, 8.417976379394531e+00, 5.117699146270752e+00, 2.740318700671196e-02, 0e+00, 0e+00, 0e+00, 0e+00, 4.500000178813934e-02, 5.881751537322998e+00, 1.119598960876465e+01, 5.170329093933105e+00]
