last-generated=2026-04-01
statistics-initialization=
{
  "nonlinear": "7, 7, 5, 5, 1, 1, 0, 0",
  "numerical Jacobians": "0"
}
statistics-simulation=
{
  "linear": "0, 0, 0, 0, 0, 0, 0, 0, 0, 0, 0, 0, 0, 0, 0, 4, 0, 0, 0, 0, 0, 0, 0, 0, 0, 0, 0,   0, 0, 0, 0, 0, 0, 0, 0, 4, 0, 0, 0, 0, 0, 0, 0, 0, 0, 0, 0",
  "nonlinear": "0, 0, 0, 0, 2, 1",
  "number of continuous time states": "115",
  "numerical Jacobians": "0"
}
time=[1e+07, 1.1e+07]
recZon.TSensor=[2.931499938964844e+02, 2.935778503417969e+02, 2.9379052734375e+02, 2.938763122558594e+02, 2.939138793945312e+02, 2.939598693847656e+02, 2.94240234375e+02, 2.944969482421875e+02, 2.945794372558594e+02, 2.94593994140625e+02, 2.945621948242188e+02, 2.945412902832031e+02, 2.945125427246094e+02, 2.944773559570312e+02, 2.945101013183594e+02, 2.94630859375e+02, 2.9468505859375e+02, 2.946991882324219e+02, 2.946463317871094e+02, 2.946063842773438e+02, 2.945656433105469e+02, 2.945127563476562e+02, 2.945258178710938e+02, 2.946812133789062e+02, 2.948090209960938e+02, 2.948093872070312e+02, 2.947605895996094e+02, 2.946861877441406e+02, 2.946385498046875e+02, 2.946054077148438e+02, 2.945873413085938e+02, 2.946123657226562e+02, 2.946652526855469e+02, 2.947196044921875e+02, 2.947554321289062e+02, 2.94702880859375e+02, 2.946270446777344e+02, 2.945741271972656e+02, 2.9452392578125e+02, 2.945137634277344e+02, 2.946124267578125e+02, 2.947452697753906e+02, 2.947601623535156e+02, 2.946983032226562e+02, 2.946188659667969e+02, 2.945821838378906e+02, 2.945344543457031e+02, 2.944825134277344e+02, 2.945074462890625e+02, 2.946080932617188e+02, 2.947251281738281e+02, 2.947457885742188e+02, 2.947267456054688e+02, 2.946509704589844e+02, 2.945959777832031e+02, 2.945361022949219e+02, 2.944930419921875e+02, 2.946037292480469e+02, 2.947868957519531e+02, 2.948744812011719e+02, 2.948993225097656e+02, 2.948034973144531e+02, 2.947189636230469e+02, 2.946807556152344e+02, 2.946261291503906e+02, 2.946405944824219e+02, 2.947049255371094e+02, 2.948040466308594e+02, 2.948341369628906e+02, 2.94811279296875e+02, 2.947052917480469e+02, 2.946261291503906e+02, 2.945682373046875e+02, 2.945191040039062e+02, 2.945852661132812e+02, 2.947353820800781e+02, 2.948475036621094e+02, 2.948603515625e+02, 2.948353881835938e+02, 2.947094116210938e+02, 2.946450805664062e+02, 2.945985412597656e+02, 2.945906066894531e+02, 2.946764221191406e+02, 2.948319702148438e+02, 2.9492578125e+02, 2.949637145996094e+02, 2.9492041015625e+02, 2.947969665527344e+02, 2.947194519042969e+02, 2.946614685058594e+02, 2.947052612304688e+02, 2.948372802734375e+02, 2.950686950683594e+02, 2.952965698242188e+02, 2.954215087890625e+02, 2.95341064453125e+02, 2.949083862304688e+02, 2.948316955566406e+02, 2.947745361328125e+02, 2.948526000976562e+02]
recZon1.TSensor=[2.931499938964844e+02, 2.936056518554688e+02, 2.938375244140625e+02, 2.939200439453125e+02, 2.939510803222656e+02, 2.939957275390625e+02, 2.9448095703125e+02, 2.948792114257812e+02, 2.947837829589844e+02, 2.946795654296875e+02, 2.94626708984375e+02, 2.945895385742188e+02, 2.945494995117188e+02, 2.945057373046875e+02, 2.945488586425781e+02, 2.94753173828125e+02, 2.948758239746094e+02, 2.948199768066406e+02, 2.947060241699219e+02, 2.946490478515625e+02, 2.945960998535156e+02, 2.945352478027344e+02, 2.945318298339844e+02, 2.9477783203125e+02, 2.953990783691406e+02, 2.952329711914062e+02, 2.948847351074219e+02, 2.947649841308594e+02, 2.946925964355469e+02, 2.9464453125e+02, 2.946158447265625e+02, 2.946365966796875e+02, 2.947040710449219e+02, 2.947831726074219e+02, 2.948484802246094e+02, 2.947294921875e+02, 2.94646728515625e+02, 2.945868530273438e+02, 2.945324401855469e+02, 2.945040588378906e+02, 2.946539916992188e+02, 2.949771423339844e+02, 2.952292785644531e+02, 2.948205871582031e+02, 2.946956176757812e+02, 2.946353759765625e+02, 2.945733337402344e+02, 2.94512451171875e+02, 2.945159301757812e+02, 2.947331237792969e+02, 2.952630004882812e+02, 2.957006530761719e+02, 2.951742858886719e+02, 2.947860107421875e+02, 2.946901245117188e+02, 2.946036376953125e+02, 2.945289916992188e+02, 2.946532897949219e+02, 2.951762084960938e+02, 2.960083923339844e+02, 2.961039733886719e+02, 2.955049438476562e+02, 2.949236450195312e+02, 2.947971801757812e+02, 2.947092895507812e+02, 2.946736755371094e+02, 2.948296203613281e+02, 2.95477294921875e+02, 2.961768493652344e+02, 2.958551330566406e+02, 2.951364440917969e+02, 2.947601928710938e+02, 2.946656799316406e+02, 2.945916748046875e+02, 2.946309509277344e+02, 2.949723205566406e+02, 2.958807067871094e+02, 2.959787902832031e+02, 2.956323547363281e+02, 2.949611206054688e+02, 2.947637939453125e+02, 2.946824340820312e+02, 2.946268310546875e+02, 2.947439880371094e+02, 2.953735961914062e+02, 2.964616088867188e+02, 2.966494140625e+02, 2.961283569335938e+02, 2.95576171875e+02, 2.950400390625e+02, 2.948015441894531e+02, 2.947743225097656e+02, 2.950813293457031e+02, 2.964906921386719e+02, 2.973797302246094e+02, 2.97237548828125e+02, 2.967810668945312e+02, 2.962025146484375e+02, 2.957613525390625e+02, 2.953708190917969e+02, 2.952601318359375e+02]
heaPum.con.T=[2.931499938964844e+02, 3.058480529785156e+02, 3.098248901367188e+02, 3.116701049804688e+02, 3.125587158203125e+02, 3.130625305175781e+02, 3.152727355957031e+02, 3.226273803710938e+02, 3.305642700195312e+02, 3.354082336425781e+02, 3.371463928222656e+02, 3.371348266601562e+02, 3.358473510742188e+02, 3.336106872558594e+02, 3.322067565917969e+02, 3.357629699707031e+02, 3.357711486816406e+02, 3.394629516601562e+02, 3.363861999511719e+02, 3.399380493164062e+02, 3.39837158203125e+02, 3.37558349609375e+02, 3.349969177246094e+02, 3.377103881835938e+02, 3.360188598632812e+02, 3.367146301269531e+02, 3.367630310058594e+02, 3.357378234863281e+02, 3.390395812988281e+02, 3.38781005859375e+02, 3.394989318847656e+02, 3.400657348632812e+02, 3.365129089355469e+02, 3.387738647460938e+02, 3.396210327148438e+02, 3.363564147949219e+02, 3.389452819824219e+02, 3.388236999511719e+02, 3.369814453125e+02, 3.343319702148438e+02, 3.350329895019531e+02, 3.367348937988281e+02, 3.368338012695312e+02, 3.364192199707031e+02, 3.387391967773438e+02, 3.400321960449219e+02, 3.38877685546875e+02, 3.359202270507812e+02, 3.332966003417969e+02, 3.354255981445312e+02, 3.362888488769531e+02, 3.361891784667969e+02, 3.360535888671875e+02, 3.390852355957031e+02, 3.394803771972656e+02, 3.393796997070312e+02, 3.366104736328125e+02, 3.362021484375e+02, 3.365000610351562e+02, 3.394385070800781e+02, 3.367597045898438e+02, 3.35481689453125e+02, 3.352950134277344e+02, 3.401238708496094e+02, 3.356204833984375e+02, 3.359548034667969e+02, 3.39034423828125e+02, 3.355360412597656e+02, 3.3638720703125e+02, 3.367951049804688e+02, 3.396966247558594e+02, 3.3646923828125e+02, 3.39706787109375e+02, 3.388149108886719e+02, 3.379859008789062e+02, 3.357506713867188e+02, 3.364971923828125e+02, 3.353316040039062e+02, 3.364689331054688e+02, 3.366240234375e+02, 3.38887451171875e+02, 3.391164245605469e+02, 3.397273864746094e+02, 3.398396911621094e+02, 3.368832702636719e+02, 3.364731140136719e+02, 3.362319946289062e+02, 3.359500122070312e+02, 3.369163818359375e+02, 3.368062438964844e+02, 3.355771484375e+02, 3.396125183105469e+02, 3.370466918945312e+02, 3.368171081542969e+02, 3.368503723144531e+02, 3.368830871582031e+02, 3.369158020019531e+02, 3.368289184570312e+02, 3.355811157226562e+02, 3.360702209472656e+02, 3.368606567382812e+02]
senTemSup.T=[2.931499938964844e+02, 3.048571472167969e+02, 3.093840942382812e+02, 3.11455322265625e+02, 3.124498291015625e+02, 3.129769897460938e+02, 3.14656005859375e+02, 3.213778991699219e+02, 3.295329284667969e+02, 3.348507690429688e+02, 3.369953308105469e+02, 3.37203125e+02, 3.360830993652344e+02, 3.339662780761719e+02, 3.322351684570312e+02, 3.349533386230469e+02, 3.365731811523438e+02, 3.381661071777344e+02, 3.384143981933594e+02, 3.397182006835938e+02, 3.399739074707031e+02, 3.379778442382812e+02, 3.35232421875e+02, 3.368275451660156e+02, 3.36310546875e+02, 3.370140380859375e+02, 3.380342712402344e+02, 3.36754150390625e+02, 3.384068298339844e+02, 3.384880676269531e+02, 3.394600219726562e+02, 3.399186096191406e+02, 3.391560974121094e+02, 3.36170654296875e+02, 3.380619201660156e+02, 3.377208862304688e+02, 3.370478820800781e+02, 3.388817443847656e+02, 3.373249816894531e+02, 3.346507873535156e+02, 3.345701599121094e+02, 3.373411254882812e+02, 3.374013977050781e+02, 3.3744482421875e+02, 3.378537292480469e+02, 3.399608764648438e+02, 3.391593627929688e+02, 3.364134521484375e+02, 3.33513916015625e+02, 3.347582702636719e+02, 3.368174133300781e+02, 3.36632080078125e+02, 3.365405578613281e+02, 3.379008178710938e+02, 3.391053161621094e+02, 3.395660400390625e+02, 3.370771179199219e+02, 3.35870849609375e+02, 3.368689575195312e+02, 3.369051818847656e+02, 3.368824462890625e+02, 3.357519226074219e+02, 3.358252258300781e+02, 3.391487426757812e+02, 3.370906982421875e+02, 3.3771484375e+02, 3.368423461914062e+02, 3.358356323242188e+02, 3.366240539550781e+02, 3.38095947265625e+02, 3.380923156738281e+02, 3.3854931640625e+02, 3.39554443359375e+02, 3.390778198242188e+02, 3.378652648925781e+02, 3.363184509277344e+02, 3.367196960449219e+02, 3.355172424316406e+02, 3.3669287109375e+02, 3.372959899902344e+02, 3.373100280761719e+02, 3.387247619628906e+02, 3.396847534179688e+02, 3.391444396972656e+02, 3.380091552734375e+02, 3.365641174316406e+02, 3.362720031738281e+02, 3.360283813476562e+02, 3.373376159667969e+02, 3.3772216796875e+02, 3.365638122558594e+02, 3.385735473632812e+02, 3.37431396484375e+02, 3.368335571289062e+02, 3.368335571289062e+02, 3.368335571289062e+02, 3.368335571289062e+02, 3.369083862304688e+02, 3.358120727539062e+02, 3.364315185546875e+02, 3.370823364257812e+02]
heaPum.QCon_flow=[0e+00, 6.573674926757812e+02, 6.476488037109375e+02, 6.431328125e+02, 6.4095166015625e+02, 6.397109375e+02, 6.34213134765625e+02, 6.15201904296875e+02, 5.9111669921875e+02, 5.715149536132812e+02, 5.625635986328125e+02, 5.626377563476562e+02, 5.694129028320312e+02, 5.795607299804688e+02, 5.851456909179688e+02, 5.69780029296875e+02, 0e+00, 5.477030639648438e+02, 0e+00, 5.441071166992188e+02, 5.449176635742188e+02, 5.602340698242188e+02, 5.734735107421875e+02, 5.592676391601562e+02, 0e+00, 0e+00, 0e+00, 0e+00, 5.507589111328125e+02, 5.52540283203125e+02, 5.474775390625e+02, 5.430868530273438e+02, 0e+00, 5.590860595703125e+02, 5.4651416015625e+02, 0e+00, 5.520275268554688e+02, 5.5226806640625e+02, 5.635008544921875e+02, 5.76470458984375e+02, 5.732745361328125e+02, 0e+00, 0e+00, 0e+00, 5.528282470703125e+02, 5.433653564453125e+02, 5.519114379882812e+02, 5.69062255859375e+02, 5.80849365234375e+02, 5.714195556640625e+02, 0e+00, 0e+00, 0e+00, 5.50436279296875e+02, 5.476012573242188e+02, 5.483678588867188e+02, 5.65509521484375e+02, 5.675928344726562e+02, 0e+00, 5.478723754882812e+02, 0e+00, 0e+00, 0e+00, 5.425803833007812e+02, 0e+00, 0e+00, 5.508191528320312e+02, 0e+00, 0e+00, 0e+00, 5.459374389648438e+02, 0e+00, 5.459090576171875e+02, 5.523372192382812e+02, 5.576444702148438e+02, 0e+00, 0e+00, 0e+00, 0e+00, 0e+00, 5.518309936523438e+02, 5.502272338867188e+02, 5.457515869140625e+02, 5.448447265625e+02, 0e+00, 0e+00, 0e+00, 0e+00, 0e+00, 0e+00, 0e+00, 5.465842895507812e+02, 0e+00, 0e+00, 0e+00, 0e+00, 0e+00, 0e+00, 0e+00, 0e+00, 0e+00]
