last-generated=2024-10-22
statistics-simulation=
{
  "linear": " ",
  "nonlinear": " ",
  "number of continuous time states": "16",
  "numerical Jacobians": "0"
}
time=[0e+00, 8.64e+04]
CO2SenWes.C=[0e+00, 0e+00, 0e+00, 0e+00, 0e+00, 1.820116466433319e-07, 1.752692497802855e-07, 1.646051259740489e-07, 1.545609649156177e-07, 1.451028595056414e-07, 1.361279515776914e-07, 1.276276719863745e-07, 1.197686145815169e-07, 1.124614357195242e-07, 1.055382341519362e-07, 9.905507170060446e-08, 9.304752524030846e-08, 8.75156089819029e-08, 8.24468244786658e-08, 7.7536824960589e-08, 7.298967830138281e-08, 6.880538450104723e-08, 6.498394355958226e-08, 6.144934161511628e-08, 5.803282832061996e-08, 5.487804344284086e-08, 5.1984986981779e-08, 4.935365893743437e-08, 4.68585490409623e-08, 4.444755319354954e-08, 4.219759475176943e-08, 4.010375675989053e-08, 3.816112226218138e-08, 3.63647778556242e-08, 3.47098101372012e-08, 3.319130570389462e-08, 3.180434759997297e-08, 3.054401886970481e-08, 2.93477082635718e-08, 2.822443079253389e-08, 2.718697622583477e-08, 2.622817341091377e-08, 2.534085297156707e-08, 2.451784020252035e-08, 2.375196572756977e-08, 2.303605661779784e-08, 2.23629417206439e-08, 2.172545165990414e-08, 2.116174968591622e-08, 2.063990933720561e-08, 2.014868449862206e-08, 1.968230733950804e-08, 1.923502068734706e-08, 1.880105848783842e-08, 1.83746582393951e-08, 1.795006099314378e-08, 1.752150069478375e-08, 1.708748342821309e-08, 1.675624261565645e-08, 1.643904923298578e-08, 1.613338973527334e-08, 1.583674347216402e-08, 1.554659689873006e-08, 1.526042936461636e-08, 1.497572732489516e-08, 1.468997101738978e-08, 1.440064423263721e-08, 1.411576455723207e-08, 1.38729792098502e-08, 1.363620061312077e-08, 1.340446331710155e-08, 1.317680276002875e-08, 1.295225171560332e-08, 1.272984651023989e-08, 1.250861902946099e-08, 1.228760559968123e-08, 1.206583988277998e-08, 1.185108100543175e-08, 1.165359631016827e-08, 1.146026118448162e-08, 1.127080651031065e-08, 1.108496139323734e-08, 1.090245849155735e-08, 1.07230269108527e-08, 1.054639664488377e-08, 1.037229857558941e-08, 1.020046358490845e-08, 1.00323127583124e-08, 9.868388772815706e-09, 9.707467718556018e-09, 9.549550483711755e-09, 9.394636180104499e-09, 9.242726584091088e-09, 9.093819919314683e-09, 8.947917073953704e-09, 8.805017159829731e-09, 8.665121065121184e-09, 8.528228789828063e-09, 8.394340333950367e-09, 8.263454809309678e-09, 8.135573104084415e-09]
CO2SenEas.C=[0e+00, 0e+00, 0e+00, 0e+00, 0e+00, 1.900542372368363e-07, 1.731178969066605e-07, 1.623871668243737e-07, 1.524591084489657e-07, 1.431570098020529e-07, 1.343710067658321e-07, 1.260548287973506e-07, 1.182915383424188e-07, 1.110365914769318e-07, 1.041941928292544e-07, 9.779632392792337e-08, 9.186329918975389e-08, 8.639511150931865e-08, 8.137995877177673e-08, 7.653039091337632e-08, 7.203916396747445e-08, 6.790625661778904e-08, 6.413168307517481e-08, 6.064185953391643e-08, 5.727349261519521e-08, 5.416558934712157e-08, 5.131814617698183e-08, 4.873116310477599e-08, 4.627908722909523e-08, 4.390980024027158e-08, 4.170024681116047e-08, 3.964551353874413e-08, 3.774067636186373e-08, 3.598082187750151e-08, 3.436103668263967e-08, 3.287640382154678e-08, 3.152200633849134e-08, 3.029292372502823e-08, 2.912040208968847e-08, 2.801493614867923e-08, 2.699119860949395e-08, 2.604177673504182e-08, 2.515925956458887e-08, 2.433622903197374e-08, 2.356527595281932e-08, 2.283898581367794e-08, 2.214994410110194e-08, 2.149073985435734e-08, 2.092673589970673e-08, 2.041078595027557e-08, 1.992892606494934e-08, 1.947600480889378e-08, 1.904686897091779e-08, 1.863637066890078e-08, 1.823935669165166e-08, 1.785067382797933e-08, 1.746517419576321e-08, 1.708063734895405e-08, 1.677029182189926e-08, 1.647194380893779e-08, 1.618267297942566e-08, 1.589955722636205e-08, 1.561967977181666e-08, 1.534011673243185e-08, 1.505795133027732e-08, 1.477026323470909e-08, 1.447412945054793e-08, 1.41803138120622e-08, 1.393804716087743e-08, 1.370081914586763e-08, 1.346772471322311e-08, 1.32378588091342e-08, 1.30103154916128e-08, 1.278418881867083e-08, 1.255857462467702e-08, 1.233256696764329e-08, 1.210525990558153e-08, 1.188492149140075e-08, 1.168245411520275e-08, 1.148417094753995e-08, 1.12898979054421e-08, 1.109946179411736e-08, 1.091268941877388e-08, 1.072940580826298e-08, 1.054943776779282e-08, 1.037261210257157e-08, 1.019875472962894e-08, 1.002785765535918e-08, 9.860266381167548e-09, 9.695970248913e-09, 9.534970146773958e-09, 9.377266074750423e-09, 9.222858032842396e-09, 9.071746021049876e-09, 8.923930039372863e-09, 8.779409199632937e-09, 8.638185278186938e-09, 8.500256498678027e-09, 8.365624637463043e-09, 8.234287918185146e-09, 8.106248117201176e-09]
CO2SenTop.C=[0e+00, 0e+00, 0e+00, 0e+00, 0e+00, 3.998821274109332e-09, 7.794166201335884e-09, 1.11562119542441e-08, 1.423947537659842e-08, 1.708516883525135e-08, 1.97349869779373e-08, 2.220047612411236e-08, 2.443472091329113e-08, 2.646288344010372e-08, 2.834058676626228e-08, 3.00492608573677e-08, 3.157710892764953e-08, 3.292414163524882e-08, 3.409528659403804e-08, 3.521081737289933e-08, 3.619009447675126e-08, 3.703311080016647e-08, 3.773987344857233e-08, 3.834052719753345e-08, 3.890200872547211e-08, 3.936733961040773e-08, 3.973652340505396e-08, 4.000956010941081e-08, 4.023666733132814e-08, 4.043869239467313e-08, 4.058485814084634e-08, 4.067712922051214e-08, 4.071747738976228e-08, 4.070786374654745e-08, 4.065026004695937e-08, 4.054662738894876e-08, 4.039893397589367e-08, 4.020914801117215e-08, 4.000338194032338e-08, 3.977777041086483e-08, 3.952687421815426e-08, 3.925360303469461e-08, 3.89608665329888e-08, 3.865157438553979e-08, 3.832863981756418e-08, 3.799497250156492e-08, 3.765348211004493e-08, 3.730708186822085e-08, 3.693306283025777e-08, 3.654831814969839e-08, 3.615807031565055e-08, 3.576442964003945e-08, 3.536951354021767e-08, 3.497543588082408e-08, 3.458431052649757e-08, 3.419825134187704e-08, 3.381937574431504e-08, 3.344834453855583e-08, 3.30485754318488e-08, 3.265035175559206e-08, 3.225467892775669e-08, 3.186257302445483e-08, 3.147505012179863e-08, 3.109311563775918e-08, 3.07177892011623e-08, 3.035007978269277e-08, 2.999100345846273e-08, 2.963675882483585e-08, 2.927002640262799e-08, 2.890713979297744e-08, 2.854840808197423e-08, 2.819413325028108e-08, 2.784462083127437e-08, 2.750017635833046e-08, 2.716110003575523e-08, 2.682770094963871e-08, 2.650028108064362e-08, 2.617557903761281e-08, 2.58493084714928e-08, 2.552674160938295e-08, 2.520789976756532e-08, 2.489280426232199e-08, 2.45814710808645e-08, 2.427392509218862e-08, 2.397018228350589e-08, 2.367026397109839e-08, 2.337418969489136e-08, 2.307822377645152e-08, 2.278230049057584e-08, 2.248957642336791e-08, 2.220005512754142e-08, 2.191373305038269e-08, 2.163061196824856e-08, 2.135069188113903e-08, 2.107397101269726e-08, 2.080045113928009e-08, 2.053013226088751e-08, 2.02630126011627e-08, 1.999909393646249e-08, 1.973837626678687e-08, 1.948085959213586e-08]
