last-generated=2022-04-10
statistics-initialization=
{
  "linear": "8"
}
statistics-simulation=
{
  "linear": "0, 5, 0, 0",
  "nonlinear": " ",
  "number of continuous time states": "6",
  "numerical Jacobians": "0"
}
time=[0e+00, 3.1536e+07]
thermalZoneFourElements.TAir=[2.951499938964844e+02, 2.942879516601562e+02, 2.90194189453125e+02, 2.910695251464844e+02, 2.935297119140625e+02, 2.909283142089844e+02, 2.919839721679688e+02, 2.934542114257812e+02, 2.914988403320312e+02, 2.929501831054687e+02, 2.9600341796875e+02, 2.929283325195312e+02, 2.938458190917969e+02, 2.988867858886719e+02, 2.952493041992187e+02, 2.97013671875e+02, 2.998271606445313e+02, 2.978569763183594e+02, 3.023731079101562e+02, 3.007812194824219e+02, 3.016781921386719e+02, 3.039459899902344e+02, 3.010253356933594e+02, 2.986002990722656e+02, 3.041198547363281e+02, 3.039888000488281e+02, 3.039056030273438e+02, 3.049216552734375e+02, 3.027286437988281e+02, 3.039504699707031e+02, 3.0992529296875e+02, 3.042628784179688e+02, 3.067024597167969e+02, 3.133321166992188e+02, 3.089449829101562e+02, 3.09928466796875e+02, 3.14298681640625e+02, 3.0657919921875e+02, 3.089626159667969e+02, 3.123651794433594e+02, 3.084258728027344e+02, 3.11192138671875e+02, 3.146996704101563e+02, 3.127584289550781e+02, 3.164965026855469e+02, 3.121690063476562e+02, 3.07376220703125e+02, 3.100412109375e+02, 3.075070373535156e+02, 3.081185729980469e+02, 3.152624206542969e+02, 3.096620361328125e+02, 3.104433898925781e+02, 3.150460693359375e+02, 3.091950500488281e+02, 3.087074890136719e+02, 3.146603881835937e+02, 3.098292785644531e+02, 3.115807006835938e+02, 3.158507141113281e+02, 3.113010559082031e+02, 3.155174255371094e+02, 3.088338623046875e+02, 3.07143798828125e+02, 3.109965209960938e+02, 3.053086853027344e+02, 3.062564147949219e+02, 3.106247619628906e+02, 3.063282897949219e+02, 3.074963989257812e+02, 3.09398193359375e+02, 3.06661474609375e+02, 3.0602177734375e+02, 3.093498718261719e+02, 3.023074096679687e+02, 3.026994018554688e+02, 3.08319091796875e+02, 3.024415344238281e+02, 3.051521667480469e+02, 3.067759399414062e+02, 3.02373046875e+02, 3.036216918945312e+02, 3.0047314453125e+02, 2.992729797363281e+02, 3.020160217285156e+02, 2.960874633789062e+02, 2.952145629882813e+02, 2.990511779785156e+02, 2.952276489257812e+02, 2.972843811035156e+02, 2.985957946777344e+02, 2.951619262695312e+02, 2.948351684570313e+02, 2.957599609375e+02, 2.922714111328125e+02, 2.927597351074219e+02, 2.935312561035156e+02, 2.91457568359375e+02, 2.942667663574219e+02, 2.929488220214844e+02, 2.918498229980469e+02]
