last-generated=2021-06-02
statistics-initialization=
{
  "nonlinear": "17, 10, 8, 11, 10, 8, 11",
  "numerical Jacobians": "0"
}
statistics-simulation=
{
  "linear": "0, 0, 0, 0, 0, 0, 0, 0, 0, 0, 0, 0, 0, 0, 0, 0, 0, 0, 0, 0, 0, 0, 0, 0, 0, 0, 0,   0, 0, 0, 0, 0, 0, 0, 0, 0, 0, 0, 0, 0, 0, 0, 0, 0, 0, 0, 0, 0, 0, 0, 0, 0, 0,   0, 0, 0, 0, 0, 0, 0, 0, 0, 0, 0, 0, 0, 0, 0, 0, 0, 0, 0, 0, 0, 0, 0, 0, 0, 0,   0, 0, 0, 0, 0, 0, 0, 0, 0, 0, 0, 0, 0, 0, 0, 0, 0, 0, 0, 0, 0, 0, 0, 0, 0, 0,   0, 0, 0, 0, 0, 0, 0, 0, 0, 0, 0, 0, 0, 0, 0, 0, 0, 0, 0, 0, 0, 0, 0, 0, 0, 0",
  "nonlinear": "3, 6, 1, 1, 1, 1, 1, 1, 1, 1",
  "number of continuous time states": "365",
  "numerical Jacobians": "0"
}
time=[1.5e+07, 2.35872e+07]
struct.TSensor[1]=[2.931499938964844e+02, 3.019071236165365e+02, 3.031356453450521e+02, 3.031374816894531e+02, 3.031380310058594e+02, 3.031383056640625e+02, 3.031384582519531e+02, 3.031385498046875e+02, 3.031386108398438e+02, 3.03138671875e+02, 3.031387023925781e+02, 3.031387329101562e+02, 3.031387329101562e+02, 3.031387634277344e+02, 3.031387634277344e+02, 3.031387634277344e+02, 3.031387634277344e+02, 3.031387939453125e+02, 3.031387939453125e+02, 3.031387939453125e+02, 3.031387939453125e+02, 3.031387939453125e+02, 3.031387939453125e+02, 3.031387939453125e+02, 3.031387939453125e+02, 3.031387939453125e+02, 3.031387939453125e+02, 3.031387939453125e+02, 3.031387939453125e+02, 3.031387939453125e+02, 3.031387939453125e+02, 3.031387939453125e+02, 3.031387939453125e+02, 3.031387939453125e+02, 3.031387939453125e+02, 3.031387939453125e+02, 3.031387939453125e+02, 3.031387939453125e+02, 3.031387939453125e+02, 3.031387939453125e+02, 3.031387939453125e+02, 3.031387939453125e+02, 3.031387939453125e+02, 3.031387939453125e+02, 3.031387939453125e+02, 3.031387939453125e+02, 3.031387939453125e+02, 3.031387939453125e+02, 3.031387939453125e+02, 3.031387939453125e+02, 3.031387939453125e+02, 3.031387939453125e+02, 3.031387939453125e+02, 3.031387939453125e+02, 3.031387939453125e+02, 3.031387939453125e+02, 3.031387939453125e+02, 3.031387939453125e+02, 3.031387939453125e+02, 3.031374914550781e+02, 3.031378234863281e+02, 3.03138935546875e+02, 3.03139404296875e+02, 3.031408996582031e+02, 3.03138710530599e+02, 3.03139316813151e+02, 3.03139931640625e+02, 3.031377937825521e+02, 2.998615795898438e+02, 3.01609912109375e+02, 3.004604471842448e+02, 2.989981774902344e+02, 2.974595849609375e+02, 2.987291373697917e+02, 3.001168872070313e+02, 3.007859497070312e+02, 3.016686442057292e+02, 3.009906518554687e+02, 2.997317919921875e+02, 2.982031245930989e+02, 2.95996181233724e+02, 2.957078161621094e+02, 2.940979964192708e+02, 2.980430395507813e+02, 2.98141845703125e+02, 2.981433064778646e+02, 2.981415266927083e+02, 2.98141845703125e+02, 2.981425667317708e+02, 2.963642728678386e+02, 2.947374206542969e+02, 2.939969030761719e+02, 2.940033768717448e+02, 2.944685510253906e+02, 2.952353979492187e+02, 2.962253458658854e+02, 2.940551586914062e+02, 2.927217028808594e+02, 2.918381148274739e+02, 2.907284228515625e+02, 2.897230834960938e+02]
heaSys.heaSche.TdegC[1].y=[3.031255187988281e+02, 3.031255187988281e+02, 3.031255187988281e+02, 3.031255187988281e+02, 3.031255187988281e+02, 3.031255187988281e+02, 3.031255187988281e+02, 3.031255187988281e+02, 3.031255187988281e+02, 3.031255187988281e+02, 3.031255187988281e+02, 3.031255187988281e+02, 3.031255187988281e+02, 3.031255187988281e+02, 3.031255187988281e+02, 3.031255187988281e+02, 3.031255187988281e+02, 3.031255187988281e+02, 3.031255187988281e+02, 3.031255187988281e+02, 3.031255187988281e+02, 3.031255187988281e+02, 3.031255187988281e+02, 3.031255187988281e+02, 3.031255187988281e+02, 3.031255187988281e+02, 3.031255187988281e+02, 3.031255187988281e+02, 3.031255187988281e+02, 3.031255187988281e+02, 3.031255187988281e+02, 3.031255187988281e+02, 3.031255187988281e+02, 3.031255187988281e+02, 3.031255187988281e+02, 3.031255187988281e+02, 3.031255187988281e+02, 3.031255187988281e+02, 3.031255187988281e+02, 3.031255187988281e+02, 3.031255187988281e+02, 3.031255187988281e+02, 3.031255187988281e+02, 3.031255187988281e+02, 3.031255187988281e+02, 3.031255187988281e+02, 3.031255187988281e+02, 3.031255187988281e+02, 3.031255187988281e+02, 3.031255187988281e+02, 3.031255187988281e+02, 3.031255187988281e+02, 3.031255187988281e+02, 3.031255187988281e+02, 3.031255187988281e+02, 3.031255187988281e+02, 3.031255187988281e+02, 3.031255187988281e+02, 3.031255187988281e+02, 3.031705769856771e+02, 3.031395751953125e+02, 3.031938264973958e+02, 3.031598605796939e+02, 3.031543788909912e+02, 3.031609448242187e+02, 3.03137978108724e+02, 3.031456652832031e+02, 3.031357604980469e+02, 3.007823779296875e+02, 3.014443786621094e+02, 3.001624389648438e+02, 2.983042167154948e+02, 2.968552954101563e+02, 2.980836071777344e+02, 2.996503649902344e+02, 3.003038024902344e+02, 3.010514204915365e+02, 3.007983056640625e+02, 2.994410620117188e+02, 2.973098046875e+02, 2.950185648600261e+02, 2.948921313476562e+02, 2.933681193033854e+02, 2.973613505045573e+02, 2.98151396484375e+02, 2.981584777832031e+02, 2.981616479492188e+02, 2.981546313476563e+02, 2.981465974934896e+02, 2.962956502278646e+02, 2.937534912109375e+02, 2.932260144042968e+02, 2.932722538248698e+02, 2.938831774902344e+02, 2.946370190429687e+02, 2.954608215332031e+02, 2.932236389160156e+02, 2.920767065429687e+02, 2.913681921386719e+02, 2.902578161621093e+02, 2.893561401367188e+02]
struct.TSensor[2]=[2.931499938964844e+02, 3.018648177083333e+02, 3.028134590657552e+02, 3.029048266601562e+02, 3.02927783610026e+02, 3.029354899088542e+02, 3.029392541503906e+02, 3.029416471354166e+02, 3.029434204101562e+02, 3.0294478515625e+02, 3.029458618164062e+02, 3.029467024739583e+02, 3.029473571777344e+02, 3.029479064941406e+02, 3.029483032226562e+02, 3.029486389160156e+02, 3.029489017740885e+02, 3.029490966796875e+02, 3.029492797851562e+02, 3.029494018554688e+02, 3.029494934082031e+02, 3.029495849609375e+02, 3.029496459960938e+02, 3.029496765136719e+02, 3.029497375488281e+02, 3.029497680664062e+02, 3.029497985839844e+02, 3.029497985839844e+02, 3.029498291015625e+02, 3.029498291015625e+02, 3.029498291015625e+02, 3.029498596191406e+02, 3.029498596191406e+02, 3.029498596191406e+02, 3.029498596191406e+02, 3.029498596191406e+02, 3.029498596191406e+02, 3.029498596191406e+02, 3.029498596191406e+02, 3.029498596191406e+02, 3.029498596191406e+02, 3.029498901367188e+02, 3.029498901367188e+02, 3.029498901367188e+02, 3.029498901367188e+02, 3.029498901367188e+02, 3.029498901367188e+02, 3.029498901367188e+02, 3.029498901367188e+02, 3.029498901367188e+02, 3.029498901367188e+02, 3.029498901367188e+02, 3.029498901367188e+02, 3.029498901367188e+02, 3.029498901367188e+02, 3.029498901367188e+02, 3.029498901367188e+02, 3.029498901367188e+02, 3.029498901367188e+02, 3.029394535319011e+02, 3.029507751464844e+02, 3.029656144205729e+02, 3.029662130387103e+02, 3.029842748641968e+02, 3.029507877604167e+02, 3.029579752604167e+02, 3.029624182128906e+02, 3.029393823242187e+02, 3.007564949544271e+02, 3.015234545898438e+02, 3.008564208984375e+02, 2.992991760253906e+02, 2.980496459960938e+02, 2.986131823730469e+02, 2.997050817871093e+02, 3.003656005859375e+02, 3.011417252604166e+02, 3.010228763834635e+02, 3.000758544921875e+02, 2.987328633626302e+02, 2.96804482014974e+02, 2.96372177734375e+02, 2.947774971516927e+02, 2.975000443522135e+02, 2.979847778320312e+02, 2.981106140136719e+02, 2.981153088378906e+02, 2.981386682128907e+02, 2.98158135172526e+02, 2.970605126953125e+02, 2.954313110351562e+02, 2.946293367513021e+02, 2.944844612630208e+02, 2.947146325683594e+02, 2.953119482421875e+02, 2.960524454752604e+02, 2.94450048828125e+02, 2.931979231770833e+02, 2.923078975423177e+02, 2.912601489257813e+02, 2.902471008300781e+02]
heaSys.heaSche.TdegC[2].y=[3.031163024902344e+02, 3.031163024902344e+02, 3.031163024902344e+02, 3.031163024902344e+02, 3.031163024902344e+02, 3.031163024902344e+02, 3.031163024902344e+02, 3.031163024902344e+02, 3.031163024902344e+02, 3.031163024902344e+02, 3.031163024902344e+02, 3.031163024902344e+02, 3.031163024902344e+02, 3.031163024902344e+02, 3.031163024902344e+02, 3.031163024902344e+02, 3.031163024902344e+02, 3.031163024902344e+02, 3.031163024902344e+02, 3.031163024902344e+02, 3.031163024902344e+02, 3.031163024902344e+02, 3.031163024902344e+02, 3.031163024902344e+02, 3.031163024902344e+02, 3.031163024902344e+02, 3.031163024902344e+02, 3.031163024902344e+02, 3.031163024902344e+02, 3.031163024902344e+02, 3.031163024902344e+02, 3.031163024902344e+02, 3.031163024902344e+02, 3.031163024902344e+02, 3.031163024902344e+02, 3.031163024902344e+02, 3.031163024902344e+02, 3.031163024902344e+02, 3.031163024902344e+02, 3.031163024902344e+02, 3.031163024902344e+02, 3.031163024902344e+02, 3.031163024902344e+02, 3.031163024902344e+02, 3.031163024902344e+02, 3.031163024902344e+02, 3.031163024902344e+02, 3.031163024902344e+02, 3.031163024902344e+02, 3.031163024902344e+02, 3.031163024902344e+02, 3.031163024902344e+02, 3.031163024902344e+02, 3.031163024902344e+02, 3.031163024902344e+02, 3.031163024902344e+02, 3.031163024902344e+02, 3.031163024902344e+02, 3.031163024902344e+02, 3.031803210449219e+02, 3.032077575683594e+02, 3.032363818359375e+02, 3.032310996133773e+02, 3.032312259674072e+02, 3.032264994303385e+02, 3.031983357747396e+02, 3.032075036621094e+02, 3.032203633626302e+02, 3.014236979166666e+02, 3.013085778808594e+02, 3.005885030110677e+02, 2.986348555501302e+02, 2.975138464355469e+02, 2.980783211263021e+02, 2.992659684244792e+02, 2.998769226074219e+02, 3.006252856445312e+02, 3.006422420247396e+02, 2.995704174804687e+02, 2.980027909342448e+02, 2.959541849772135e+02, 2.957011962890625e+02, 2.940158756510417e+02, 2.972161079915364e+02, 2.981064318847656e+02, 2.981441833496094e+02, 2.981962902832031e+02, 2.981940307617188e+02, 2.981711124674479e+02, 2.969734313964844e+02, 2.94578515625e+02, 2.939648718261719e+02, 2.939077840169271e+02, 2.941530603027344e+02, 2.946839042154948e+02, 2.953250752766927e+02, 2.937352990722656e+02, 2.926123612467448e+02, 2.919104903157552e+02, 2.908899768066406e+02, 2.899605102539062e+02]
struct.TSensor[3]=[2.931499938964844e+02, 3.031431905110677e+02, 3.031474914550781e+02, 3.031479187011719e+02, 3.031480712890625e+02, 3.031481323242188e+02, 3.031481628417969e+02, 3.03148193359375e+02, 3.03148193359375e+02, 3.031482238769531e+02, 3.031482238769531e+02, 3.031482238769531e+02, 3.031482543945312e+02, 3.031482543945312e+02, 3.031482543945312e+02, 3.031482543945312e+02, 3.031482543945312e+02, 3.031482543945312e+02, 3.031482543945312e+02, 3.031482543945312e+02, 3.031482543945312e+02, 3.031482543945312e+02, 3.031482543945312e+02, 3.031482543945312e+02, 3.031482543945312e+02, 3.031482543945312e+02, 3.031482543945312e+02, 3.031482543945312e+02, 3.031482543945312e+02, 3.031482543945312e+02, 3.031482543945312e+02, 3.031482543945312e+02, 3.031482543945312e+02, 3.031482543945312e+02, 3.031482543945312e+02, 3.031482543945312e+02, 3.031482543945312e+02, 3.031482543945312e+02, 3.031482543945312e+02, 3.031482543945312e+02, 3.031482543945312e+02, 3.031482543945312e+02, 3.031482543945312e+02, 3.031482543945312e+02, 3.031482543945312e+02, 3.031482543945312e+02, 3.031482543945312e+02, 3.031482543945312e+02, 3.031482543945312e+02, 3.031482543945312e+02, 3.031482543945312e+02, 3.031482543945312e+02, 3.031482543945312e+02, 3.031482543945312e+02, 3.031482543945312e+02, 3.031482543945312e+02, 3.031482543945312e+02, 3.031482543945312e+02, 3.031482543945312e+02, 3.031482474772135e+02, 3.031485290527344e+02, 3.031485725911458e+02, 3.031485900878906e+02, 3.031488256454468e+02, 3.031484680175781e+02, 3.031485290527344e+02, 3.031485290527344e+02, 3.031483459472656e+02, 3.011156555175781e+02, 3.013036767578125e+02, 3.007843078613281e+02, 2.992016585286459e+02, 2.982006359863281e+02, 2.984144942220052e+02, 2.993674430338542e+02, 2.999989318847656e+02, 3.007294881184896e+02, 3.007993233235677e+02, 3.000046850585937e+02, 2.987018908691406e+02, 2.970330485026042e+02, 2.965741784667969e+02, 2.94967480061849e+02, 2.981451672363281e+02, 2.981488952636719e+02, 2.981493835449219e+02, 2.981493225097656e+02, 2.981493530273438e+02, 2.981493835449219e+02, 2.973450846354166e+02, 2.957047302246094e+02, 2.948265197753906e+02, 2.946180147298177e+02, 2.945778015136719e+02, 2.951386828613281e+02, 2.958274983723958e+02, 2.944646069335938e+02, 2.933172127278646e+02, 2.924510078938802e+02, 2.914363061523438e+02, 2.904266357421875e+02]
heaSys.heaSche.TdegC[3].y=[3.031421203613281e+02, 3.031421203613281e+02, 3.031421203613281e+02, 3.031421203613281e+02, 3.031421203613281e+02, 3.031421203613281e+02, 3.031421203613281e+02, 3.031421203613281e+02, 3.031421203613281e+02, 3.031421203613281e+02, 3.031421203613281e+02, 3.031421203613281e+02, 3.031421203613281e+02, 3.031421203613281e+02, 3.031421203613281e+02, 3.031421203613281e+02, 3.031421203613281e+02, 3.031421203613281e+02, 3.031421203613281e+02, 3.031421203613281e+02, 3.031421203613281e+02, 3.031421203613281e+02, 3.031421203613281e+02, 3.031421203613281e+02, 3.031421203613281e+02, 3.031421203613281e+02, 3.031421203613281e+02, 3.031421203613281e+02, 3.031421203613281e+02, 3.031421203613281e+02, 3.031421203613281e+02, 3.031421203613281e+02, 3.031421203613281e+02, 3.031421203613281e+02, 3.031421203613281e+02, 3.031421203613281e+02, 3.031421203613281e+02, 3.031421203613281e+02, 3.031421203613281e+02, 3.031421203613281e+02, 3.031421203613281e+02, 3.031421203613281e+02, 3.031421203613281e+02, 3.031421203613281e+02, 3.031421203613281e+02, 3.031421203613281e+02, 3.031421203613281e+02, 3.031421203613281e+02, 3.031421203613281e+02, 3.031421203613281e+02, 3.031421203613281e+02, 3.031421203613281e+02, 3.031421203613281e+02, 3.031421203613281e+02, 3.031421203613281e+02, 3.031421203613281e+02, 3.031421203613281e+02, 3.031421203613281e+02, 3.031421203613281e+02, 3.032592749023437e+02, 3.033442504882813e+02, 3.032078792317708e+02, 3.031651496261847e+02, 3.031524362564087e+02, 3.031524385579427e+02, 3.031448465983073e+02, 3.031422509765625e+02, 3.031504573567709e+02, 3.011473128255208e+02, 3.009273498535156e+02, 3.003576700846354e+02, 2.983823030598958e+02, 2.973246032714844e+02, 2.977948706054688e+02, 2.989049833170573e+02, 2.99496826171875e+02, 3.001808475748698e+02, 3.003032014973958e+02, 2.993244958496094e+02, 2.977371752929687e+02, 2.957421468098958e+02, 2.955331335449219e+02, 2.93830498453776e+02, 2.978957291666667e+02, 2.981524353027344e+02, 2.98150244140625e+02, 2.981564530436198e+02, 2.981508190917968e+02, 2.98146884358724e+02, 2.967469661458333e+02, 2.9441328125e+02, 2.937540958658854e+02, 2.937009745279948e+02, 2.938385693359375e+02, 2.943725911458333e+02, 2.950568400065104e+02, 2.935744909667969e+02, 2.925001582845052e+02, 2.918039729817708e+02, 2.907538977050781e+02, 2.898383483886719e+02]
struct.TSensor[4]=[2.931499938964844e+02, 3.0234310546875e+02, 3.031458992513021e+02, 3.031467590332031e+02, 3.031470336914062e+02, 3.031471862792969e+02, 3.031472473144531e+02, 3.031473083496094e+02, 3.031473388671875e+02, 3.031473693847656e+02, 3.031473999023438e+02, 3.031473999023438e+02, 3.031474304199219e+02, 3.031474304199219e+02, 3.031474304199219e+02, 3.031474304199219e+02, 3.031474304199219e+02, 3.031474304199219e+02, 3.031474304199219e+02, 3.031474304199219e+02, 3.031474304199219e+02, 3.031474304199219e+02, 3.031474304199219e+02, 3.031474304199219e+02, 3.031474304199219e+02, 3.031474304199219e+02, 3.031474304199219e+02, 3.031474304199219e+02, 3.031474304199219e+02, 3.031474304199219e+02, 3.031474304199219e+02, 3.031474304199219e+02, 3.031474304199219e+02, 3.031474304199219e+02, 3.031474304199219e+02, 3.031474304199219e+02, 3.031474304199219e+02, 3.031474304199219e+02, 3.031474304199219e+02, 3.031474304199219e+02, 3.031474304199219e+02, 3.031474304199219e+02, 3.031474304199219e+02, 3.031474304199219e+02, 3.031474304199219e+02, 3.031474304199219e+02, 3.031474304199219e+02, 3.031474304199219e+02, 3.031474304199219e+02, 3.031474304199219e+02, 3.031474304199219e+02, 3.031474304199219e+02, 3.031474304199219e+02, 3.031474304199219e+02, 3.031474304199219e+02, 3.031474304199219e+02, 3.031474304199219e+02, 3.031474304199219e+02, 3.031474304199219e+02, 3.031473201497396e+02, 3.031474609375e+02, 3.031476745605469e+02, 3.031477966308594e+02, 3.031480407714844e+02, 3.031477661132812e+02, 3.031477661132812e+02, 3.031477966308594e+02, 3.031475618489583e+02, 3.011043713378906e+02, 3.013863269042969e+02, 3.010204305013021e+02, 2.99453779296875e+02, 2.983631213378906e+02, 2.986617403157552e+02, 2.99500410563151e+02, 3.00161865234375e+02, 3.008756958007813e+02, 3.0106095703125e+02, 3.002605114746094e+02, 2.991299072265625e+02, 2.973085001627604e+02, 2.968046276855468e+02, 2.951889847819011e+02, 2.981430590820312e+02, 2.981477880859375e+02, 2.981483723958333e+02, 2.981482987467448e+02, 2.981483154296875e+02, 2.981483764648438e+02, 2.970617655436198e+02, 2.955990783691406e+02, 2.948816324869792e+02, 2.947029459635417e+02, 2.949150732421875e+02, 2.954642305501302e+02, 2.960893351236979e+02, 2.946860266113281e+02, 2.934844498697917e+02, 2.925878706868489e+02, 2.91573291015625e+02, 2.90553955078125e+02]
heaSys.heaSche.TdegC[4].y=[3.031481323242188e+02, 3.031481323242188e+02, 3.031481323242188e+02, 3.031481323242188e+02, 3.031481323242188e+02, 3.031481323242188e+02, 3.031481323242188e+02, 3.031481323242188e+02, 3.031481323242188e+02, 3.031481323242188e+02, 3.031481323242188e+02, 3.031481323242188e+02, 3.031481323242188e+02, 3.031481323242188e+02, 3.031481323242188e+02, 3.031481323242188e+02, 3.031481323242188e+02, 3.031481323242188e+02, 3.031481323242188e+02, 3.031481323242188e+02, 3.031481323242188e+02, 3.031481323242188e+02, 3.031481323242188e+02, 3.031481323242188e+02, 3.031481323242188e+02, 3.031481323242188e+02, 3.031481323242188e+02, 3.031481323242188e+02, 3.031481323242188e+02, 3.031481323242188e+02, 3.031481323242188e+02, 3.031481323242188e+02, 3.031481323242188e+02, 3.031481323242188e+02, 3.031481323242188e+02, 3.031481323242188e+02, 3.031481323242188e+02, 3.031481323242188e+02, 3.031481323242188e+02, 3.031481323242188e+02, 3.031481323242188e+02, 3.031481323242188e+02, 3.031481323242188e+02, 3.031481323242188e+02, 3.031481323242188e+02, 3.031481323242188e+02, 3.031481323242188e+02, 3.031481323242188e+02, 3.031481323242188e+02, 3.031481323242188e+02, 3.031481323242188e+02, 3.031481323242188e+02, 3.031481323242188e+02, 3.031481323242188e+02, 3.031481323242188e+02, 3.031481323242188e+02, 3.031481323242188e+02, 3.031481323242188e+02, 3.031481323242188e+02, 3.031509151204427e+02, 3.031266174316406e+02, 3.03160732421875e+02, 3.031503360935899e+02, 3.031515283584595e+02, 3.031516682942708e+02, 3.031392639160156e+02, 3.03147314453125e+02, 3.031494222005209e+02, 3.012610420735677e+02, 3.011154748535157e+02, 3.00473769124349e+02, 2.985399609375e+02, 2.974013232421875e+02, 2.979585677083333e+02, 2.990644999186198e+02, 2.996881713867188e+02, 3.003557242838542e+02, 3.004894449869792e+02, 2.994871704101562e+02, 2.979653930664062e+02, 2.959233215332031e+02, 2.956557214355469e+02, 2.939559200032552e+02, 2.975124279785156e+02, 2.981543139648438e+02, 2.981511881510417e+02, 2.981503987630209e+02, 2.981578552246094e+02, 2.981513208007813e+02, 2.968174283854167e+02, 2.944976867675781e+02, 2.938742093912761e+02, 2.938250610351562e+02, 2.940883984375e+02, 2.946194250488281e+02, 2.952847778320312e+02, 2.937850646972656e+02, 2.926836149088542e+02, 2.919648335774739e+02, 2.909442749023438e+02, 2.900247497558594e+02]
struct.TSensor[5]=[2.931499938964844e+02, 3.031431042480469e+02, 3.031455635579427e+02, 3.031460876464844e+02, 3.031462707519531e+02, 3.031463928222656e+02, 3.031464538574219e+02, 3.03146484375e+02, 3.031465148925781e+02, 3.031465454101562e+02, 3.031465454101562e+02, 3.031465759277344e+02, 3.031465759277344e+02, 3.031465759277344e+02, 3.031465759277344e+02, 3.031465759277344e+02, 3.031465759277344e+02, 3.031465759277344e+02, 3.031465759277344e+02, 3.031466064453125e+02, 3.031466064453125e+02, 3.031466064453125e+02, 3.031466064453125e+02, 3.031466064453125e+02, 3.031466064453125e+02, 3.031466064453125e+02, 3.031466064453125e+02, 3.031466064453125e+02, 3.031466064453125e+02, 3.031466064453125e+02, 3.031466064453125e+02, 3.031466064453125e+02, 3.031466064453125e+02, 3.031466064453125e+02, 3.031466064453125e+02, 3.031466064453125e+02, 3.031466064453125e+02, 3.031466064453125e+02, 3.031466064453125e+02, 3.031466064453125e+02, 3.031466064453125e+02, 3.031466064453125e+02, 3.031466064453125e+02, 3.031466064453125e+02, 3.031466064453125e+02, 3.031466064453125e+02, 3.031466064453125e+02, 3.031466064453125e+02, 3.031466064453125e+02, 3.031466064453125e+02, 3.031466064453125e+02, 3.031466064453125e+02, 3.031466064453125e+02, 3.031466064453125e+02, 3.031466064453125e+02, 3.031466064453125e+02, 3.031466064453125e+02, 3.031466064453125e+02, 3.031466064453125e+02, 3.031462638346354e+02, 3.031466003417969e+02, 3.031469791666667e+02, 3.031470642089844e+02, 3.031474609375e+02, 3.031468033854167e+02, 3.031469421386719e+02, 3.031470947265625e+02, 3.031465547688802e+02, 3.006716455078125e+02, 2.997928784179687e+02, 2.99422324625651e+02, 2.977521138509115e+02, 2.970526977539063e+02, 2.971519901529948e+02, 2.974176965332031e+02, 2.976615905761719e+02, 2.980680822753906e+02, 2.98295459391276e+02, 2.977339367675781e+02, 2.972404536946615e+02, 2.957154276529948e+02, 2.949604138183594e+02, 2.937292358398437e+02, 2.984704451497396e+02, 3.031443701171875e+02, 3.031459045410156e+02, 3.031457214355469e+02, 3.031461181640625e+02, 3.031461791992188e+02, 3.006521480305989e+02, 2.977352172851562e+02, 2.959745438639323e+02, 2.950860884602865e+02, 2.947683325195313e+02, 2.946989908854167e+02, 2.950996561686198e+02, 2.940313061523437e+02, 2.930305574544271e+02, 2.921890637207031e+02, 2.9115625e+02, 2.901779479980469e+02]
heaSys.heaSche.TdegC[5].y=[3.031468200683594e+02, 3.031468200683594e+02, 3.031468200683594e+02, 3.031468200683594e+02, 3.031468200683594e+02, 3.031468200683594e+02, 3.031468200683594e+02, 3.031468200683594e+02, 3.031468200683594e+02, 3.031468200683594e+02, 3.031468200683594e+02, 3.031468200683594e+02, 3.031468200683594e+02, 3.031468200683594e+02, 3.031468200683594e+02, 3.031468200683594e+02, 3.031468200683594e+02, 3.031468200683594e+02, 3.031468200683594e+02, 3.031468200683594e+02, 3.031468200683594e+02, 3.031468200683594e+02, 3.031468200683594e+02, 3.031468200683594e+02, 3.031468200683594e+02, 3.031468200683594e+02, 3.031468200683594e+02, 3.031468200683594e+02, 3.031468200683594e+02, 3.031468200683594e+02, 3.031468200683594e+02, 3.031468200683594e+02, 3.031468200683594e+02, 3.031468200683594e+02, 3.031468200683594e+02, 3.031468200683594e+02, 3.031468200683594e+02, 3.031468200683594e+02, 3.031468200683594e+02, 3.031468200683594e+02, 3.031468200683594e+02, 3.031468200683594e+02, 3.031468200683594e+02, 3.031468200683594e+02, 3.031468200683594e+02, 3.031468200683594e+02, 3.031468200683594e+02, 3.031468200683594e+02, 3.031468200683594e+02, 3.031468200683594e+02, 3.031468200683594e+02, 3.031468200683594e+02, 3.031468200683594e+02, 3.031468200683594e+02, 3.031468200683594e+02, 3.031468200683594e+02, 3.031468200683594e+02, 3.031468200683594e+02, 3.031468200683594e+02, 3.031678588867188e+02, 3.031545227050781e+02, 3.031677482096354e+02, 3.03149061359343e+02, 3.031460571289062e+02, 3.031549186197917e+02, 3.031406677246094e+02, 3.031371032714844e+02, 3.031515881347656e+02, 3.004947013346354e+02, 2.993114721679688e+02, 2.987556376139323e+02, 2.968971842447917e+02, 2.960780358886719e+02, 2.965198413085938e+02, 2.970284045410156e+02, 2.973584594726562e+02, 2.976025927734375e+02, 2.978450374348959e+02, 2.971257922363282e+02, 2.96694403889974e+02, 2.94814902750651e+02, 2.940865649414063e+02, 2.927240897623698e+02, 2.977569641113281e+02, 2.981499584960937e+02, 2.981494954427083e+02, 2.981476737467448e+02, 2.981549353027344e+02, 2.981528755696614e+02, 2.963095776367188e+02, 2.9403603515625e+02, 2.9319314453125e+02, 2.927784920247396e+02, 2.930228308105468e+02, 2.931994453938802e+02, 2.936209655761719e+02, 2.925954748535156e+02, 2.918574308268229e+02, 2.913246240234375e+02, 2.904397692871094e+02, 2.895865783691406e+02]
struct.TSensor[6]=[2.931499938964844e+02, 3.031461918131511e+02, 3.031478271484375e+02, 3.03148193359375e+02, 3.031483154296875e+02, 3.031483764648438e+02, 3.031484069824219e+02, 3.031484069824219e+02, 3.031484375e+02, 3.031484375e+02, 3.031484680175781e+02, 3.031484680175781e+02, 3.031484680175781e+02, 3.031484680175781e+02, 3.031484680175781e+02, 3.031484680175781e+02, 3.031484680175781e+02, 3.031484680175781e+02, 3.031484680175781e+02, 3.031484680175781e+02, 3.031484680175781e+02, 3.031484680175781e+02, 3.031484680175781e+02, 3.031484680175781e+02, 3.031484680175781e+02, 3.031484680175781e+02, 3.031484680175781e+02, 3.031484680175781e+02, 3.031484680175781e+02, 3.031484680175781e+02, 3.031484680175781e+02, 3.031484680175781e+02, 3.031484680175781e+02, 3.031484680175781e+02, 3.031484680175781e+02, 3.031484680175781e+02, 3.031484680175781e+02, 3.031484680175781e+02, 3.031484680175781e+02, 3.031484680175781e+02, 3.031484680175781e+02, 3.031484680175781e+02, 3.031484680175781e+02, 3.031484680175781e+02, 3.031484680175781e+02, 3.031484680175781e+02, 3.031484680175781e+02, 3.031484680175781e+02, 3.031484680175781e+02, 3.031484680175781e+02, 3.031484680175781e+02, 3.031484680175781e+02, 3.031484680175781e+02, 3.031484680175781e+02, 3.031484680175781e+02, 3.031484680175781e+02, 3.031484680175781e+02, 3.031484680175781e+02, 3.031484680175781e+02, 3.031483764648438e+02, 3.031484924316406e+02, 3.031485900878906e+02, 3.031486511230469e+02, 3.031487731933594e+02, 3.031485428873698e+02, 3.031485900878906e+02, 3.031486511230469e+02, 3.031484680175781e+02, 3.011494836425781e+02, 3.001080786132812e+02, 2.996141235351562e+02, 2.982998205566406e+02, 2.974852526855469e+02, 2.971698685709636e+02, 2.972281595865886e+02, 2.97416748046875e+02, 2.97842392985026e+02, 2.981344620768229e+02, 2.979240124511718e+02, 2.971541979980469e+02, 2.960749613444011e+02, 2.953043273925781e+02, 2.94177861328125e+02, 3.004297578938802e+02, 3.031466589355469e+02, 3.031476440429688e+02, 3.031475830078125e+02, 3.031476745605469e+02, 3.031477966308594e+02, 3.008696529134115e+02, 2.980586242675781e+02, 2.962397058105469e+02, 2.951675988769532e+02, 2.944549670410156e+02, 2.94218203125e+02, 2.944306905110677e+02, 2.938943933105469e+02, 2.930655118815104e+02, 2.922924239095052e+02, 2.913418151855469e+02, 2.904544982910156e+02]
heaSys.heaSche.TdegC[6].y=[3.03147216796875e+02, 3.03147216796875e+02, 3.03147216796875e+02, 3.03147216796875e+02, 3.03147216796875e+02, 3.03147216796875e+02, 3.03147216796875e+02, 3.03147216796875e+02, 3.03147216796875e+02, 3.03147216796875e+02, 3.03147216796875e+02, 3.03147216796875e+02, 3.03147216796875e+02, 3.03147216796875e+02, 3.03147216796875e+02, 3.03147216796875e+02, 3.03147216796875e+02, 3.03147216796875e+02, 3.03147216796875e+02, 3.03147216796875e+02, 3.03147216796875e+02, 3.03147216796875e+02, 3.03147216796875e+02, 3.03147216796875e+02, 3.03147216796875e+02, 3.03147216796875e+02, 3.03147216796875e+02, 3.03147216796875e+02, 3.03147216796875e+02, 3.03147216796875e+02, 3.03147216796875e+02, 3.03147216796875e+02, 3.03147216796875e+02, 3.03147216796875e+02, 3.03147216796875e+02, 3.03147216796875e+02, 3.03147216796875e+02, 3.03147216796875e+02, 3.03147216796875e+02, 3.03147216796875e+02, 3.03147216796875e+02, 3.03147216796875e+02, 3.03147216796875e+02, 3.03147216796875e+02, 3.03147216796875e+02, 3.03147216796875e+02, 3.03147216796875e+02, 3.03147216796875e+02, 3.03147216796875e+02, 3.03147216796875e+02, 3.03147216796875e+02, 3.03147216796875e+02, 3.03147216796875e+02, 3.03147216796875e+02, 3.03147216796875e+02, 3.03147216796875e+02, 3.03147216796875e+02, 3.03147216796875e+02, 3.03147216796875e+02, 3.03159766031901e+02, 3.031488037109375e+02, 3.031601497395833e+02, 3.031439509157275e+02, 3.031625356674194e+02, 3.031603955078125e+02, 3.031594523111979e+02, 3.031442163085937e+02, 3.031536547851563e+02, 3.010737931315104e+02, 2.995045556640625e+02, 2.988587158203125e+02, 2.974989074707031e+02, 2.966177331542969e+02, 2.96530800374349e+02, 2.967274873860677e+02, 2.969363403320312e+02, 2.972476981608073e+02, 2.975268180338542e+02, 2.972431188964844e+02, 2.964525402832031e+02, 2.95251318359375e+02, 2.9454380859375e+02, 2.93424394124349e+02, 2.981842097981771e+02, 2.981505395507813e+02, 2.981706013997396e+02, 2.981586836751302e+02, 2.981569592285156e+02, 2.981478377278646e+02, 2.967634256998698e+02, 2.94558837890625e+02, 2.935546004231771e+02, 2.929678776041667e+02, 2.9275806640625e+02, 2.926757771809896e+02, 2.929480244954427e+02, 2.924814514160156e+02, 2.919171122233073e+02, 2.913971419270833e+02, 2.906026025390625e+02, 2.898280334472656e+02]
struct.TSensor[7]=[2.931499938964844e+02, 3.031427811686198e+02, 3.031464485677083e+02, 3.031470336914062e+02, 3.031472473144531e+02, 3.031473693847656e+02, 3.031474609375e+02, 3.031474914550781e+02, 3.031475219726562e+02, 3.031475524902344e+02, 3.031475524902344e+02, 3.031475830078125e+02, 3.031475830078125e+02, 3.031475830078125e+02, 3.031475830078125e+02, 3.031476135253906e+02, 3.031476135253906e+02, 3.031476135253906e+02, 3.031476135253906e+02, 3.031476135253906e+02, 3.031476135253906e+02, 3.031476135253906e+02, 3.031476135253906e+02, 3.031476135253906e+02, 3.031476135253906e+02, 3.031476135253906e+02, 3.031476135253906e+02, 3.031476135253906e+02, 3.031476135253906e+02, 3.031476135253906e+02, 3.031476135253906e+02, 3.031476135253906e+02, 3.031476135253906e+02, 3.031476135253906e+02, 3.031476135253906e+02, 3.031476135253906e+02, 3.031476135253906e+02, 3.031476135253906e+02, 3.031476135253906e+02, 3.031476135253906e+02, 3.031476135253906e+02, 3.031476135253906e+02, 3.031476135253906e+02, 3.031476135253906e+02, 3.031476135253906e+02, 3.031476135253906e+02, 3.031476135253906e+02, 3.031476135253906e+02, 3.031476135253906e+02, 3.031476135253906e+02, 3.031476135253906e+02, 3.031476135253906e+02, 3.031476135253906e+02, 3.031476135253906e+02, 3.031476135253906e+02, 3.031476135253906e+02, 3.031476135253906e+02, 3.031476135253906e+02, 3.031476135253906e+02, 3.031475337727865e+02, 3.031476989746094e+02, 3.031478641764323e+02, 3.031480102539062e+02, 3.03148193359375e+02, 3.0314794921875e+02, 3.031479797363281e+02, 3.031480102539062e+02, 3.031478059895833e+02, 3.015130704752604e+02, 3.003227221679688e+02, 2.997316162109375e+02, 2.987034745279948e+02, 2.979675903320312e+02, 2.974488956705729e+02, 2.97359521891276e+02, 2.974373474121094e+02, 2.977383935546875e+02, 2.980125317382813e+02, 2.980071142578125e+02, 2.974487247721354e+02, 2.966039489746094e+02, 2.959719323730469e+02, 2.949235070800781e+02, 2.986288647460938e+02, 3.031440563964844e+02, 3.031458740234375e+02, 3.031460876464844e+02, 3.031462097167969e+02, 3.031463317871094e+02, 3.010509517415364e+02, 2.981790771484375e+02, 2.964476155598958e+02, 2.954099926757813e+02, 2.945892211914062e+02, 2.942158565266927e+02, 2.94253505452474e+02, 2.938428149414062e+02, 2.932250972493489e+02, 2.925987373860677e+02, 2.918123559570312e+02, 2.909629821777344e+02]
heaSys.heaSche.TdegC[7].y=[3.031521911621094e+02, 3.031521911621094e+02, 3.031521911621094e+02, 3.031521911621094e+02, 3.031521911621094e+02, 3.031521911621094e+02, 3.031521911621094e+02, 3.031521911621094e+02, 3.031521911621094e+02, 3.031521911621094e+02, 3.031521911621094e+02, 3.031521911621094e+02, 3.031521911621094e+02, 3.031521911621094e+02, 3.031521911621094e+02, 3.031521911621094e+02, 3.031521911621094e+02, 3.031521911621094e+02, 3.031521911621094e+02, 3.031521911621094e+02, 3.031521911621094e+02, 3.031521911621094e+02, 3.031521911621094e+02, 3.031521911621094e+02, 3.031521911621094e+02, 3.031521911621094e+02, 3.031521911621094e+02, 3.031521911621094e+02, 3.031521911621094e+02, 3.031521911621094e+02, 3.031521911621094e+02, 3.031521911621094e+02, 3.031521911621094e+02, 3.031521911621094e+02, 3.031521911621094e+02, 3.031521911621094e+02, 3.031521911621094e+02, 3.031521911621094e+02, 3.031521911621094e+02, 3.031521911621094e+02, 3.031521911621094e+02, 3.031521911621094e+02, 3.031521911621094e+02, 3.031521911621094e+02, 3.031521911621094e+02, 3.031521911621094e+02, 3.031521911621094e+02, 3.031521911621094e+02, 3.031521911621094e+02, 3.031521911621094e+02, 3.031521911621094e+02, 3.031521911621094e+02, 3.031521911621094e+02, 3.031521911621094e+02, 3.031521911621094e+02, 3.031521911621094e+02, 3.031521911621094e+02, 3.031521911621094e+02, 3.031521911621094e+02, 3.031661665852865e+02, 3.031518920898437e+02, 3.031635286458333e+02, 3.031548301821849e+02, 3.031515731811523e+02, 3.031500524902344e+02, 3.031445454915365e+02, 3.031404833984375e+02, 3.031556526692708e+02, 3.014970678710937e+02, 3.00007119140625e+02, 2.992713358561198e+02, 2.982234318033854e+02, 2.974044689941406e+02, 2.970124430338541e+02, 2.970103169759115e+02, 2.971046447753906e+02, 2.973276009114583e+02, 2.975865779622396e+02, 2.975255993652344e+02, 2.969346638997396e+02, 2.960083292643229e+02, 2.954344360351562e+02, 2.943543998209635e+02, 2.9819298828125e+02, 2.981506811523437e+02, 2.981465169270833e+02, 2.981495422363281e+02, 2.981516235351563e+02, 2.981601147460938e+02, 2.971098856608073e+02, 2.952056396484375e+02, 2.942124747721354e+02, 2.93601621500651e+02, 2.931248120117187e+02, 2.929139176432292e+02, 2.930052998860677e+02, 2.926814855957031e+02, 2.922765502929688e+02, 2.919014493815104e+02, 2.913028649902344e+02, 2.905611877441406e+02]
heaSys.Qhea[1]=[1.82e+03, 1.82e+03, 1.434261604817708e+03, 1.253000092773437e+03, 1.197193852539062e+03, 1.170861124674479e+03, 1.1554320703125e+03, 1.145471459960937e+03, 1.138716979166667e+03, 1.133977768554688e+03, 1.130578100585938e+03, 1.128103999023438e+03, 1.126274838867188e+03, 1.124909856770833e+03, 1.123880205078125e+03, 1.123100366210937e+03, 1.122498509114583e+03, 1.122035286458333e+03, 1.121677016601562e+03, 1.121397348632813e+03, 1.121179988606771e+03, 1.121009174804688e+03, 1.120875740559896e+03, 1.120770257161458e+03, 1.120688178710938e+03, 1.120622233072917e+03, 1.120570924479167e+03, 1.120531416015625e+03, 1.120498517252604e+03, 1.120473024088542e+03, 1.120453393554687e+03, 1.120437766927083e+03, 1.120426175130208e+03, 1.120415571289062e+03, 1.120407470703125e+03, 1.120401611328125e+03, 1.120396606445312e+03, 1.120392456054688e+03, 1.120389892578125e+03, 1.120387358398438e+03, 1.120386173502604e+03, 1.120384155273438e+03, 1.120382690429688e+03, 1.120382080078125e+03, 1.120381858723958e+03, 1.120381176757812e+03, 1.120380249023438e+03, 1.120379760742188e+03, 1.12037986328125e+03, 1.120379516601562e+03, 1.120379516601562e+03, 1.120379282226563e+03, 1.120378540039062e+03, 1.120378662109375e+03, 1.120378662109375e+03, 1.12037890625e+03, 1.120378662109375e+03, 1.12037841796875e+03, 1.120378662109375e+03, 1.250164010416667e+03, 1.218694897460937e+03, 1.105907626953125e+03, 1.060324336818007e+03, 9.096814250946045e+02, 1.129026396484375e+03, 1.069217277018229e+03, 1.006229191894531e+03, 1.219621401367187e+03, 2.592767295837402e+00, 4.997988159179687e+02, 2.395521354675293e+00, 4.99925087890625e+02, 6.51017303466797e-01, 4.9998873046875e+02, 4.996845218912761e+02, 5.001900939941406e+02, 5.001681616210938e+02, 2.646130873362223e+00, 2.547221851348877e+00, 2.450000527699788e+00, 2.664408032099406e+00, 2.813818550109863e+00, 2.555002196629842e+00, 1.82e+03, 8.156753759765625e+02, 6.687978393554688e+02, 8.472190144856771e+02, 8.159868969726563e+02, 7.4327916015625e+02, 2.976796522140503e+00, 0e+00, 0e+00, 0e+00, 0e+00, 0e+00, 0e+00, 0e+00, 0e+00, 0e+00, 0e+00, 0e+00]
heaSys.heaSche.Pel_IDEAL[1]=[1.152259033203125e+03, 1.152259033203125e+03, 1.152259033203125e+03, 1.152259033203125e+03, 1.152259033203125e+03, 1.152259033203125e+03, 1.152259033203125e+03, 1.152259033203125e+03, 1.152259033203125e+03, 1.152259033203125e+03, 1.152259033203125e+03, 1.152259033203125e+03, 1.152259033203125e+03, 1.152259033203125e+03, 1.152259033203125e+03, 1.152259033203125e+03, 1.152259033203125e+03, 1.152259033203125e+03, 1.152259033203125e+03, 1.152259033203125e+03, 1.152259033203125e+03, 1.152259033203125e+03, 1.152259033203125e+03, 1.152259033203125e+03, 1.152259033203125e+03, 1.152259033203125e+03, 1.152259033203125e+03, 1.152259033203125e+03, 1.152259033203125e+03, 1.152259033203125e+03, 1.152259033203125e+03, 1.152259033203125e+03, 1.152259033203125e+03, 1.152259033203125e+03, 1.152259033203125e+03, 1.152259033203125e+03, 1.152259033203125e+03, 1.152259033203125e+03, 1.152259033203125e+03, 1.152259033203125e+03, 1.152259033203125e+03, 1.152259033203125e+03, 1.152259033203125e+03, 1.152259033203125e+03, 1.152259033203125e+03, 1.152259033203125e+03, 1.152259033203125e+03, 1.152259033203125e+03, 1.152259033203125e+03, 1.152259033203125e+03, 1.152259033203125e+03, 1.152259033203125e+03, 1.152259033203125e+03, 1.152259033203125e+03, 1.152259033203125e+03, 1.152259033203125e+03, 1.152259033203125e+03, 1.152259033203125e+03, 1.152259033203125e+03, 1.249891723632812e+03, 1.226740307617187e+03, 1.118995856119792e+03, 1.049175276959529e+03, 8.858257293701172e+02, 1.184540167643229e+03, 1.088329117838542e+03, 1.036261791992187e+03, 1.248768665364583e+03, 2.592767295837402e+00, 4.997988159179687e+02, 2.395521354675293e+00, 4.99925087890625e+02, 6.51017303466797e-01, 4.9998873046875e+02, 4.996845218912761e+02, 5.001900939941406e+02, 5.001681616210938e+02, 2.646130873362223e+00, 2.547221851348877e+00, 2.450000527699788e+00, 2.664408032099406e+00, 2.813818550109863e+00, 2.555002196629842e+00, 1.805216103515625e+03, 7.925255322265625e+02, 7.198470458984375e+02, 9.404459733072916e+02, 9.372869873046875e+02, 8.323960327148437e+02, 2.976796522140503e+00, 0e+00, 0e+00, 0e+00, 0e+00, 0e+00, 0e+00, 0e+00, 0e+00, 0e+00, 0e+00, 0e+00]
heaSys.Qhea[3]=[7.5e+02, 6.802561507161458e+02, 2.502981429036458e+02, 2.072022113037109e+02, 1.935105122884115e+02, 1.870595967610677e+02, 1.832952459716797e+02, 1.808576715087891e+02, 1.791892081705729e+02, 1.78007744140625e+02, 1.771502176920573e+02, 1.765170294189453e+02, 1.760421295166016e+02, 1.756813818359375e+02, 1.754062731933594e+02, 1.751948547363281e+02, 1.750287117513021e+02, 1.7490099609375e+02, 1.748022314453125e+02, 1.747221272786458e+02, 1.746619201660156e+02, 1.746123077392578e+02, 1.745764168294271e+02, 1.745467718505859e+02, 1.745194207763672e+02, 1.745032196044922e+02, 1.744880851236979e+02, 1.744719561767578e+02, 1.744569838460286e+02, 1.744473065185547e+02, 1.7444736328125e+02, 1.744338470458984e+02, 1.744318096923828e+02, 1.744234967041016e+02, 1.744213138834635e+02, 1.74422178141276e+02, 1.744193731689453e+02, 1.744113063557943e+02, 1.744130242919922e+02, 1.744114807128906e+02, 1.744148518880208e+02, 1.744120743815104e+02, 1.744082287597656e+02, 1.744084216308594e+02, 1.744132401529948e+02, 1.744109497070312e+02, 1.744095050048828e+02, 1.744124672444661e+02, 1.744106494140625e+02, 1.744118607584635e+02, 1.744133097330729e+02, 1.744132598876953e+02, 1.74414233194987e+02, 1.744168314615885e+02, 1.744163226318359e+02, 1.744176879882812e+02, 1.744190521240234e+02, 1.744212176513672e+02, 1.744228082275391e+02, 1.75033817952474e+02, 1.475946350097656e+02, 1.421126741536458e+02, 1.407053745457384e+02, 1.180825552940369e+02, 1.534489813232422e+02, 1.466143920898438e+02, 1.460422088623047e+02, 1.662023663330078e+02, 6.190400854746501e+00, 3.482743725180626e-03, 5.464368623991808e-03, 3.601493726794918e-03, 7.009276002645495e-04, 5.739738860478004e-03, 4.671930260956287e-03, 2.349999966099858e-03, 5.533666741102934e-03, 2.602929106603066e-03, 2.663659164682031e-03, 5.367437247186899e-03, 4.558338209365805e-03, 3.57006000354886e-03, 4.541421215981245e-03, 4.836436934407552e+02, 1.108178259277344e+02, 6.088436915079753e+01, 6.906850280761719e+01, 6.405749801635743e+01, 6.121494522094726e+01, 8.233065859476726e+00, 3.771672025322914e-03, 3.961580169076721e-03, 1.796385059133172e-03, 4.301025085151195e-03, 2.680089386800925e-03, 7.988946170856555e-03, 3.958637174218893e-03, 2.75331078718106e-03, 3.335171633710464e-03, 3.251076284796e-03, 6.86699990183115e-03]
heaSys.heaSche.Pel_IDEAL[3]=[2.183162078857422e+02, 2.183162078857422e+02, 2.183162078857422e+02, 2.183162078857422e+02, 2.183162078857422e+02, 2.183162078857422e+02, 2.183162078857422e+02, 2.183162078857422e+02, 2.183162078857422e+02, 2.183162078857422e+02, 2.183162078857422e+02, 2.183162078857422e+02, 2.183162078857422e+02, 2.183162078857422e+02, 2.183162078857422e+02, 2.183162078857422e+02, 2.183162078857422e+02, 2.183162078857422e+02, 2.183162078857422e+02, 2.183162078857422e+02, 2.183162078857422e+02, 2.183162078857422e+02, 2.183162078857422e+02, 2.183162078857422e+02, 2.183162078857422e+02, 2.183162078857422e+02, 2.183162078857422e+02, 2.183162078857422e+02, 2.183162078857422e+02, 2.183162078857422e+02, 2.183162078857422e+02, 2.183162078857422e+02, 2.183162078857422e+02, 2.183162078857422e+02, 2.183162078857422e+02, 2.183162078857422e+02, 2.183162078857422e+02, 2.183162078857422e+02, 2.183162078857422e+02, 2.183162078857422e+02, 2.183162078857422e+02, 2.183162078857422e+02, 2.183162078857422e+02, 2.183162078857422e+02, 2.183162078857422e+02, 2.183162078857422e+02, 2.183162078857422e+02, 2.183162078857422e+02, 2.183162078857422e+02, 2.183162078857422e+02, 2.183162078857422e+02, 2.183162078857422e+02, 2.183162078857422e+02, 2.183162078857422e+02, 2.183162078857422e+02, 2.183162078857422e+02, 2.183162078857422e+02, 2.183162078857422e+02, 2.183162078857422e+02, 1.437343299357096e+02, 8.326061401367188e+01, 1.62660908203125e+02, 1.743271384317367e+02, 1.437606601715088e+02, 1.978478137207031e+02, 1.963321095784505e+02, 1.840036016845703e+02, 2.09896215616862e+02, 6.190400854746501e+00, 3.482743725180626e-03, 5.464368623991808e-03, 3.601493726794918e-03, 7.009276002645495e-04, 5.739738860478004e-03, 4.671930260956287e-03, 2.349999966099858e-03, 5.533666741102934e-03, 2.602929106603066e-03, 2.663659164682031e-03, 5.367437247186899e-03, 4.558338209365805e-03, 3.57006000354886e-03, 4.541421215981245e-03, 7.422104866536458e+02, 1.840092291259766e+02, 1.48614687093099e+02, 1.584789265950521e+02, 1.674950036621094e+02, 1.547437019856771e+02, 8.233065859476726e+00, 3.771672025322914e-03, 3.961580169076721e-03, 1.796385059133172e-03, 4.301025085151195e-03, 2.680089386800925e-03, 7.988946170856555e-03, 3.958637174218893e-03, 2.75331078718106e-03, 3.335171633710464e-03, 3.251076284796e-03, 6.86699990183115e-03]
heaSys.Qhea[4]=[7.5e+02, 7.5e+02, 4.112635201009115e+02, 3.253517309570312e+02, 2.967450459798177e+02, 2.82473779296875e+02, 2.739502380371094e+02, 2.684643668619792e+02, 2.647895572916667e+02, 2.622594470214844e+02, 2.604845011393229e+02, 2.59217490641276e+02, 2.582969311523437e+02, 2.576211039225261e+02, 2.571187438964844e+02, 2.567429260253906e+02, 2.564565694173177e+02, 2.562375858561198e+02, 2.5606990234375e+02, 2.559399373372396e+02, 2.558393625895182e+02, 2.557608135986328e+02, 2.556997139485677e+02, 2.556517303466797e+02, 2.556140594482422e+02, 2.555844523111979e+02, 2.555612953694661e+02, 2.555430615234375e+02, 2.555285990397136e+02, 2.555170458984375e+02, 2.555080230712891e+02, 2.555010089111328e+02, 2.554953558349609e+02, 2.554909539794922e+02, 2.554874845377604e+02, 2.554848347981771e+02, 2.554827783203125e+02, 2.554811114501953e+02, 2.55479800008138e+02, 2.554787524414062e+02, 2.554779652913411e+02, 2.554774499511719e+02, 2.554768762207031e+02, 2.554764660644531e+02, 2.554762544759114e+02, 2.554763671875e+02, 2.554759362792969e+02, 2.554757342529297e+02, 2.554756518554688e+02, 2.554757194010417e+02, 2.554757944742838e+02, 2.554755694580078e+02, 2.554754715983073e+02, 2.554755873616537e+02, 2.554755047607422e+02, 2.554755137125651e+02, 2.554754616292318e+02, 2.554756011962891e+02, 2.554755096435547e+02, 2.674916166178385e+02, 2.550075500488281e+02, 2.325806341552734e+02, 2.204164181068295e+02, 1.963226547241211e+02, 2.244742384847005e+02, 2.226069742838542e+02, 2.201906323242187e+02, 2.430789394124349e+02, 9.752881534894308e-01, 5.505538374185562e-02, 5.195364455382029e-02, 6.184483448664347e-02, 4.742465287446976e-02, 5.762286951144537e-02, 5.396102587381998e-02, 6.800000369548798e-02, 5.167586599787076e-02, 6.63365505139033e-02, 5.63154648244381e-02, 5.860327174266179e-02, 6.190045153101285e-02, 6.263795852661133e-02, 5.414900109171868e-02, 6.945306762695312e+02, 2.217635711669922e+02, 1.637496348063151e+02, 1.699498319498698e+02, 1.698457684326172e+02, 1.637567736816406e+02, 1.024191549619039e+00, 5.88746964931488e-02, 6.05575888355573e-02, 6.415272275606791e-02, 6.655989736318588e-02, 7.174693201979002e-02, 5.891634300351143e-02, 5.878492817282677e-02, 5.807839155197143e-02, 5.612119977672895e-02, 6.730084925889969e-02, 5.249999836087227e-02]
heaSys.heaSche.Pel_IDEAL[4]=[3.188374633789062e+02, 3.188374633789062e+02, 3.188374633789062e+02, 3.188374633789062e+02, 3.188374633789062e+02, 3.188374633789062e+02, 3.188374633789062e+02, 3.188374633789062e+02, 3.188374633789062e+02, 3.188374633789062e+02, 3.188374633789062e+02, 3.188374633789062e+02, 3.188374633789062e+02, 3.188374633789062e+02, 3.188374633789062e+02, 3.188374633789062e+02, 3.188374633789062e+02, 3.188374633789062e+02, 3.188374633789062e+02, 3.188374633789062e+02, 3.188374633789062e+02, 3.188374633789062e+02, 3.188374633789062e+02, 3.188374633789062e+02, 3.188374633789062e+02, 3.188374633789062e+02, 3.188374633789062e+02, 3.188374633789062e+02, 3.188374633789062e+02, 3.188374633789062e+02, 3.188374633789062e+02, 3.188374633789062e+02, 3.188374633789062e+02, 3.188374633789062e+02, 3.188374633789062e+02, 3.188374633789062e+02, 3.188374633789062e+02, 3.188374633789062e+02, 3.188374633789062e+02, 3.188374633789062e+02, 3.188374633789062e+02, 3.188374633789062e+02, 3.188374633789062e+02, 3.188374633789062e+02, 3.188374633789062e+02, 3.188374633789062e+02, 3.188374633789062e+02, 3.188374633789062e+02, 3.188374633789062e+02, 3.188374633789062e+02, 3.188374633789062e+02, 3.188374633789062e+02, 3.188374633789062e+02, 3.188374633789062e+02, 3.188374633789062e+02, 3.188374633789062e+02, 3.188374633789062e+02, 3.188374633789062e+02, 3.188374633789062e+02, 3.043249438476562e+02, 2.829982055664062e+02, 2.776407478841146e+02, 2.568080284243724e+02, 2.189292287826538e+02, 2.844235974121094e+02, 2.855980061848958e+02, 2.741242199707031e+02, 3.03363037109375e+02, 9.752881534894308e-01, 5.505538374185562e-02, 5.195364455382029e-02, 6.184483448664347e-02, 4.742465287446976e-02, 5.762286951144537e-02, 5.396102587381998e-02, 6.800000369548798e-02, 5.167586599787076e-02, 6.63365505139033e-02, 5.63154648244381e-02, 5.860327174266179e-02, 6.190045153101285e-02, 6.263795852661133e-02, 5.414900109171868e-02, 7.628140494791667e+02, 2.766561169433594e+02, 2.309833740234375e+02, 2.400625583902995e+02, 2.510734362792969e+02, 2.357335729980469e+02, 1.024191549619039e+00, 5.88746964931488e-02, 6.05575888355573e-02, 6.415272275606791e-02, 6.655989736318588e-02, 7.174693201979002e-02, 5.891634300351143e-02, 5.878492817282677e-02, 5.807839155197143e-02, 5.612119977672895e-02, 6.730084925889969e-02, 5.249999836087227e-02]
heaSys.Qhea[5]=[7.5e+02, 5.484589916992187e+02, 3.038635176595052e+02, 2.508851818847656e+02, 2.306736387125651e+02, 2.200255086263021e+02, 2.135289532470703e+02, 2.093214587402344e+02, 2.065077119954427e+02, 2.045826794433594e+02, 2.032471669514974e+02, 2.023050059000651e+02, 2.016306481933594e+02, 2.011430491129557e+02, 2.007856795247396e+02, 2.005228759765625e+02, 2.003239880371094e+02, 2.001751495361328e+02, 2.000618212890625e+02, 1.999746799723307e+02, 1.999080708821615e+02, 1.998562152099609e+02, 1.998162347412109e+02, 1.997846356201172e+02, 1.997610906982422e+02, 1.997411448160807e+02, 1.997261853027344e+02, 1.997153894042969e+02, 1.997051782226563e+02, 1.996976169840495e+02, 1.996921936035156e+02, 1.996877956136068e+02, 1.99685073038737e+02, 1.996815240478516e+02, 1.996789847819011e+02, 1.996774922688802e+02, 1.99675947265625e+02, 1.996745758056641e+02, 1.996742095947266e+02, 1.996733807373047e+02, 1.9967353515625e+02, 1.996724540201823e+02, 1.996719110107422e+02, 1.996719970703125e+02, 1.996723040771484e+02, 1.996718841552734e+02, 1.996713108317057e+02, 1.996712559000651e+02, 1.996715301513672e+02, 1.996712687174479e+02, 1.996714426676432e+02, 1.996713726806641e+02, 1.996706618245443e+02, 1.996708235677083e+02, 1.996708117675781e+02, 1.996711008707682e+02, 1.996709267171224e+02, 1.996705780029297e+02, 1.996709442138672e+02, 2.067719791666667e+02, 1.685664825439453e+02, 1.512184395345052e+02, 1.514601442931128e+02, 1.380005598068237e+02, 1.656001621500651e+02, 1.642431020100911e+02, 1.6305328125e+02, 1.753973909505208e+02, -1.326857588704427e+02, -1.062741342163086e+02, -7.496921895345052e+01, -8.617052856445312e+01, -5.135450134277344e+01, -7.775631429036459e+01, -8.115551483154297e+01, -8.960887908935547e+01, -5.91967827351888e+01, -6.372870396931966e+01, -6.020910858154297e+01, -8.391736623128256e+01, -7.847548014322916e+01, -6.872395446777344e+01, -5.79864638264974e+01, 7.5e+02, 4.776469482421875e+02, 3.260843017578125e+02, 3.090710388183594e+02, 2.664287353515625e+02, 2.77134843343099e+02, -8.563879302978516e+01, -5.65097152709961e+01, -8.600895334879557e+01, -6.965178639729818e+01, -7.943564910888672e+01, -6.423207478841145e+01, -2.708434727986654e+01, -2.71374235534668e+01, -3.396710398356119e+01, -3.755201497395834e+01, -4.31510969543457e+01, -3.695193862915039e+01]
heaSys.heaSche.Pel_IDEAL[5]=[1.542762908935547e+02, 1.542762908935547e+02, 1.542762908935547e+02, 1.542762908935547e+02, 1.542762908935547e+02, 1.542762908935547e+02, 1.542762908935547e+02, 1.542762908935547e+02, 1.542762908935547e+02, 1.542762908935547e+02, 1.542762908935547e+02, 1.542762908935547e+02, 1.542762908935547e+02, 1.542762908935547e+02, 1.542762908935547e+02, 1.542762908935547e+02, 1.542762908935547e+02, 1.542762908935547e+02, 1.542762908935547e+02, 1.542762908935547e+02, 1.542762908935547e+02, 1.542762908935547e+02, 1.542762908935547e+02, 1.542762908935547e+02, 1.542762908935547e+02, 1.542762908935547e+02, 1.542762908935547e+02, 1.542762908935547e+02, 1.542762908935547e+02, 1.542762908935547e+02, 1.542762908935547e+02, 1.542762908935547e+02, 1.542762908935547e+02, 1.542762908935547e+02, 1.542762908935547e+02, 1.542762908935547e+02, 1.542762908935547e+02, 1.542762908935547e+02, 1.542762908935547e+02, 1.542762908935547e+02, 1.542762908935547e+02, 1.542762908935547e+02, 1.542762908935547e+02, 1.542762908935547e+02, 1.542762908935547e+02, 1.542762908935547e+02, 1.542762908935547e+02, 1.542762908935547e+02, 1.542762908935547e+02, 1.542762908935547e+02, 1.542762908935547e+02, 1.542762908935547e+02, 1.542762908935547e+02, 1.542762908935547e+02, 1.542762908935547e+02, 1.542762908935547e+02, 1.542762908935547e+02, 1.542762908935547e+02, 1.542762908935547e+02, 1.358191180419922e+02, 1.060055679321289e+02, 1.060824329630534e+02, 1.154211313216413e+02, 1.156888723373413e+02, 1.327414410400391e+02, 1.37064501953125e+02, 1.38200712890625e+02, 1.311152852376302e+02, -1.326857588704427e+02, -1.062741342163086e+02, -7.496921895345052e+01, -8.617052856445312e+01, -5.135450134277344e+01, -7.775631429036459e+01, -8.115551483154297e+01, -8.960887908935547e+01, -5.91967827351888e+01, -6.372870396931966e+01, -6.020910858154297e+01, -8.391736623128256e+01, -7.847548014322916e+01, -6.872395446777344e+01, -5.79864638264974e+01, 5.628778295898437e+02, 1.653119317626953e+02, 1.289661488850911e+02, 1.222166645304362e+02, 1.128956085205078e+02, 1.227967681884766e+02, -8.563879302978516e+01, -5.65097152709961e+01, -8.600895334879557e+01, -6.965178639729818e+01, -7.943564910888672e+01, -6.423207478841145e+01, -2.708434727986654e+01, -2.71374235534668e+01, -3.396710398356119e+01, -3.755201497395834e+01, -4.31510969543457e+01, -3.695193862915039e+01]
heaSys.Qhea[6]=[7.5e+02, 3.809793265787761e+02, 2.170761468505859e+02, 1.801064306640625e+02, 1.683804565429687e+02, 1.630108520507812e+02, 1.598797003173828e+02, 1.578331699625651e+02, 1.564215812174479e+02, 1.554192980957031e+02, 1.54695166015625e+02, 1.541650583902995e+02, 1.537713031005859e+02, 1.534766870117188e+02, 1.53253657023112e+02, 1.530849792480469e+02, 1.529550815836589e+02, 1.528546813964844e+02, 1.527771618652344e+02, 1.527171346028646e+02, 1.52670068359375e+02, 1.526334851074219e+02, 1.52604658203125e+02, 1.52582167561849e+02, 1.525652941894531e+02, 1.525505930582682e+02, 1.525396956380208e+02, 1.525319781494141e+02, 1.525244053141276e+02, 1.525187982177735e+02, 1.525145812988281e+02, 1.525113897705078e+02, 1.525095635986328e+02, 1.525069262695312e+02, 1.525050691731771e+02, 1.52503721110026e+02, 1.525023541259766e+02, 1.525016748046875e+02, 1.52500766805013e+02, 1.525005303955078e+02, 1.525001098632812e+02, 1.524992504882813e+02, 1.524988305664062e+02, 1.524985721842448e+02, 1.524982106526693e+02, 1.524984680175781e+02, 1.524979897054037e+02, 1.524975185139974e+02, 1.524974615478516e+02, 1.52496703491211e+02, 1.52496571858724e+02, 1.524960168457031e+02, 1.524957590738932e+02, 1.524955629475911e+02, 1.524947833251953e+02, 1.52494687906901e+02, 1.52494380086263e+02, 1.524943646240234e+02, 1.524945886230469e+02, 1.628153108723958e+02, 1.519780029296875e+02, 1.412995540364583e+02, 1.355439703269083e+02, 1.21428474187851e+02, 1.459986393229167e+02, 1.396458424886068e+02, 1.355028448486328e+02, 1.541327789306641e+02, 1.045146072705587e+00, 4.484226673841477e-02, 4.613749831914902e-02, 5.083625862995783e-02, 3.42814264446497e-02, 4.716059635082881e-02, 5.112666507562001e-02, 4.749999940395355e-02, 4.94067553182443e-02, 5.113217338919639e-02, 5.052876874804497e-02, 4.983208333452543e-02, 5.118621413906415e-02, 5.475384652614593e-02, 5.211083089311917e-02, 7.5e+02, 3.340099255371094e+02, 2.366720876057943e+02, 2.402788616943359e+02, 2.312038330078125e+02, 2.21013803914388e+02, 1.071081395149231e+00, 4.74142849445343e-02, 4.643494894107183e-02, 4.726075887680053e-02, 4.494624972343444e-02, 6.009872640172641e-02, 4.670104036728541e-02, 5.412444978952408e-02, 4.715399886171023e-02, 4.835468272368113e-02, 4.906171262264251e-02, 5.000000074505806e-02]
heaSys.heaSche.Pel_IDEAL[6]=[1.628659973144531e+02, 1.628659973144531e+02, 1.628659973144531e+02, 1.628659973144531e+02, 1.628659973144531e+02, 1.628659973144531e+02, 1.628659973144531e+02, 1.628659973144531e+02, 1.628659973144531e+02, 1.628659973144531e+02, 1.628659973144531e+02, 1.628659973144531e+02, 1.628659973144531e+02, 1.628659973144531e+02, 1.628659973144531e+02, 1.628659973144531e+02, 1.628659973144531e+02, 1.628659973144531e+02, 1.628659973144531e+02, 1.628659973144531e+02, 1.628659973144531e+02, 1.628659973144531e+02, 1.628659973144531e+02, 1.628659973144531e+02, 1.628659973144531e+02, 1.628659973144531e+02, 1.628659973144531e+02, 1.628659973144531e+02, 1.628659973144531e+02, 1.628659973144531e+02, 1.628659973144531e+02, 1.628659973144531e+02, 1.628659973144531e+02, 1.628659973144531e+02, 1.628659973144531e+02, 1.628659973144531e+02, 1.628659973144531e+02, 1.628659973144531e+02, 1.628659973144531e+02, 1.628659973144531e+02, 1.628659973144531e+02, 1.628659973144531e+02, 1.628659973144531e+02, 1.628659973144531e+02, 1.628659973144531e+02, 1.628659973144531e+02, 1.628659973144531e+02, 1.628659973144531e+02, 1.628659973144531e+02, 1.628659973144531e+02, 1.628659973144531e+02, 1.628659973144531e+02, 1.628659973144531e+02, 1.628659973144531e+02, 1.628659973144531e+02, 1.628659973144531e+02, 1.628659973144531e+02, 1.628659973144531e+02, 1.628659973144531e+02, 1.611251334635417e+02, 1.502260772705078e+02, 1.376515087890625e+02, 1.373890563464556e+02, 1.212908692359924e+02, 1.483543298339844e+02, 1.512997863769531e+02, 1.400960803222656e+02, 1.498909788004557e+02, 1.045146072705587e+00, 4.484226673841477e-02, 4.613749831914902e-02, 5.083625862995783e-02, 3.42814264446497e-02, 4.716059635082881e-02, 5.112666507562001e-02, 4.749999940395355e-02, 4.94067553182443e-02, 5.113217338919639e-02, 5.052876874804497e-02, 4.983208333452543e-02, 5.118621413906415e-02, 5.475384652614593e-02, 5.211083089311917e-02, 4.214241422526042e+02, 1.320410803222656e+02, 1.07367919921875e+02, 1.174979822794596e+02, 1.271886199951172e+02, 1.195394449869792e+02, 1.071081395149231e+00, 4.74142849445343e-02, 4.643494894107183e-02, 4.726075887680053e-02, 4.494624972343444e-02, 6.009872640172641e-02, 4.670104036728541e-02, 5.412444978952408e-02, 4.715399886171023e-02, 4.835468272368113e-02, 4.906171262264251e-02, 5.000000074505806e-02]
