last-generated=2024-10-22
statistics-initialization=
{
  "linear": "0",
  "nonlinear": "2",
  "numerical Jacobians": "0"
}
statistics-simulation=
{
  "linear": "0",
  "nonlinear": "1",
  "number of continuous time states": "3",
  "numerical Jacobians": "0"
}
time=[0e+00, 1e+04]
zone.propsBus[1].surfCon.T=[2.931499938964844e+02, 2.932287902832031e+02, 2.9330126953125e+02, 2.93367919921875e+02, 2.934292602539062e+02, 2.934857177734375e+02, 2.935376586914062e+02, 2.935854187011719e+02, 2.9362939453125e+02, 2.936698303222656e+02, 2.937070617675781e+02, 2.937412719726562e+02, 2.937727966308594e+02, 2.938017578125e+02, 2.938284301757812e+02, 2.938529663085938e+02, 2.938755187988281e+02, 2.938963012695312e+02, 2.939154052734375e+02, 2.939329833984375e+02, 2.939491271972656e+02, 2.939640197753906e+02, 2.939776916503906e+02, 2.939902954101562e+02, 2.940018615722656e+02, 2.940125427246094e+02, 2.940223388671875e+02, 2.940313720703125e+02, 2.940396728515625e+02, 2.940473022460938e+02, 2.940543518066406e+02, 2.940608215332031e+02, 2.940667724609375e+02, 2.940722351074219e+02, 2.940772705078125e+02, 2.940819091796875e+02, 2.940861511230469e+02, 2.94090087890625e+02, 2.940936889648438e+02, 2.940970153808594e+02, 2.941000671386719e+02, 2.941028747558594e+02, 2.9410546875e+02, 2.941078491210938e+02, 2.941100158691406e+02, 2.941120300292969e+02, 2.941138916015625e+02, 2.941156005859375e+02, 2.941171569824219e+02, 2.941185913085938e+02, 2.941199340820312e+02, 2.941211547851562e+02, 2.941222839355469e+02, 2.941233215332031e+02, 2.94124267578125e+02, 2.941251525878906e+02, 2.941259460449219e+02, 2.941266784667969e+02, 2.941273498535156e+02, 2.941279907226562e+02, 2.941285705566406e+02, 2.941290893554688e+02, 2.941295776367188e+02, 2.941300354003906e+02, 2.941304321289062e+02, 2.941308288574219e+02, 2.941311645507812e+02, 2.941315002441406e+02, 2.941318054199219e+02, 2.941320495605469e+02, 2.9413232421875e+02, 2.941325378417969e+02, 2.941327514648438e+02, 2.941329345703125e+02, 2.941331176757812e+02, 2.9413330078125e+02, 2.941334533691406e+02, 2.941335754394531e+02, 2.941337280273438e+02, 2.941338195800781e+02, 2.941339416503906e+02, 2.94134033203125e+02, 2.941341247558594e+02, 2.941342163085938e+02, 2.941343078613281e+02, 2.941343688964844e+02, 2.941344299316406e+02, 2.941344909667969e+02, 2.941345520019531e+02, 2.941346130371094e+02, 2.941346435546875e+02, 2.941347045898438e+02, 2.941347351074219e+02, 2.94134765625e+02, 2.941347961425781e+02, 2.941348266601562e+02, 2.941348571777344e+02, 2.941348876953125e+02, 2.941349182128906e+02, 2.941349487304688e+02, 2.941349487304688e+02]
zone.propsBus[2].surfCon.T=[2.931499938964844e+02, 2.932287902832031e+02, 2.9330126953125e+02, 2.93367919921875e+02, 2.934292602539062e+02, 2.934857177734375e+02, 2.935376586914062e+02, 2.935854187011719e+02, 2.9362939453125e+02, 2.936698303222656e+02, 2.937070617675781e+02, 2.937412719726562e+02, 2.937727966308594e+02, 2.938017578125e+02, 2.938284301757812e+02, 2.938529663085938e+02, 2.938755187988281e+02, 2.938963012695312e+02, 2.939154052734375e+02, 2.939329833984375e+02, 2.939491271972656e+02, 2.939640197753906e+02, 2.939776916503906e+02, 2.939902954101562e+02, 2.940018615722656e+02, 2.940125427246094e+02, 2.940223388671875e+02, 2.940313720703125e+02, 2.940396728515625e+02, 2.940473022460938e+02, 2.940543518066406e+02, 2.940608215332031e+02, 2.940667724609375e+02, 2.940722351074219e+02, 2.940772705078125e+02, 2.940819091796875e+02, 2.940861511230469e+02, 2.94090087890625e+02, 2.940936889648438e+02, 2.940970153808594e+02, 2.941000671386719e+02, 2.941028747558594e+02, 2.9410546875e+02, 2.941078491210938e+02, 2.941100158691406e+02, 2.941120300292969e+02, 2.941138916015625e+02, 2.941156005859375e+02, 2.941171569824219e+02, 2.941185913085938e+02, 2.941199340820312e+02, 2.941211547851562e+02, 2.941222839355469e+02, 2.941233215332031e+02, 2.94124267578125e+02, 2.941251525878906e+02, 2.941259460449219e+02, 2.941266784667969e+02, 2.941273498535156e+02, 2.941279907226562e+02, 2.941285705566406e+02, 2.941290893554688e+02, 2.941295776367188e+02, 2.941300354003906e+02, 2.941304321289062e+02, 2.941308288574219e+02, 2.941311645507812e+02, 2.941315002441406e+02, 2.941318054199219e+02, 2.941320495605469e+02, 2.9413232421875e+02, 2.941325378417969e+02, 2.941327514648438e+02, 2.941329345703125e+02, 2.941331176757812e+02, 2.9413330078125e+02, 2.941334533691406e+02, 2.941335754394531e+02, 2.941337280273438e+02, 2.941338195800781e+02, 2.941339416503906e+02, 2.94134033203125e+02, 2.941341247558594e+02, 2.941342163085938e+02, 2.941343078613281e+02, 2.941343688964844e+02, 2.941344299316406e+02, 2.941344909667969e+02, 2.941345520019531e+02, 2.941346130371094e+02, 2.941346435546875e+02, 2.941347045898438e+02, 2.941347351074219e+02, 2.94134765625e+02, 2.941347961425781e+02, 2.941348266601562e+02, 2.941348571777344e+02, 2.941348876953125e+02, 2.941349182128906e+02, 2.941349487304688e+02, 2.941349487304688e+02]
zone.gainRad.T=[2.991499938964844e+02, 2.991499938964844e+02]
zone.propsBus[1].surfRad.T=[3.031499938964844e+02, 3.031499938964844e+02]
zone.propsBus[2].surfRad.T=[2.931499938964844e+02, 2.931499938964844e+02]
zone.propsBus[1].iSolDir.T=[2.991499938964844e+02, 2.991499938964844e+02]
zone.propsBus[1].iSolDif.T=[2.991499938964844e+02, 2.991499938964844e+02]
zone.propsBus[2].surfRad.Q_flow=[-2.581213134765625e+03, -2.581213134765625e+03]
zone.propsBus[1].surfRad.Q_flow=[2.471213134765625e+03, 2.471213134765625e+03]
zone.propsBus[2].surfCon.Q_flow=[1e+02, 1e+02, 1e+02, 1e+02, 1e+02, 1e+02, 1e+02, 1e+02, 1e+02, 1e+02, 1e+02, 1e+02, 1e+02, 1e+02, 1e+02, 1e+02, 1e+02, 1e+02, 1e+02, 1e+02, 1e+02, 1e+02, 1e+02, 1e+02, 1e+02, 1e+02, 1e+02, 1e+02, 1e+02, 1e+02, 1e+02, 1e+02, 1e+02, 1e+02, 1e+02, 1e+02, 1e+02, 1e+02, 1e+02, 1e+02, 1e+02, 1e+02, 1e+02, 1e+02, 1e+02, 1e+02, 1e+02, 1e+02, 1e+02, 1e+02, 1e+02, 1e+02, 1e+02, 1e+02, 1e+02, 1e+02, 1e+02, 1e+02, 1e+02, 1e+02, 1e+02, 1e+02, 1e+02, 1e+02, 1e+02, 1e+02, 1e+02, 1e+02, 1e+02, 1e+02, 1e+02, 1e+02, 1e+02, 1e+02, 1e+02, 1e+02, 1e+02, 1e+02, 1e+02, 1e+02, 1e+02, 1e+02, 1e+02, 1e+02, 1e+02, 1e+02, 1e+02, 1e+02, 1e+02, 1e+02, 1e+02, 1e+02, 1e+02, 1e+02, 1e+02, 1e+02, 1e+02, 1e+02, 1e+02, 1e+02, 1e+02]
zone.propsBus[1].surfCon.Q_flow=[0e+00, 0e+00, 0e+00, 0e+00, 0e+00, 0e+00, 0e+00, 0e+00, 0e+00, 0e+00, 0e+00, 0e+00, 0e+00, 0e+00, 0e+00, 0e+00, 0e+00, 0e+00, 0e+00, 0e+00, 0e+00, 0e+00, 0e+00, 0e+00, 0e+00, 0e+00, 0e+00, 0e+00, 0e+00, 0e+00, 0e+00, 0e+00, 0e+00, 0e+00, 0e+00, 0e+00, 0e+00, 0e+00, 0e+00, 0e+00, 0e+00, 0e+00, 0e+00, 0e+00, 0e+00, 0e+00, 0e+00, 0e+00, 0e+00, 0e+00, 0e+00, 0e+00, 0e+00, 0e+00, 0e+00, 0e+00, 0e+00, 0e+00, 0e+00, 0e+00, 0e+00, 0e+00, 0e+00, 0e+00, 0e+00, 0e+00, 0e+00, 0e+00, 0e+00, 0e+00, 0e+00, 0e+00, 0e+00, 0e+00, 0e+00, 0e+00, 0e+00, 0e+00, 0e+00, 0e+00, 0e+00, 0e+00, 0e+00, 0e+00, 0e+00, 0e+00, 0e+00, 0e+00, 0e+00, 0e+00, 0e+00, 0e+00, 0e+00, 0e+00, 0e+00, 0e+00, 0e+00, 0e+00, 0e+00, 0e+00, 0e+00]
