last-generated=2022-04-28
statistics-initialization=
{
  "nonlinear": "7, 6, 7, 6",
  "numerical Jacobians": "0"
}
statistics-simulation=
{
  "linear": "0, 0, 0, 0, 0, 0, 0, 0, 0, 0, 0, 0, 0, 0, 0, 4, 0, 0, 0, 0, 0, 0, 0, 0, 0, 0, 0,   0, 0, 0, 0, 0, 0, 0, 0, 0, 0, 0, 0, 0, 4, 0, 0, 0, 0, 0, 0, 0, 0, 0",
  "nonlinear": "1",
  "number of continuous time states": "114",
  "numerical Jacobians": "0"
}
time=[0e+00, 1e+06]
zone1_a.TSensor=[2.931499938964844e+02, 2.912509765625e+02, 2.905048828125e+02, 2.898206481933594e+02, 2.896208801269531e+02, 2.891181030273438e+02, 2.886369934082031e+02, 2.879980163574219e+02, 2.873099365234375e+02, 2.866567077636719e+02, 2.860494995117188e+02, 2.854667358398438e+02, 2.853424377441406e+02, 2.8910693359375e+02, 2.9164453125e+02, 2.89669677734375e+02, 2.886429138183594e+02, 2.878225402832031e+02, 2.8707958984375e+02, 2.863873596191406e+02, 2.857122497558594e+02, 2.861080322265625e+02, 2.889400634765625e+02, 2.887697143554688e+02, 2.874454650878906e+02, 2.865934753417969e+02, 2.857960510253906e+02, 2.850957641601562e+02, 2.844806213378906e+02, 2.839634399414062e+02, 2.848948974609375e+02, 2.865313415527344e+02, 2.851379699707031e+02, 2.843671264648438e+02, 2.838340759277344e+02, 2.833736877441406e+02, 2.829970703125e+02, 2.827093505859375e+02, 2.827138366699219e+02, 2.834444580078125e+02, 2.836331481933594e+02, 2.829642639160156e+02, 2.825123901367188e+02, 2.820972595214844e+02, 2.816445617675781e+02, 2.812678833007812e+02, 2.809575500488281e+02, 2.816100158691406e+02, 2.832035522460938e+02, 2.82843505859375e+02, 2.821922607421875e+02, 2.818162231445312e+02, 2.814869079589844e+02, 2.811663818359375e+02, 2.806829223632812e+02, 2.805938415527344e+02, 2.807923278808594e+02, 2.809398498535156e+02, 2.808793029785156e+02, 2.808457946777344e+02, 2.808499145507812e+02, 2.809397888183594e+02, 2.807283935546875e+02, 2.804058227539062e+02, 2.812657165527344e+02, 2.846021423339844e+02, 2.861169128417969e+02, 2.846944580078125e+02, 2.840596313476562e+02, 2.83515380859375e+02, 2.829582214355469e+02, 2.825064086914062e+02, 2.820321960449219e+02, 2.836589050292969e+02, 2.870059814453125e+02, 2.87076904296875e+02, 2.857208557128906e+02, 2.849268493652344e+02, 2.842440795898438e+02, 2.836377563476562e+02, 2.829802551269531e+02, 2.824955749511719e+02, 2.830013122558594e+02, 2.836817626953125e+02, 2.8284716796875e+02, 2.822066955566406e+02, 2.816519470214844e+02, 2.811581420898438e+02, 2.807702941894531e+02, 2.804638977050781e+02, 2.804362182617188e+02, 2.818184204101562e+02, 2.821586303710938e+02, 2.816438903808594e+02, 2.814026184082031e+02, 2.811497192382812e+02, 2.809275207519531e+02, 2.807289428710938e+02, 2.804831237792969e+02, 2.813079528808594e+02, 2.811994323730469e+02]
zone1_b.TSensor=[2.931499938964844e+02, 2.913251647949219e+02, 2.906157531738281e+02, 2.899634094238281e+02, 2.897358093261719e+02, 2.892420043945312e+02, 2.88771484375e+02, 2.881584777832031e+02, 2.87499267578125e+02, 2.868732299804688e+02, 2.862898254394531e+02, 2.857284545898438e+02, 2.855946960449219e+02, 2.888186645507812e+02, 2.907601928710938e+02, 2.88859375e+02, 2.878466796875e+02, 2.870421447753906e+02, 2.863267822265625e+02, 2.856670532226562e+02, 2.850292053222656e+02, 2.853626098632812e+02, 2.877562866210938e+02, 2.874444580078125e+02, 2.86207763671875e+02, 2.853952941894531e+02, 2.846438293457031e+02, 2.840003662109375e+02, 2.834423522949219e+02, 2.829865417480469e+02, 2.838318786621094e+02, 2.851783447265625e+02, 2.83880859375e+02, 2.831719055175781e+02, 2.826995239257812e+02, 2.822995300292969e+02, 2.819775390625e+02, 2.817477416992188e+02, 2.817891235351562e+02, 2.82454833984375e+02, 2.826029663085938e+02, 2.820016174316406e+02, 2.816034545898438e+02, 2.812405090332031e+02, 2.808446655273438e+02, 2.805180969238281e+02, 2.802552490234375e+02, 2.808616027832031e+02, 2.822506713867188e+02, 2.818748168945312e+02, 2.812738952636719e+02, 2.809320678710938e+02, 2.806400756835938e+02, 2.803601989746094e+02, 2.799295349121094e+02, 2.798770446777344e+02, 2.800935668945312e+02, 2.80259033203125e+02, 2.802313537597656e+02, 2.802321472167969e+02, 2.802699279785156e+02, 2.803904418945312e+02, 2.802203674316406e+02, 2.799289245605469e+02, 2.80732666015625e+02, 2.835709228515625e+02, 2.8470849609375e+02, 2.833945007324219e+02, 2.828249206542969e+02, 2.823228759765625e+02, 2.8181005859375e+02, 2.81402099609375e+02, 2.809745788574219e+02, 2.824275817871094e+02, 2.852054138183594e+02, 2.850789794921875e+02, 2.838775329589844e+02, 2.831589050292969e+02, 2.825445556640625e+02, 2.820094909667969e+02, 2.814271240234375e+02, 2.810184936523438e+02, 2.815044555664062e+02, 2.821170654296875e+02, 2.813672790527344e+02, 2.807910766601562e+02, 2.803120422363281e+02, 2.799089660644531e+02, 2.795939636230469e+02, 2.793589782714844e+02, 2.793840026855469e+02, 2.806619873046875e+02, 2.809710388183594e+02, 2.805484313964844e+02, 2.803689575195312e+02, 2.801706848144531e+02, 2.800031433105469e+02, 2.798556518554688e+02, 2.796626281738281e+02, 2.804331665039062e+02, 2.803468627929688e+02]
zone2_a.TSensor=[2.931499938964844e+02, 2.920052185058594e+02, 2.914457702636719e+02, 2.909053039550781e+02, 2.904194641113281e+02, 2.899908752441406e+02, 2.895780029296875e+02, 2.89094970703125e+02, 2.885617370605469e+02, 2.880326843261719e+02, 2.875144958496094e+02, 2.870057373046875e+02, 2.865375671386719e+02, 2.863422546386719e+02, 2.862384033203125e+02, 2.859468383789062e+02, 2.855728149414062e+02, 2.851954650878906e+02, 2.8481201171875e+02, 2.844306640625e+02, 2.840354614257812e+02, 2.837270812988281e+02, 2.836955871582031e+02, 2.836041870117188e+02, 2.833445129394531e+02, 2.830039978027344e+02, 2.826257629394531e+02, 2.822799682617188e+02, 2.819584350585938e+02, 2.817004699707031e+02, 2.815608825683594e+02, 2.814874877929688e+02, 2.812473449707031e+02, 2.809826049804688e+02, 2.80787109375e+02, 2.806087341308594e+02, 2.804647216796875e+02, 2.80374755859375e+02, 2.803183288574219e+02, 2.803292541503906e+02, 2.8031494140625e+02, 2.801995239257812e+02, 2.800479125976562e+02, 2.798854675292969e+02, 2.796861267089844e+02, 2.795106201171875e+02, 2.793658142089844e+02, 2.79276611328125e+02, 2.794000549316406e+02, 2.793853759765625e+02, 2.792423706054688e+02, 2.79136962890625e+02, 2.790386962890625e+02, 2.789287109375e+02, 2.787166137695312e+02, 2.787242126464844e+02, 2.788347778320312e+02, 2.789764709472656e+02, 2.790541687011719e+02, 2.791308898925781e+02, 2.792180786132812e+02, 2.793514709472656e+02, 2.793185424804688e+02, 2.791371154785156e+02, 2.79099853515625e+02, 2.793885192871094e+02, 2.795967712402344e+02, 2.79541748046875e+02, 2.7946337890625e+02, 2.793586120605469e+02, 2.792012329101562e+02, 2.790861511230469e+02, 2.789233093261719e+02, 2.788968811035156e+02, 2.791343994140625e+02, 2.793198547363281e+02, 2.792183532714844e+02, 2.790752258300781e+02, 2.789336242675781e+02, 2.787943420410156e+02, 2.785853271484375e+02, 2.784328308105469e+02, 2.784278869628906e+02, 2.785459899902344e+02, 2.784268493652344e+02, 2.782178344726562e+02, 2.780237731933594e+02, 2.778727416992188e+02, 2.777493286132812e+02, 2.776694030761719e+02, 2.776603698730469e+02, 2.779915161132812e+02, 2.781946411132812e+02, 2.782297668457031e+02, 2.782574462890625e+02, 2.782361145019531e+02, 2.782280578613281e+02, 2.782202758789062e+02, 2.781733093261719e+02, 2.782862854003906e+02, 2.784279479980469e+02]
zone2_b.TSensor=[2.931499938964844e+02, 2.918678283691406e+02, 2.912428588867188e+02, 2.906432800292969e+02, 2.901768798828125e+02, 2.897214660644531e+02, 2.892828979492188e+02, 2.887528686523438e+02, 2.881663513183594e+02, 2.875871276855469e+02, 2.87024169921875e+02, 2.864747009277344e+02, 2.860214538574219e+02, 2.866036682128906e+02, 2.873905944824219e+02, 2.868780517578125e+02, 2.863563232421875e+02, 2.859079895019531e+02, 2.854669189453125e+02, 2.850297241210938e+02, 2.845811767578125e+02, 2.843742370605469e+02, 2.850934143066406e+02, 2.851823120117188e+02, 2.846865844726562e+02, 2.842278747558594e+02, 2.83758544921875e+02, 2.833366394042969e+02, 2.829468078613281e+02, 2.826240539550781e+02, 2.826485595703125e+02, 2.83090576171875e+02, 2.826278991699219e+02, 2.822441711425781e+02, 2.8197314453125e+02, 2.817262573242188e+02, 2.815160522460938e+02, 2.813683471679688e+02, 2.812884826660156e+02, 2.8144873046875e+02, 2.815322265625e+02, 2.812824401855469e+02, 2.810513916015625e+02, 2.808215637207031e+02, 2.805558471679688e+02, 2.803200378417969e+02, 2.801219177246094e+02, 2.801193542480469e+02, 2.806160583496094e+02, 2.806155090332031e+02, 2.803495788574219e+02, 2.801727905273438e+02, 2.80014404296875e+02, 2.798505859375e+02, 2.795667724609375e+02, 2.795406799316406e+02, 2.796422119140625e+02, 2.797651672363281e+02, 2.798074340820312e+02, 2.798500366210938e+02, 2.799086303710938e+02, 2.800275573730469e+02, 2.799498901367188e+02, 2.797365417480469e+02, 2.798115844726562e+02, 2.808233947753906e+02, 2.815455932617188e+02, 2.813070373535156e+02, 2.811385498046875e+02, 2.809425964355469e+02, 2.806880187988281e+02, 2.804817504882812e+02, 2.802339172363281e+02, 2.80541259765625e+02, 2.816124572753906e+02, 2.82007080078125e+02, 2.816705627441406e+02, 2.8138427734375e+02, 2.811072387695312e+02, 2.808389892578125e+02, 2.805015563964844e+02, 2.802493591308594e+02, 2.803194274902344e+02, 2.805909118652344e+02, 2.803299255371094e+02, 2.79987548828125e+02, 2.79687744140625e+02, 2.794354248046875e+02, 2.792220153808594e+02, 2.790588073730469e+02, 2.789951782226562e+02, 2.794886779785156e+02, 2.797356262207031e+02, 2.796768493652344e+02, 2.796318359375e+02, 2.795469970703125e+02, 2.794733581542969e+02, 2.794022216796875e+02, 2.792932739257812e+02, 2.7950439453125e+02, 2.79607177734375e+02]
