last-generated=2025-02-27
statistics-initialization=
{
  "nonlinear": "23, 12, 8, 8, 8, 25, 11, 13, 9, 6, 11",
  "numerical Jacobians": "0"
}
statistics-simulation=
{
  "linear": "0, 0, 0, 0, 0, 0, 0, 0, 0, 0, 0, 0, 0, 0, 0, 0, 0, 0, 0, 4, 0, 0, 0, 0, 0, 0, 0,   0, 0, 0, 0, 0, 0, 0, 0, 0, 0, 0, 0, 0, 0, 4, 4, 4, 0, 0, 0, 0, 0, 0, 0, 0, 0,   0, 4, 4, 4, 4, 0, 0, 0, 0, 0, 0, 0, 0, 0, 0, 0, 0, 4, 0, 0, 4, 4, 4, 0, 0, 0,   0, 0, 0, 0, 0, 0, 0, 0, 0, 0, 0, 0, 0, 0, 0, 0, 0, 0, 4, 0, 0, 0, 0, 0, 0, 0,   0, 0, 0, 0, 0, 0, 0, 0, 0, 0, 0, 0, 0, 0, 0, 4, 0, 0, 0, 0, 0, 0, 0, 0, 0, 0,   0, 0, 0, 0, 0, 0, 0, 0, 0, 0, 0, 0, 0, 0, 0, 0, 0, 0, 0",
  "nonlinear": "11, 1",
  "number of continuous time states": "583",
  "numerical Jacobians": "0"
}
time=[0e+00, 6.048e+05]
zone__kitchen.TSensor=[2.949896240234375e+02, 2.941492004394531e+02, 2.939806518554688e+02, 2.938128356933594e+02, 2.936698608398438e+02, 2.934669799804688e+02, 2.935454406738281e+02, 2.934786682128906e+02, 2.933472290039062e+02, 2.933665771484375e+02, 2.93436279296875e+02, 2.933628234863281e+02, 2.932310485839844e+02, 2.930960998535156e+02, 2.9297802734375e+02, 2.928568115234375e+02, 2.927572631835938e+02, 2.926622619628906e+02, 2.925625915527344e+02, 2.924688720703125e+02, 2.927612915039062e+02, 2.941032104492188e+02, 2.951492004394531e+02, 2.954766845703125e+02, 2.948103942871094e+02, 2.940569458007812e+02, 2.93732421875e+02, 2.935344543457031e+02, 2.933779907226562e+02, 2.932333679199219e+02, 2.930957946777344e+02, 2.929515686035156e+02, 2.9278125e+02, 2.926509704589844e+02, 2.926005249023438e+02, 2.9318701171875e+02, 2.941920776367188e+02, 2.944501953125e+02, 2.940682373046875e+02, 2.93450439453125e+02, 2.931579895019531e+02, 2.929779357910156e+02, 2.927598571777344e+02, 2.925820617675781e+02, 2.92361572265625e+02, 2.922216491699219e+02, 2.920910949707031e+02, 2.919964294433594e+02, 2.918858947753906e+02, 2.920784606933594e+02, 2.927995300292969e+02, 2.932573852539062e+02, 2.927001953125e+02, 2.923013610839844e+02, 2.918192443847656e+02, 2.915461120605469e+02, 2.913778686523438e+02, 2.913324279785156e+02, 2.911743774414062e+02, 2.911748962402344e+02, 2.911461181640625e+02, 2.91030517578125e+02, 2.910299377441406e+02, 2.911605834960938e+02, 2.913809509277344e+02, 2.915583190917969e+02, 2.914961547851562e+02, 2.911998901367188e+02, 2.909853820800781e+02, 2.907276916503906e+02, 2.905235290527344e+02, 2.904992065429688e+02, 2.903744201660156e+02, 2.901697998046875e+02, 2.900668029785156e+02, 2.899707641601562e+02, 2.898749084472656e+02, 2.899290771484375e+02, 2.903903198242188e+02, 2.908472290039062e+02, 2.909278259277344e+02, 2.904864807128906e+02, 2.902440490722656e+02, 2.901067504882812e+02, 2.899927673339844e+02, 2.8989599609375e+02, 2.898004760742188e+02, 2.897159729003906e+02, 2.896187438964844e+02, 2.893517456054688e+02, 2.892532348632812e+02, 2.892556457519531e+02, 2.892737731933594e+02, 2.892728881835938e+02, 2.892385864257812e+02, 2.890738830566406e+02, 2.888434753417969e+02, 2.888009948730469e+02, 2.887421264648438e+02, 2.886623840332031e+02, 2.886359558105469e+02]
zone__entrance.TSensor=[2.951004638671875e+02, 2.948739624023438e+02, 2.947640686035156e+02, 2.946799926757812e+02, 2.945937805175781e+02, 2.944898986816406e+02, 2.944427490234375e+02, 2.943727416992188e+02, 2.943115234375e+02, 2.942273864746094e+02, 2.941526794433594e+02, 2.940745849609375e+02, 2.9393115234375e+02, 2.938587951660156e+02, 2.937686462402344e+02, 2.936768798828125e+02, 2.936034545898438e+02, 2.935349426269531e+02, 2.934546508789062e+02, 2.933793640136719e+02, 2.933180236816406e+02, 2.933817749023438e+02, 2.935171813964844e+02, 2.936623840332031e+02, 2.937250061035156e+02, 2.936560668945312e+02, 2.935913391113281e+02, 2.93510009765625e+02, 2.9344970703125e+02, 2.933721618652344e+02, 2.932947692871094e+02, 2.93220458984375e+02, 2.931771240234375e+02, 2.930771179199219e+02, 2.930020141601562e+02, 2.929993896484375e+02, 2.930921020507812e+02, 2.931792602539062e+02, 2.932191162109375e+02, 2.931481323242188e+02, 2.930634155273438e+02, 2.929925537109375e+02, 2.929105224609375e+02, 2.92844482421875e+02, 2.927602233886719e+02, 2.926947937011719e+02, 2.926200561523438e+02, 2.925421752929688e+02, 2.924427795410156e+02, 2.92397705078125e+02, 2.923751525878906e+02, 2.923916625976562e+02, 2.924173889160156e+02, 2.923421020507812e+02, 2.92286865234375e+02, 2.92191650390625e+02, 2.920848388671875e+02, 2.920120239257812e+02, 2.919319763183594e+02, 2.918830261230469e+02, 2.917971496582031e+02, 2.917252197265625e+02, 2.916255798339844e+02, 2.91562255859375e+02, 2.915867614746094e+02, 2.915985107421875e+02, 2.915445556640625e+02, 2.915138244628906e+02, 2.914381713867188e+02, 2.9136328125e+02, 2.912545166015625e+02, 2.911860961914062e+02, 2.910826110839844e+02, 2.910159606933594e+02, 2.909674072265625e+02, 2.909050598144531e+02, 2.908375854492188e+02, 2.907964782714844e+02, 2.9080224609375e+02, 2.908261108398438e+02, 2.90872314453125e+02, 2.908582763671875e+02, 2.907943115234375e+02, 2.907174072265625e+02, 2.906501159667969e+02, 2.905845642089844e+02, 2.905214233398438e+02, 2.904571533203125e+02, 2.903912658691406e+02, 2.903038330078125e+02, 2.902318725585938e+02, 2.901784973144531e+02, 2.901575927734375e+02, 2.901416320800781e+02, 2.901090087890625e+02, 2.900540466308594e+02, 2.899615783691406e+02, 2.89887451171875e+02, 2.898291015625e+02, 2.897484130859375e+02, 2.896885681152344e+02]
zone__hallway.TSensor=[2.951499938964844e+02, 2.950768737792969e+02, 2.9503466796875e+02, 2.949697875976562e+02, 2.949032287597656e+02, 2.948186950683594e+02, 2.947636108398438e+02, 2.947064514160156e+02, 2.946465148925781e+02, 2.946138610839844e+02, 2.945770263671875e+02, 2.9452099609375e+02, 2.944542846679688e+02, 2.943902587890625e+02, 2.943181457519531e+02, 2.942435302734375e+02, 2.94168701171875e+02, 2.940936889648438e+02, 2.940192260742188e+02, 2.939447326660156e+02, 2.938733215332031e+02, 2.938699340820312e+02, 2.939371948242188e+02, 2.940494995117188e+02, 2.941222534179688e+02, 2.9410546875e+02, 2.940477600097656e+02, 2.939828796386719e+02, 2.939132995605469e+02, 2.938449401855469e+02, 2.937778625488281e+02, 2.937112426757812e+02, 2.936407470703125e+02, 2.935722351074219e+02, 2.935046081542969e+02, 2.934566650390625e+02, 2.934707336425781e+02, 2.935368041992188e+02, 2.935775451660156e+02, 2.9355810546875e+02, 2.935001220703125e+02, 2.934319458007812e+02, 2.933642272949219e+02, 2.932895202636719e+02, 2.932162475585938e+02, 2.931431884765625e+02, 2.930702819824219e+02, 2.929989624023438e+02, 2.929271850585938e+02, 2.928639831542969e+02, 2.928380737304688e+02, 2.928569641113281e+02, 2.928814392089844e+02, 2.928347473144531e+02, 2.92743408203125e+02, 2.926431274414062e+02, 2.92556396484375e+02, 2.924896850585938e+02, 2.924014587402344e+02, 2.923435363769531e+02, 2.922778625488281e+02, 2.922049560546875e+02, 2.92144287109375e+02, 2.920752563476562e+02, 2.920345458984375e+02, 2.920108032226562e+02, 2.919850769042969e+02, 2.919493408203125e+02, 2.918919372558594e+02, 2.918165893554688e+02, 2.917348937988281e+02, 2.916743774414062e+02, 2.916035461425781e+02, 2.915163269042969e+02, 2.9144140625e+02, 2.913648986816406e+02, 2.912898864746094e+02, 2.912253723144531e+02, 2.911830139160156e+02, 2.911849365234375e+02, 2.911952514648438e+02, 2.911763916015625e+02, 2.911381530761719e+02, 2.910830383300781e+02, 2.910217590332031e+02, 2.909603576660156e+02, 2.908988342285156e+02, 2.908381042480469e+02, 2.907771301269531e+02, 2.906947326660156e+02, 2.906217041015625e+02, 2.905648193359375e+02, 2.904971313476562e+02, 2.904441528320312e+02, 2.90390380859375e+02, 2.903165893554688e+02, 2.902167053222656e+02, 2.901588134765625e+02, 2.901029052734375e+02, 2.900303955078125e+02, 2.89975830078125e+02]
zone__storage.TSensor=[2.951499938964844e+02, 2.950523986816406e+02, 2.950049133300781e+02, 2.949664611816406e+02, 2.949199829101562e+02, 2.948484802246094e+02, 2.948079833984375e+02, 2.947318725585938e+02, 2.946715087890625e+02, 2.945984802246094e+02, 2.945141296386719e+02, 2.944386291503906e+02, 2.943350830078125e+02, 2.941998291015625e+02, 2.941291198730469e+02, 2.940459594726562e+02, 2.940192565917969e+02, 2.939871215820312e+02, 2.939330749511719e+02, 2.938504943847656e+02, 2.937929077148438e+02, 2.937539367675781e+02, 2.937431640625e+02, 2.937170104980469e+02, 2.936864013671875e+02, 2.936640625e+02, 2.936632995605469e+02, 2.936013488769531e+02, 2.935849304199219e+02, 2.935390014648438e+02, 2.934996643066406e+02, 2.934505310058594e+02, 2.934271240234375e+02, 2.933665466308594e+02, 2.932781372070312e+02, 2.932509460449219e+02, 2.932244873046875e+02, 2.93191162109375e+02, 2.931788635253906e+02, 2.930877380371094e+02, 2.930550842285156e+02, 2.930463562011719e+02, 2.929694213867188e+02, 2.929718933105469e+02, 2.929468688964844e+02, 2.928907470703125e+02, 2.928335571289062e+02, 2.927747802734375e+02, 2.927177429199219e+02, 2.926504516601562e+02, 2.925627746582031e+02, 2.924957885742188e+02, 2.925041809082031e+02, 2.924715270996094e+02, 2.924640502929688e+02, 2.924146728515625e+02, 2.923340759277344e+02, 2.922880249023438e+02, 2.922217407226562e+02, 2.921909484863281e+02, 2.921106872558594e+02, 2.92048828125e+02, 2.919542236328125e+02, 2.918382873535156e+02, 2.918300476074219e+02, 2.917940063476562e+02, 2.917506103515625e+02, 2.917394714355469e+02, 2.916968383789062e+02, 2.91652099609375e+02, 2.915728759765625e+02, 2.9152490234375e+02, 2.914477233886719e+02, 2.914031372070312e+02, 2.913751525878906e+02, 2.913315734863281e+02, 2.912765808105469e+02, 2.9121044921875e+02, 2.911639099121094e+02, 2.911404724121094e+02, 2.911308288574219e+02, 2.911054382324219e+02, 2.910556335449219e+02, 2.910028991699219e+02, 2.909515075683594e+02, 2.908995056152344e+02, 2.908473815917969e+02, 2.907947082519531e+02, 2.907392272949219e+02, 2.906824951171875e+02, 2.906299743652344e+02, 2.905767822265625e+02, 2.905257568359375e+02, 2.904803466796875e+02, 2.904398193359375e+02, 2.90386474609375e+02, 2.903136901855469e+02, 2.902714538574219e+02, 2.902209167480469e+02, 2.901670532226562e+02, 2.90113525390625e+02]
zone__toilet.TSensor=[2.951499938964844e+02, 2.951269226074219e+02, 2.951001892089844e+02, 2.950619201660156e+02, 2.950174255371094e+02, 2.949620361328125e+02, 2.949107666015625e+02, 2.948549499511719e+02, 2.948016967773438e+02, 2.947515258789062e+02, 2.946896667480469e+02, 2.946272583007812e+02, 2.945585021972656e+02, 2.944927062988281e+02, 2.944219665527344e+02, 2.94349609375e+02, 2.9427783203125e+02, 2.942052001953125e+02, 2.941340637207031e+02, 2.940632629394531e+02, 2.939918212890625e+02, 2.939370727539062e+02, 2.939073181152344e+02, 2.93896240234375e+02, 2.9389697265625e+02, 2.938899841308594e+02, 2.938724670410156e+02, 2.938484191894531e+02, 2.938134765625e+02, 2.937707824707031e+02, 2.937222290039062e+02, 2.936715698242188e+02, 2.936205749511719e+02, 2.935650024414062e+02, 2.935051574707031e+02, 2.9345166015625e+02, 2.934178161621094e+02, 2.934023742675781e+02, 2.9339208984375e+02, 2.933750610351562e+02, 2.933477478027344e+02, 2.933120422363281e+02, 2.932731323242188e+02, 2.932243957519531e+02, 2.931799926757812e+02, 2.931264953613281e+02, 2.930705261230469e+02, 2.9301025390625e+02, 2.929495849609375e+02, 2.928873596191406e+02, 2.928328857421875e+02, 2.92792724609375e+02, 2.92768310546875e+02, 2.927267761230469e+02, 2.927010803222656e+02, 2.926556091308594e+02, 2.92598388671875e+02, 2.925413818359375e+02, 2.924768981933594e+02, 2.924120483398438e+02, 2.923440246582031e+02, 2.922836303710938e+02, 2.922099914550781e+02, 2.921366577148438e+02, 2.920796508789062e+02, 2.920339965820312e+02, 2.919878540039062e+02, 2.919473876953125e+02, 2.919010925292969e+02, 2.91858642578125e+02, 2.918034057617188e+02, 2.917379150390625e+02, 2.916763916015625e+02, 2.916163024902344e+02, 2.915498657226562e+02, 2.914870300292969e+02, 2.914235229492188e+02, 2.913567199707031e+02, 2.9130029296875e+02, 2.912547302246094e+02, 2.91224609375e+02, 2.911993408203125e+02, 2.911622619628906e+02, 2.911211242675781e+02, 2.910765380859375e+02, 2.910281372070312e+02, 2.909774475097656e+02, 2.909244689941406e+02, 2.908705139160156e+02, 2.908210144042969e+02, 2.907637634277344e+02, 2.907019958496094e+02, 2.906484680175781e+02, 2.905983276367188e+02, 2.905499267578125e+02, 2.904979553222656e+02, 2.904364318847656e+02, 2.903807983398438e+02, 2.903258666992188e+02, 2.9026416015625e+02, 2.902069702148438e+02]
zone__polyvalent.TSensor=[2.950467529296875e+02, 2.946910705566406e+02, 2.945076904296875e+02, 2.943867492675781e+02, 2.942911071777344e+02, 2.941767272949219e+02, 2.941997375488281e+02, 2.941679992675781e+02, 2.941064758300781e+02, 2.9399560546875e+02, 2.938717041015625e+02, 2.937465515136719e+02, 2.935667724609375e+02, 2.934119567871094e+02, 2.932909545898438e+02, 2.931655883789062e+02, 2.930875854492188e+02, 2.930119323730469e+02, 2.92929443359375e+02, 2.928418884277344e+02, 2.929307556152344e+02, 2.934839172363281e+02, 2.938262634277344e+02, 2.937522888183594e+02, 2.9338720703125e+02, 2.930956115722656e+02, 2.929475402832031e+02, 2.928260803222656e+02, 2.927475891113281e+02, 2.926579284667969e+02, 2.92573974609375e+02, 2.924889526367188e+02, 2.924296569824219e+02, 2.923418579101562e+02, 2.922709045410156e+02, 2.925596008300781e+02, 2.929809265136719e+02, 2.930101928710938e+02, 2.927610473632812e+02, 2.924440002441406e+02, 2.922819519042969e+02, 2.921798095703125e+02, 2.920505676269531e+02, 2.919718627929688e+02, 2.91899169921875e+02, 2.91826904296875e+02, 2.917567443847656e+02, 2.916868591308594e+02, 2.916070251464844e+02, 2.916855163574219e+02, 2.919597778320312e+02, 2.92029541015625e+02, 2.917998657226562e+02, 2.915299072265625e+02, 2.913982238769531e+02, 2.912933654785156e+02, 2.9117431640625e+02, 2.911144104003906e+02, 2.910313415527344e+02, 2.910047302246094e+02, 2.90927001953125e+02, 2.908682556152344e+02, 2.907698364257812e+02, 2.907730407714844e+02, 2.909481201171875e+02, 2.910434875488281e+02, 2.90921142578125e+02, 2.907634582519531e+02, 2.906314697265625e+02, 2.905323791503906e+02, 2.904070129394531e+02, 2.903313293457031e+02, 2.902226867675781e+02, 2.901412658691406e+02, 2.901068420410156e+02, 2.900695190429688e+02, 2.900226440429688e+02, 2.900346984863281e+02, 2.902999267578125e+02, 2.905031433105469e+02, 2.905193786621094e+02, 2.903421936035156e+02, 2.901611022949219e+02, 2.900385131835938e+02, 2.899546813964844e+02, 2.898822631835938e+02, 2.8981494140625e+02, 2.897506713867188e+02, 2.896810607910156e+02, 2.895876770019531e+02, 2.895266723632812e+02, 2.894885864257812e+02, 2.895554809570312e+02, 2.896226196289062e+02, 2.896423645019531e+02, 2.895793151855469e+02, 2.894754943847656e+02, 2.893867797851562e+02, 2.893314514160156e+02, 2.892543029785156e+02, 2.891986694335938e+02]
zone__bed_street.TSensor=[2.951083679199219e+02, 2.939767761230469e+02, 2.937828063964844e+02, 2.936749572753906e+02, 2.935706481933594e+02, 2.932970886230469e+02, 2.933683776855469e+02, 2.931261901855469e+02, 2.930087890625e+02, 2.929278259277344e+02, 2.929335327148438e+02, 2.928476867675781e+02, 2.924381713867188e+02, 2.923563232421875e+02, 2.922158203125e+02, 2.920794677734375e+02, 2.920411682128906e+02, 2.920116577148438e+02, 2.919366455078125e+02, 2.918746948242188e+02, 2.917977294921875e+02, 2.918712158203125e+02, 2.92006591796875e+02, 2.921353149414062e+02, 2.920609741210938e+02, 2.918493041992188e+02, 2.918635864257812e+02, 2.918353881835938e+02, 2.918995971679688e+02, 2.9183935546875e+02, 2.91749267578125e+02, 2.916638793945312e+02, 2.918215942382812e+02, 2.915886840820312e+02, 2.91460693359375e+02, 2.914271850585938e+02, 2.915654296875e+02, 2.915624694824219e+02, 2.915733337402344e+02, 2.913795471191406e+02, 2.912875061035156e+02, 2.912865905761719e+02, 2.912569580078125e+02, 2.913607177734375e+02, 2.91185546875e+02, 2.912707214355469e+02, 2.91235107421875e+02, 2.911576843261719e+02, 2.908425903320312e+02, 2.907244262695312e+02, 2.904685974121094e+02, 2.902438659667969e+02, 2.901666870117188e+02, 2.901423950195312e+02, 2.900904541015625e+02, 2.899966125488281e+02, 2.898274536132812e+02, 2.89893798828125e+02, 2.897818603515625e+02, 2.899847106933594e+02, 2.898350524902344e+02, 2.897298583984375e+02, 2.895690002441406e+02, 2.894690551757812e+02, 2.895628967285156e+02, 2.895917663574219e+02, 2.894410400390625e+02, 2.894714965820312e+02, 2.894019470214844e+02, 2.892734375e+02, 2.890358276367188e+02, 2.8906591796875e+02, 2.888699035644531e+02, 2.888064270019531e+02, 2.889449462890625e+02, 2.890102233886719e+02, 2.890018310546875e+02, 2.891669311523438e+02, 2.892265625e+02, 2.891650390625e+02, 2.892425842285156e+02, 2.892614440917969e+02, 2.893475341796875e+02, 2.893165283203125e+02, 2.892869567871094e+02, 2.892433776855469e+02, 2.892046813964844e+02, 2.891522827148438e+02, 2.890847473144531e+02, 2.889139709472656e+02, 2.888208312988281e+02, 2.888061828613281e+02, 2.888341064453125e+02, 2.888285522460938e+02, 2.88780517578125e+02, 2.887132263183594e+02, 2.885482788085938e+02, 2.884349365234375e+02, 2.884469909667969e+02, 2.8825048828125e+02, 2.881920166015625e+02]
zone__bed_garden.TSensor=[2.950788879394531e+02, 2.947232055664062e+02, 2.946061096191406e+02, 2.945004272460938e+02, 2.944097900390625e+02, 2.942866516113281e+02, 2.944045104980469e+02, 2.943574523925781e+02, 2.942369079589844e+02, 2.941885681152344e+02, 2.939580993652344e+02, 2.937771301269531e+02, 2.935054931640625e+02, 2.935396728515625e+02, 2.934006042480469e+02, 2.933025817871094e+02, 2.931648864746094e+02, 2.930460815429688e+02, 2.929342041015625e+02, 2.928782043457031e+02, 2.932638244628906e+02, 2.946597290039062e+02, 2.951466674804688e+02, 2.947828674316406e+02, 2.941964721679688e+02, 2.937125549316406e+02, 2.934503479003906e+02, 2.933307800292969e+02, 2.931853637695312e+02, 2.930458374023438e+02, 2.929059143066406e+02, 2.928027954101562e+02, 2.927008361816406e+02, 2.926075439453125e+02, 2.925437927246094e+02, 2.932271118164062e+02, 2.940156555175781e+02, 2.938565063476562e+02, 2.9335400390625e+02, 2.931034240722656e+02, 2.928619995117188e+02, 2.926548767089844e+02, 2.92531494140625e+02, 2.923412780761719e+02, 2.923486938476562e+02, 2.922078552246094e+02, 2.921078796386719e+02, 2.920083618164062e+02, 2.919734497070312e+02, 2.921560668945312e+02, 2.927193298339844e+02, 2.929310302734375e+02, 2.925714111328125e+02, 2.921083374023438e+02, 2.920131530761719e+02, 2.918760070800781e+02, 2.917497253417969e+02, 2.916986999511719e+02, 2.915922546386719e+02, 2.915662231445312e+02, 2.915107116699219e+02, 2.914333190917969e+02, 2.913122863769531e+02, 2.912659606933594e+02, 2.914004516601562e+02, 2.914848022460938e+02, 2.912333679199219e+02, 2.911458129882812e+02, 2.910800476074219e+02, 2.910450744628906e+02, 2.909374389648438e+02, 2.908930053710938e+02, 2.908032836914062e+02, 2.906856079101562e+02, 2.906166687011719e+02, 2.905538024902344e+02, 2.904873962402344e+02, 2.904886779785156e+02, 2.910276489257812e+02, 2.913323059082031e+02, 2.912140808105469e+02, 2.90892333984375e+02, 2.905817565917969e+02, 2.904115600585938e+02, 2.902934875488281e+02, 2.902014465332031e+02, 2.901132202148438e+02, 2.900341186523438e+02, 2.899507751464844e+02, 2.899208068847656e+02, 2.898873291015625e+02, 2.898282470703125e+02, 2.89867919921875e+02, 2.898876342773438e+02, 2.898709106445312e+02, 2.897739868164062e+02, 2.896233215332031e+02, 2.895553894042969e+02, 2.895036010742188e+02, 2.894239501953125e+02, 2.893777770996094e+02]
zone__bathroom.TSensor=[2.950927734375e+02, 2.94904541015625e+02, 2.948015441894531e+02, 2.947243347167969e+02, 2.946524047851562e+02, 2.945717163085938e+02, 2.946493225097656e+02, 2.946219482421875e+02, 2.945216064453125e+02, 2.944460754394531e+02, 2.943335876464844e+02, 2.942173767089844e+02, 2.941106872558594e+02, 2.939576110839844e+02, 2.938540954589844e+02, 2.937459106445312e+02, 2.936694641113281e+02, 2.935932006835938e+02, 2.935090942382812e+02, 2.93413818359375e+02, 2.937374877929688e+02, 2.948937683105469e+02, 2.953222045898438e+02, 2.94977294921875e+02, 2.943758544921875e+02, 2.9404296875e+02, 2.938593444824219e+02, 2.937055358886719e+02, 2.935925903320312e+02, 2.934860229492188e+02, 2.93393798828125e+02, 2.933029479980469e+02, 2.9320751953125e+02, 2.93129638671875e+02, 2.930660095214844e+02, 2.936474609375e+02, 2.943062133789062e+02, 2.941729125976562e+02, 2.937372131347656e+02, 2.93398681640625e+02, 2.932284545898438e+02, 2.931085510253906e+02, 2.929585571289062e+02, 2.928551330566406e+02, 2.927970581054688e+02, 2.926853332519531e+02, 2.925921936035156e+02, 2.925065002441406e+02, 2.924503784179688e+02, 2.926146850585938e+02, 2.931378173828125e+02, 2.933184814453125e+02, 2.929573974609375e+02, 2.926405639648438e+02, 2.924796752929688e+02, 2.9234716796875e+02, 2.922331848144531e+02, 2.921465454101562e+02, 2.92054931640625e+02, 2.919822692871094e+02, 2.919082946777344e+02, 2.918355102539062e+02, 2.917543029785156e+02, 2.918104553222656e+02, 2.919585571289062e+02, 2.920180053710938e+02, 2.918895874023438e+02, 2.917089538574219e+02, 2.915869445800781e+02, 2.9149609375e+02, 2.913989868164062e+02, 2.9131982421875e+02, 2.9123291015625e+02, 2.911415710449219e+02, 2.910638427734375e+02, 2.909896545410156e+02, 2.909167785644531e+02, 2.909258422851562e+02, 2.913518676757812e+02, 2.916003723144531e+02, 2.915158081054688e+02, 2.912207641601562e+02, 2.909953002929688e+02, 2.90857666015625e+02, 2.907508544921875e+02, 2.906588745117188e+02, 2.905730285644531e+02, 2.904939880371094e+02, 2.904131164550781e+02, 2.903242492675781e+02, 2.902609558105469e+02, 2.902107849121094e+02, 2.902192077636719e+02, 2.902097778320312e+02, 2.901906127929688e+02, 2.901144714355469e+02, 2.9000439453125e+02, 2.899524536132812e+02, 2.898890075683594e+02, 2.898340148925781e+02, 2.897843933105469e+02]
zone__toilet2.TSensor=[2.951499938964844e+02, 2.950396423339844e+02, 2.949849243164062e+02, 2.949071655273438e+02, 2.948289794921875e+02, 2.947250671386719e+02, 2.946762084960938e+02, 2.946249694824219e+02, 2.945712280273438e+02, 2.945418395996094e+02, 2.944835205078125e+02, 2.944134826660156e+02, 2.943143005371094e+02, 2.941695251464844e+02, 2.940598449707031e+02, 2.9395458984375e+02, 2.938786010742188e+02, 2.938186340332031e+02, 2.937340087890625e+02, 2.936342163085938e+02, 2.935618896484375e+02, 2.936362609863281e+02, 2.938205871582031e+02, 2.939282836914062e+02, 2.939233703613281e+02, 2.938476257324219e+02, 2.937906188964844e+02, 2.936500854492188e+02, 2.935768737792969e+02, 2.934816284179688e+02, 2.934095764160156e+02, 2.933140258789062e+02, 2.932422180175781e+02, 2.931698303222656e+02, 2.930718994140625e+02, 2.930682067871094e+02, 2.931495666503906e+02, 2.9324853515625e+02, 2.932808227539062e+02, 2.931788024902344e+02, 2.930865783691406e+02, 2.930271911621094e+02, 2.928907775878906e+02, 2.928375549316406e+02, 2.9276318359375e+02, 2.926664428710938e+02, 2.92580810546875e+02, 2.925021362304688e+02, 2.92440185546875e+02, 2.923776550292969e+02, 2.923921813964844e+02, 2.924844665527344e+02, 2.925268249511719e+02, 2.924594116210938e+02, 2.923528747558594e+02, 2.922319641113281e+02, 2.921184692382812e+02, 2.920340881347656e+02, 2.919362182617188e+02, 2.918729858398438e+02, 2.917928771972656e+02, 2.917107238769531e+02, 2.916368713378906e+02, 2.915478820800781e+02, 2.915535278320312e+02, 2.915639953613281e+02, 2.915813598632812e+02, 2.915447387695312e+02, 2.914711303710938e+02, 2.91381103515625e+02, 2.912822265625e+02, 2.912158508300781e+02, 2.911270141601562e+02, 2.910410461425781e+02, 2.909743041992188e+02, 2.909024047851562e+02, 2.908313903808594e+02, 2.907572326660156e+02, 2.907517395019531e+02, 2.908360900878906e+02, 2.909051818847656e+02, 2.908937072753906e+02, 2.908306884765625e+02, 2.907548217773438e+02, 2.906724243164062e+02, 2.905931091308594e+02, 2.905159912109375e+02, 2.904444885253906e+02, 2.903710632324219e+02, 2.902776489257812e+02, 2.902080688476562e+02, 2.901531982421875e+02, 2.900918273925781e+02, 2.900582275390625e+02, 2.900361022949219e+02, 2.899669799804688e+02, 2.898711242675781e+02, 2.898275146484375e+02, 2.897846984863281e+02, 2.897166748046875e+02, 2.896660461425781e+02]
