last-generated=2021-04-19
statistics-simulation=
{
  "linear": " ",
  "nonlinear": "1",
  "number of continuous time states": "1",
  "numerical Jacobians": "0"
}
time=[0e+00, 1e+07]
runningMeanTemperature.TRm=[2.741499938964844e+02, 2.7346337890625e+02, 2.744020385742188e+02, 2.749443969726562e+02, 2.747146301269531e+02, 2.74638916015625e+02, 2.746234436035156e+02, 2.736743469238281e+02, 2.729836120605469e+02, 2.734630432128906e+02, 2.751488952636719e+02, 2.759253234863281e+02, 2.773779602050781e+02, 2.788680725097656e+02, 2.785377807617188e+02, 2.776119079589844e+02, 2.777437438964844e+02, 2.789889526367188e+02, 2.789197692871094e+02, 2.789769287109375e+02, 2.795362243652344e+02, 2.787552185058594e+02, 2.776050415039062e+02, 2.7627734375e+02, 2.749092712402344e+02, 2.748108520507812e+02, 2.742743835449219e+02, 2.7423095703125e+02, 2.750401000976562e+02, 2.7618798828125e+02, 2.771533203125e+02, 2.785134887695312e+02, 2.785754699707031e+02, 2.777370910644531e+02, 2.76550048828125e+02, 2.753232116699219e+02, 2.743995971679688e+02, 2.735040893554688e+02, 2.721206665039062e+02, 2.706705627441406e+02, 2.714158325195312e+02, 2.730458984375e+02, 2.737351989746094e+02, 2.749483947753906e+02, 2.772093811035156e+02, 2.792064819335938e+02, 2.787681274414062e+02, 2.781999206542969e+02, 2.775478210449219e+02, 2.77031982421875e+02, 2.774444885253906e+02, 2.782957153320312e+02, 2.780837707519531e+02, 2.778658752441406e+02, 2.779318237304688e+02, 2.782124328613281e+02, 2.782100524902344e+02, 2.787265319824219e+02, 2.797937622070312e+02, 2.7963134765625e+02, 2.797890625e+02, 2.7990673828125e+02, 2.794147338867188e+02, 2.797515563964844e+02, 2.806373901367188e+02, 2.802201843261719e+02, 2.807173767089844e+02, 2.8154150390625e+02, 2.821217651367188e+02, 2.820667114257812e+02, 2.808818054199219e+02, 2.80640380859375e+02, 2.802569885253906e+02, 2.791624145507812e+02, 2.784310913085938e+02, 2.779268493652344e+02, 2.775457763671875e+02, 2.782206115722656e+02, 2.787576599121094e+02, 2.8097607421875e+02, 2.82310302734375e+02, 2.839899597167969e+02, 2.859118347167969e+02, 2.857653503417969e+02, 2.849718322753906e+02, 2.845094299316406e+02, 2.838490905761719e+02, 2.828939514160156e+02, 2.818008728027344e+02, 2.808943481445312e+02, 2.806294860839844e+02, 2.805088806152344e+02, 2.812768249511719e+02, 2.822911071777344e+02, 2.831934814453125e+02, 2.841683044433594e+02, 2.830887756347656e+02, 2.832932739257812e+02, 2.82188720703125e+02, 2.80909423828125e+02, 2.79928466796875e+02]
