last-generated=2025-06-13
statistics-initialization=
{
  "nonlinear": "6, 6, 2",
  "numerical Jacobians": "0"
}
statistics-simulation=
{
  "linear": "0, 0, 0, 0, 0, 0, 0, 0, 0, 0, 0, 0, 0, 0, 0, 0, 0, 0, 0, 0, 0, 0, 0, 0, 0, 0, 0,   0, 0, 0, 0, 0",
  "nonlinear": "2, 1",
  "number of continuous time states": "94",
  "numerical Jacobians": "0"
}
time=[0e+00, 1.2096e+06]
Level.intFlo.crackOrOperableDoor.m1_flow=[3.783491207286716e-03, 3.959342837333679e-03, 3.920897375792265e-03, 3.873995272442698e-03, 3.697631880640984e-03, 3.621370298787951e-03, 3.619430121034384e-03, 4.193410277366638e-03, 4.256962798535824e-03, 4.312292207032442e-03, 4.227468278259039e-03, 3.895093221217394e-03, 4.077249672263861e-03, 4.189037252217531e-03, 4.222196992486715e-03, 4.306842107325792e-03, 4.398344084620476e-03, 4.391392227262259e-03, 4.206197336316109e-03, 4.11379337310791e-03, 4.16896166279912e-03, 4.674090538173914e-03, 4.634863696992397e-03, 4.662801977247e-03, 4.515168722718954e-03, 4.327825736254454e-03, 4.560051951557398e-03, 4.633331205695868e-03, 4.467888735234737e-03, 4.385368898510933e-03, 4.139994271099567e-03, 3.941576927900314e-03, 3.9113056845963e-03, 3.944769967347383e-03, 4.169368650764228e-03, 4.348461981862783e-03, 4.546116571873426e-03, 4.553741775453091e-03, 4.464069381356239e-03, 4.323814064264297e-03, 4.186330828815699e-03, 4.238001070916653e-03, 4.277748987078667e-03, 4.253322724252939e-03, 4.500214010477066e-03, 4.281080327928066e-03, 3.933493979275227e-03, 3.66243883036077e-03, 3.247204702347517e-03, 3.460903419181705e-03, 3.204640001058578e-03, 3.380896290764213e-03, 3.990174271166325e-03, 3.830460133031011e-03, 3.122616792097688e-03, 3.380138194188476e-03, 3.502855775877847e-03, 3.948514815419914e-03, 4.530078265815973e-03, 4.408042412251234e-03, 4.299526568502188e-03, 4.108399152755737e-03, 3.844933351501822e-03, 4.223435651510954e-03, 4.461073316633701e-03, 4.536966327577829e-03, 4.727533087134361e-03, 4.640602506697178e-03, 4.40489640459418e-03, 4.276796709746124e-03, 4.511919803917408e-03, 4.717337433248758e-03, 4.764487501233816e-03, 4.723569843918085e-03, 4.457225557416677e-03, 3.892287844792008e-03, 3.626729128882289e-03, 3.683932358399034e-03, 3.876821603626013e-03, 3.99297010153532e-03, 3.999225795269012e-03, 4.155152477324007e-03, 3.688538912683734e-03, 3.602256532758474e-03, 3.486208384856582e-03, 3.51065187714994e-03, 3.658462548628449e-03, 3.524582134559751e-03, 3.36641538888216e-03, 3.185047535225749e-03, 3.211149945855141e-03, 3.072999184951186e-03, 3.01080197095871e-03, 2.998616313561797e-03, 3.433660604059696e-03, 3.547423984855413e-03, 3.838467644527555e-03, 3.600175492465496e-03, 3.734363941475749e-03, 4.232125822454691e-03, 4.380417987704277e-03]
Level.intFlo.crackOrOperableDoor.doo.dpAB[1]=[2.431348548270762e-06, 2.65911512542516e-06, 2.604618202894926e-06, 2.540458808653057e-06, 2.313274308107793e-06, 2.218686859123409e-06, 2.215369022451341e-06, 2.971923095174134e-06, 3.060587914660573e-06, 3.139124601148069e-06, 3.015666152350605e-06, 2.559361746534705e-06, 2.804124960675836e-06, 2.959888661280274e-06, 3.006716724485159e-06, 3.128428943455219e-06, 3.262495738454163e-06, 3.252571332268417e-06, 2.984146703965962e-06, 2.854532795026898e-06, 2.931978087872267e-06, 3.684923285618424e-06, 3.623295924626291e-06, 3.666995326057076e-06, 3.438777639530599e-06, 3.159759216941893e-06, 3.483757609501481e-06, 3.620079951360822e-06, 3.366003511473537e-06, 3.24309803545475e-06, 2.891509211622179e-06, 2.620217856019735e-06, 2.582455636002123e-06, 2.627231879159808e-06, 2.935499651357533e-06, 3.192923031747341e-06, 3.485431079752743e-06, 3.500594175420702e-06, 3.363456926308572e-06, 3.154753358103335e-06, 2.957545802928507e-06, 3.030902007594704e-06, 3.088091034442186e-06, 3.053093678317964e-06, 3.417982952669263e-06, 3.093067789450288e-06, 2.611763193272054e-06, 2.26491829380393e-06, 1.782900653779507e-06, 2.023662091232836e-06, 1.735621481202543e-06, 1.931781298480928e-06, 2.690285327844322e-06, 2.478933311067522e-06, 1.646825694479048e-06, 1.929161953739822e-06, 2.072527422569709e-06, 2.632659743539992e-06, 3.463355824351311e-06, 3.281136741861701e-06, 3.119013854302466e-06, 2.847562427632511e-06, 2.493834472261369e-06, 3.008230123668909e-06, 3.355380613356829e-06, 3.470006049610674e-06, 3.767287125810981e-06, 3.629742423072457e-06, 3.270179149694736e-06, 3.082532202824952e-06, 3.430381184443831e-06, 3.749883035197854e-06, 3.825887688435614e-06, 3.761306288652122e-06, 3.350040060468018e-06, 2.552755177021027e-06, 2.219952875748277e-06, 2.291504642926157e-06, 2.538363332860172e-06, 2.692671841941774e-06, 2.701141056604683e-06, 2.915752702392635e-06, 2.297325409017514e-06, 2.191372914239764e-06, 2.053013304248452e-06, 2.082742867060006e-06, 2.261513145640492e-06, 2.099244738928974e-06, 1.915759639814496e-06, 1.714943209663033e-06, 1.743770553730428e-06, 1.59682531375438e-06, 1.533029717393219e-06, 1.520485966466367e-06, 1.992579200305045e-06, 2.126209437847137e-06, 2.488581230863929e-06, 2.189059159718454e-06, 2.353917807340622e-06, 3.023204044438899e-06, 3.238441422581673e-06]
Level.intFlo.crackOrOperableDoor.doo.dpAB[2]=[2.431348548270762e-06, 2.65911512542516e-06, 2.604618202894926e-06, 2.540458808653057e-06, 2.313274308107793e-06, 2.218686859123409e-06, 2.215369022451341e-06, 2.971923095174134e-06, 3.060587914660573e-06, 3.139124601148069e-06, 3.015666152350605e-06, 2.559361746534705e-06, 2.804124960675836e-06, 2.959888661280274e-06, 3.006716724485159e-06, 3.128428943455219e-06, 3.262495738454163e-06, 3.252571332268417e-06, 2.984146703965962e-06, 2.854532795026898e-06, 2.931978087872267e-06, 3.684923285618424e-06, 3.623295924626291e-06, 3.666995326057076e-06, 3.438777639530599e-06, 3.159759216941893e-06, 3.483757609501481e-06, 3.620079951360822e-06, 3.366003511473537e-06, 3.24309803545475e-06, 2.891509211622179e-06, 2.620217856019735e-06, 2.582455636002123e-06, 2.627231879159808e-06, 2.935499651357533e-06, 3.192923031747341e-06, 3.485431079752743e-06, 3.500594175420702e-06, 3.363456926308572e-06, 3.154753358103335e-06, 2.957545802928507e-06, 3.030902007594704e-06, 3.088091034442186e-06, 3.053093678317964e-06, 3.417982952669263e-06, 3.093067789450288e-06, 2.611763193272054e-06, 2.26491829380393e-06, 1.782900653779507e-06, 2.023662091232836e-06, 1.735621481202543e-06, 1.931781298480928e-06, 2.690285327844322e-06, 2.478933311067522e-06, 1.646825694479048e-06, 1.929161953739822e-06, 2.072527422569709e-06, 2.632659743539992e-06, 3.463355824351311e-06, 3.281136741861701e-06, 3.119013854302466e-06, 2.847562427632511e-06, 2.493834472261369e-06, 3.008230123668909e-06, 3.355380613356829e-06, 3.470006049610674e-06, 3.767287125810981e-06, 3.629742423072457e-06, 3.270179149694736e-06, 3.082532202824952e-06, 3.430381184443831e-06, 3.749883035197854e-06, 3.825887688435614e-06, 3.761306288652122e-06, 3.350040060468018e-06, 2.552755177021027e-06, 2.219952875748277e-06, 2.291504642926157e-06, 2.538363332860172e-06, 2.692671841941774e-06, 2.701141056604683e-06, 2.915752702392635e-06, 2.297325409017514e-06, 2.191372914239764e-06, 2.053013304248452e-06, 2.082742867060006e-06, 2.261513145640492e-06, 2.099244738928974e-06, 1.915759639814496e-06, 1.714943209663033e-06, 1.743770553730428e-06, 1.59682531375438e-06, 1.533029717393219e-06, 1.520485966466367e-06, 1.992579200305045e-06, 2.126209437847137e-06, 2.488581230863929e-06, 2.189059159718454e-06, 2.353917807340622e-06, 3.023204044438899e-06, 3.238441422581673e-06]
