last-generated=2025-07-08
statistics-initialization=
{
  "nonlinear": "7, 7, 5, 5, 0, 1, 1, 0, 0",
  "numerical Jacobians": "0"
}
statistics-simulation=
{
  "linear": "0, 0, 0, 0, 0, 0, 0, 0, 0, 0, 0, 0, 4, 0, 0, 0, 0, 0, 0, 0, 0, 0, 0, 0, 0, 0, 0,   0, 0, 0, 0, 4, 0, 0, 0, 0, 0, 0, 0, 0, 0, 0, 0, 0, 0, 0, 0",
  "nonlinear": "0, 0, 0, 0, 0, 0, 2, 1",
  "number of continuous time states": "133",
  "numerical Jacobians": "0"
}
time=[1e+07, 1.1e+07]
recZon.ppm=[4e+02, 4.615274353027344e+02, 4.171190490722656e+02, 4.047634582519531e+02, 4.013258666992188e+02, 4.003695373535156e+02, 4.001034545898438e+02, 4.000294189453125e+02, 4.000088195800781e+02, 4.000030822753906e+02, 4.000014953613281e+02, 4.000010375976562e+02, 4.000009155273438e+02, 4.000008850097656e+02, 4.000008850097656e+02, 4.000008850097656e+02, 4.000008850097656e+02, 4.000008850097656e+02, 4.000008850097656e+02, 4.000008850097656e+02, 4.000008850097656e+02, 4.000008850097656e+02, 4.000008850097656e+02, 1.001573669433594e+03, 1e+03, 1e+03, 1e+03, 5.576634521484375e+02, 4.43864990234375e+02, 4.122043151855469e+02, 4.033963317871094e+02, 4.009456481933594e+02, 1.00002001953125e+03, 1e+03, 9.999999389648438e+02, 7.57531982421875e+02, 4.994714050292969e+02, 4.276747131347656e+02, 4.076998901367188e+02, 4.021427612304688e+02, 1.04134228515625e+03, 9.9999951171875e+02, 1e+03, 1.000000061035156e+03, 6.2557470703125e+02, 4.627701110839844e+02, 4.174673767089844e+02, 4.048599243164062e+02, 4.013526611328125e+02, 1.000331298828125e+03, 1e+03, 1e+03, 9.115454711914062e+02, 5.42323486328125e+02, 4.395968017578125e+02, 4.11016845703125e+02, 4.030655212402344e+02, 5.036147766113281e+02, 9.999877319335938e+02, 1e+03, 1.000000061035156e+03, 7.227510986328125e+02, 4.897966003417969e+02, 4.249834594726562e+02, 4.069514465332031e+02, 4.019346313476562e+02, 4.005388793945312e+02, 4.001505432128906e+02, 4.000425109863281e+02, 4.00012451171875e+02, 4.000040893554688e+02, 4.000017700195312e+02, 4.000011291503906e+02, 4.000009460449219e+02, 4.000008850097656e+02, 4.000008850097656e+02, 4.000008850097656e+02, 4.000008850097656e+02, 4.000008850097656e+02, 4.000008850097656e+02, 4.000008850097656e+02, 4.000008850097656e+02, 4.000008850097656e+02, 6.93158203125e+02, 9.999984741210938e+02, 1e+03, 1e+03, 6.913536987304688e+02, 4.810741577148438e+02, 4.225560607910156e+02, 4.062760925292969e+02, 4.017468566894531e+02, 9.927098388671875e+02, 1.000000061035156e+03, 1e+03, 1e+03, 5.838272094726562e+02, 4.511463012695312e+02, 4.142303161621094e+02, 4.039599304199219e+02, 4.011024169921875e+02]
recZon1.ppm=[4e+02, 1.000656799316406e+03, 1e+03, 1e+03, 1e+03, 1e+03, 9.999999389648438e+02, 1.000000061035156e+03, 1e+03, 1e+03, 1e+03, 1e+03, 1e+03, 1e+03, 1e+03, 1e+03, 9.999999389648438e+02, 1.000000122070312e+03, 1e+03, 1e+03, 1e+03, 1e+03, 1e+03, 1.000028442382812e+03, 1e+03, 1e+03, 1e+03, 1e+03, 1e+03, 1e+03, 1e+03, 1e+03, 1.000003601074219e+03, 1e+03, 9.999999389648438e+02, 9.999839477539062e+02, 1e+03, 1e+03, 1e+03, 1e+03, 1.000185546875e+03, 9.999999389648438e+02, 1e+03, 1.000000061035156e+03, 1.000000061035156e+03, 1e+03, 1e+03, 1e+03, 1e+03, 1.000040771484375e+03, 1e+03, 1e+03, 9.997196044921875e+02, 1e+03, 1e+03, 1e+03, 1e+03, 1e+03, 9.999989013671875e+02, 1e+03, 1.000000061035156e+03, 1.000000671386719e+03, 1e+03, 1e+03, 1e+03, 1e+03, 1e+03, 1e+03, 1e+03, 1e+03, 1e+03, 1e+03, 1e+03, 1e+03, 1e+03, 1e+03, 1e+03, 1e+03, 1e+03, 9.999999389648438e+02, 1e+03, 1e+03, 9.999999389648438e+02, 1e+03, 9.999994506835938e+02, 1e+03, 1e+03, 1.000003112792969e+03, 1.000000061035156e+03, 1e+03, 1e+03, 1e+03, 9.99841796875e+02, 1.000000061035156e+03, 1e+03, 1e+03, 1e+03, 1e+03, 1.000000061035156e+03, 1e+03, 1e+03]
conPID1.y=[1.000000014901161e-01, 2.464687079191208e-01, 2.48675212264061e-01, 2.486740797758102e-01, 2.486738860607147e-01, 2.48674675822258e-01, 2.486709803342819e-01, 2.48674213886261e-01, 2.486738264560699e-01, 2.486743181943893e-01, 2.486742734909058e-01, 2.486741840839386e-01, 2.48674288392067e-01, 2.486744225025177e-01, 2.486733198165894e-01, 2.486729174852371e-01, 2.486727386713028e-01, 2.486737966537476e-01, 2.486744523048401e-01, 2.486748695373535e-01, 2.486748397350311e-01, 2.486740946769714e-01, 2.486722022294998e-01, 2.51593679189682e-01, 2.520992755889893e-01, 2.520988583564758e-01, 2.520995140075684e-01, 2.486748546361923e-01, 2.486741840839386e-01, 2.486740052700043e-01, 2.486739605665207e-01, 2.486738264560699e-01, 2.521169483661652e-01, 2.520982623100281e-01, 2.520993053913116e-01, 2.486541569232941e-01, 2.486753761768341e-01, 2.486748397350311e-01, 2.486739307641983e-01, 2.486739307641983e-01, 2.501989603042603e-01, 2.520992457866669e-01, 2.520990967750549e-01, 2.521002590656281e-01, 2.486720532178879e-01, 2.486745864152908e-01, 2.486743479967117e-01, 2.486744672060013e-01, 2.486730664968491e-01, 2.523537278175354e-01, 2.520982921123505e-01, 2.5209841132164e-01, 2.483310997486115e-01, 2.486749887466431e-01, 2.486748248338699e-01, 2.486745417118073e-01, 2.486740797758102e-01, 2.486711144447327e-01, 2.521054446697235e-01, 2.520984411239624e-01, 2.521003186702728e-01, 2.486333250999451e-01, 2.486744970083237e-01, 2.48674139380455e-01, 2.486742287874222e-01, 2.486742287874222e-01, 2.486733943223953e-01, 2.48674064874649e-01, 2.486740499734879e-01, 2.4867282807827e-01, 2.486750185489655e-01, 2.486746311187744e-01, 2.486736178398132e-01, 2.486742287874222e-01, 2.486722022294998e-01, 2.486726343631744e-01, 2.486733347177505e-01, 2.486751675605774e-01, 2.486746907234192e-01, 2.486740499734879e-01, 2.486739754676819e-01, 2.486750036478043e-01, 2.48671680688858e-01, 2.486715763807297e-01, 2.520930469036102e-01, 2.520990669727325e-01, 2.520994246006012e-01, 2.486888766288757e-01, 2.48675525188446e-01, 2.486747354269028e-01, 2.486745864152908e-01, 2.486727237701416e-01, 2.526743710041046e-01, 2.520989775657654e-01, 2.520989179611206e-01, 2.520992755889893e-01, 2.486782222986221e-01, 2.486747950315475e-01, 2.486742287874222e-01, 2.486736476421356e-01, 2.486725747585297e-01]
conPID.y=[1.000000014901161e-01, 1.000000014901161e-01, 1.000000014901161e-01, 1.000000014901161e-01, 1.000000014901161e-01, 1.000000014901161e-01, 1.000000014901161e-01, 1.000000014901161e-01, 1.000000014901161e-01, 1.000000014901161e-01, 1.000000014901161e-01, 1.000000014901161e-01, 1.000000014901161e-01, 1.000000014901161e-01, 1.000000014901161e-01, 1.000000014901161e-01, 1.000000014901161e-01, 1.000000014901161e-01, 1.000000014901161e-01, 1.000000014901161e-01, 1.000000014901161e-01, 1.000000014901161e-01, 1.000000014901161e-01, 6.083894968032837e-01, 6.121590733528137e-01, 6.121585965156555e-01, 6.12159252166748e-01, 1.000000014901161e-01, 1.000000014901161e-01, 1.000000014901161e-01, 1.000000014901161e-01, 1.000000014901161e-01, 6.123642921447754e-01, 6.121580004692078e-01, 6.121590733528137e-01, 1.000000014901161e-01, 1.000000014901161e-01, 1.000000014901161e-01, 1.000000014901161e-01, 1.000000014901161e-01, 5.785536766052246e-01, 6.121596097946167e-01, 6.121588349342346e-01, 6.121599674224854e-01, 1.000000014901161e-01, 1.000000014901161e-01, 1.000000014901161e-01, 1.000000014901161e-01, 1.000000014901161e-01, 6.170833110809326e-01, 6.12157940864563e-01, 6.121581196784973e-01, 1.000000014901161e-01, 1.000000014901161e-01, 1.000000014901161e-01, 1.000000014901161e-01, 1.000000014901161e-01, 1.000000014901161e-01, 6.1217200756073e-01, 6.121581196784973e-01, 6.121600270271301e-01, 1.000000014901161e-01, 1.000000014901161e-01, 1.000000014901161e-01, 1.000000014901161e-01, 1.000000014901161e-01, 1.000000014901161e-01, 1.000000014901161e-01, 1.000000014901161e-01, 1.000000014901161e-01, 1.000000014901161e-01, 1.000000014901161e-01, 1.000000014901161e-01, 1.000000014901161e-01, 1.000000014901161e-01, 1.000000014901161e-01, 1.000000014901161e-01, 1.000000014901161e-01, 1.000000014901161e-01, 1.000000014901161e-01, 1.000000014901161e-01, 1.000000014901161e-01, 1.000000014901161e-01, 1.000000014901161e-01, 6.121220588684082e-01, 6.121587753295898e-01, 6.121591329574585e-01, 1.000000014901161e-01, 1.000000014901161e-01, 1.000000014901161e-01, 1.000000014901161e-01, 1.000000014901161e-01, 6.020135283470154e-01, 6.121590733528137e-01, 6.121585965156555e-01, 6.121590137481689e-01, 1.000000014901161e-01, 1.000000014901161e-01, 1.000000014901161e-01, 1.000000014901161e-01, 1.000000014901161e-01]
