last-generated=2022-04-10
statistics-initialization=
{
  "linear": "5"
}
statistics-simulation=
{
  "linear": "0, 3, 0",
  "nonlinear": " ",
  "number of continuous time states": "4",
  "numerical Jacobians": "0"
}
time=[0e+00, 3.1536e+07]
thermalZoneTwoElements.TAir=[2.951499938964844e+02, 2.972677368164062e+02, 2.924033325195313e+02, 2.943452331542969e+02, 2.976182861328125e+02, 2.936435852050781e+02, 2.951010986328125e+02, 2.972940185546875e+02, 2.949968627929687e+02, 2.970311645507812e+02, 3.010634155273438e+02, 2.96588720703125e+02, 2.977848937988281e+02, 3.045079650878906e+02, 2.994031188964844e+02, 3.020336608886719e+02, 3.058787353515625e+02, 3.029740356445312e+02, 3.09124462890625e+02, 3.065528991699219e+02, 3.079819946289062e+02, 3.110241088867188e+02, 3.06904345703125e+02, 3.038614624023438e+02, 3.115085327148437e+02, 3.110166320800781e+02, 3.105968383789062e+02, 3.120057678222656e+02, 3.090823120117187e+02, 3.1061142578125e+02, 3.190849609375e+02, 3.110222961425781e+02, 3.145241821289063e+02, 3.238793212890625e+02, 3.173544250488281e+02, 3.187315979003906e+02, 3.245888061523438e+02, 3.134964111328125e+02, 3.168204467773438e+02, 3.217463623046875e+02, 3.163586730957031e+02, 3.202613952636719e+02, 3.249593200683594e+02, 3.222048767089844e+02, 3.273916259765625e+02, 3.21085205078125e+02, 3.1476396484375e+02, 3.185010498046875e+02, 3.151149963378906e+02, 3.159426696777344e+02, 3.258026733398438e+02, 3.178560241699219e+02, 3.1871806640625e+02, 3.251628295898437e+02, 3.168858337402344e+02, 3.162509460449219e+02, 3.246416442871094e+02, 3.180209289550781e+02, 3.20292724609375e+02, 3.260333068847656e+02, 3.19940673828125e+02, 3.257608520507812e+02, 3.161266479492188e+02, 3.140261840820312e+02, 3.195510375976563e+02, 3.116175231933594e+02, 3.132737976074219e+02, 3.192499755859375e+02, 3.131423034667969e+02, 3.148548217773438e+02, 3.173744201660156e+02, 3.135884582519531e+02, 3.126880615234375e+02, 3.172893249511719e+02, 3.074323608398437e+02, 3.082056274414062e+02, 3.163147827148438e+02, 3.07976806640625e+02, 3.120680053710938e+02, 3.142459655761719e+02, 3.083330078125e+02, 3.100116577148438e+02, 3.056686584472656e+02, 3.042965209960938e+02, 3.081991088867188e+02, 3.001040344238281e+02, 2.988242248535156e+02, 3.042530700683594e+02, 2.990355041503906e+02, 3.020826171875e+02, 3.039261474609375e+02, 2.991495971679688e+02, 2.991109741210938e+02, 2.999092224121094e+02, 2.95278759765625e+02, 2.963670654296875e+02, 2.9730478515625e+02, 2.945042297363281e+02, 2.98643212890625e+02, 2.968367431640625e+02, 2.953805541992188e+02]
