last-generated=2020-11-19
statistics-initialization=
{
  "linear": "2, 2",
  "nonlinear": "2, 8, 8, 8, 2",
  "numerical Jacobians": "0"
}
statistics-simulation=
{
  "linear": "0, 0, 0, 0, 0, 0, 0, 0, 0, 0, 0, 0, 0, 0, 0, 0, 0, 0, 0, 0, 0, 0, 0, 0, 0, 0, 0,   0, 0, 0, 0, 0, 0, 0, 0, 0, 0, 0, 0, 4, 4, 4, 0, 0, 0, 4, 4, 4, 0, 0, 0, 0, 0,   0, 4, 4, 4, 0, 0, 0",
  "nonlinear": "1",
  "number of continuous time states": "128",
  "numerical Jacobians": "0"
}
time=[0e+00, 2e+06]
structure.TSensor[1]=[2.931499938964844e+02, 2.921753845214844e+02, 2.91983154296875e+02, 2.917242126464844e+02, 2.913179016113281e+02, 2.908720092773438e+02, 2.905119018554688e+02, 2.902563171386719e+02, 2.898540954589844e+02, 2.894831237792969e+02, 2.891751708984375e+02, 2.890919494628906e+02, 2.887946166992188e+02, 2.884541015625e+02, 2.880690307617188e+02, 2.87968994140625e+02, 2.876928100585938e+02, 2.872624816894531e+02, 2.868164672851562e+02, 2.870263671875e+02, 2.872825927734375e+02, 2.866980285644531e+02, 2.86293701171875e+02, 2.859212341308594e+02, 2.858529968261719e+02, 2.855552673339844e+02, 2.852271423339844e+02, 2.849427185058594e+02, 2.84885986328125e+02, 2.846942749023438e+02, 2.843768615722656e+02, 2.840191650390625e+02, 2.838065185546875e+02, 2.836554870605469e+02, 2.83289306640625e+02, 2.829346618652344e+02, 2.826282958984375e+02, 2.826026611328125e+02, 2.823016967773438e+02, 2.820300903320312e+02, 2.817819519042969e+02, 2.817593383789062e+02, 2.815969848632812e+02, 2.813750610351562e+02, 2.811560363769531e+02, 2.813293151855469e+02, 2.815001525878906e+02, 2.811381530761719e+02, 2.806596069335938e+02, 2.801434936523438e+02, 2.800619201660156e+02, 2.795309143066406e+02, 2.791678161621094e+02, 2.789086303710938e+02, 2.794000854492188e+02, 2.791848754882812e+02, 2.789696350097656e+02, 2.787059020996094e+02, 2.785874938964844e+02, 2.785014038085938e+02, 2.78204833984375e+02, 2.77881103515625e+02, 2.776036987304688e+02, 2.774795227050781e+02, 2.772490844726562e+02, 2.771253967285156e+02, 2.770403747558594e+02, 2.771871032714844e+02, 2.771388244628906e+02, 2.770744934082031e+02, 2.769857788085938e+02, 2.769476623535156e+02, 2.773334045410156e+02, 2.771931457519531e+02, 2.771510009765625e+02, 2.77130859375e+02, 2.775729064941406e+02, 2.775564575195312e+02, 2.775428466796875e+02, 2.775238037109375e+02, 2.777359619140625e+02, 2.780413513183594e+02, 2.779183349609375e+02, 2.77732421875e+02, 2.78829833984375e+02, 2.787550048828125e+02, 2.784517822265625e+02, 2.784043579101562e+02, 2.787533264160156e+02, 2.795028991699219e+02, 2.793967895507812e+02, 2.793887023925781e+02, 2.793683471679688e+02, 2.796354370117188e+02, 2.796822509765625e+02, 2.795862731933594e+02, 2.794599304199219e+02, 2.794098205566406e+02, 2.793708801269531e+02, 2.792289428710938e+02, 2.789704284667969e+02]
structure.TSensor[2]=[2.931499938964844e+02, 2.921702270507812e+02, 2.920666198730469e+02, 2.918815307617188e+02, 2.91524658203125e+02, 2.911203308105469e+02, 2.907958068847656e+02, 2.90567626953125e+02, 2.901711730957031e+02, 2.898067321777344e+02, 2.895022277832031e+02, 2.894202270507812e+02, 2.891009216308594e+02, 2.887409362792969e+02, 2.883399963378906e+02, 2.882379150390625e+02, 2.879365539550781e+02, 2.874812927246094e+02, 2.870220336914062e+02, 2.872622375488281e+02, 2.874708251953125e+02, 2.868126831054688e+02, 2.864045104980469e+02, 2.860314025878906e+02, 2.859698791503906e+02, 2.856496276855469e+02, 2.853035278320312e+02, 2.850088806152344e+02, 2.84948486328125e+02, 2.847336120605469e+02, 2.843898010253906e+02, 2.840152282714844e+02, 2.837958068847656e+02, 2.836365966796875e+02, 2.832451782226562e+02, 2.828773193359375e+02, 2.825628051757812e+02, 2.825367431640625e+02, 2.822097778320312e+02, 2.819207763671875e+02, 2.816598510742188e+02, 2.816321411132812e+02, 2.814477844238281e+02, 2.812020263671875e+02, 2.809687805175781e+02, 2.81147705078125e+02, 2.8130224609375e+02, 2.808924560546875e+02, 2.803974609375e+02, 2.79879638671875e+02, 2.798230285644531e+02, 2.792763061523438e+02, 2.789252319335938e+02, 2.786757202148438e+02, 2.791966552734375e+02, 2.789186401367188e+02, 2.786676330566406e+02, 2.783873291015625e+02, 2.782624206542969e+02, 2.781676940917969e+02, 2.778470764160156e+02, 2.775108947753906e+02, 2.772293701171875e+02, 2.77106689453125e+02, 2.768634643554688e+02, 2.767339172363281e+02, 2.766391906738281e+02, 2.76781494140625e+02, 2.767091369628906e+02, 2.766222839355469e+02, 2.765192260742188e+02, 2.764727783203125e+02, 2.768810424804688e+02, 2.767037353515625e+02, 2.766516723632812e+02, 2.766310119628906e+02, 2.770814819335938e+02, 2.770460815429688e+02, 2.770297241210938e+02, 2.770172119140625e+02, 2.772447509765625e+02, 2.775586242675781e+02, 2.774349975585938e+02, 2.7725439453125e+02, 2.7842529296875e+02, 2.783128356933594e+02, 2.779908142089844e+02, 2.779711303710938e+02, 2.783604736328125e+02, 2.791244812011719e+02, 2.7901025390625e+02, 2.790231323242188e+02, 2.790302734375e+02, 2.793212280273438e+02, 2.79382568359375e+02, 2.793074951171875e+02, 2.791944885253906e+02, 2.791558227539062e+02, 2.791324768066406e+02, 2.78994384765625e+02, 2.787393188476562e+02]
structure.TSensor[3]=[2.931499938964844e+02, 2.921243896484375e+02, 2.919194641113281e+02, 2.916242370605469e+02, 2.911662902832031e+02, 2.90659423828125e+02, 2.902309875488281e+02, 2.899195556640625e+02, 2.89446533203125e+02, 2.890081481933594e+02, 2.886293640136719e+02, 2.88498291015625e+02, 2.88154296875e+02, 2.877831115722656e+02, 2.873661193847656e+02, 2.872597045898438e+02, 2.8696044921875e+02, 2.864969787597656e+02, 2.860040893554688e+02, 2.862371215820312e+02, 2.864996643066406e+02, 2.858244934082031e+02, 2.854123229980469e+02, 2.850187072753906e+02, 2.849506530761719e+02, 2.846362915039062e+02, 2.842850952148438e+02, 2.839712829589844e+02, 2.839016723632812e+02, 2.836969299316406e+02, 2.833641357421875e+02, 2.829893798828125e+02, 2.827608032226562e+02, 2.826034545898438e+02, 2.822101440429688e+02, 2.8183447265625e+02, 2.815052185058594e+02, 2.814861450195312e+02, 2.811673583984375e+02, 2.808847961425781e+02, 2.806250610351562e+02, 2.806113586425781e+02, 2.804593200683594e+02, 2.802431030273438e+02, 2.800316467285156e+02, 2.802482299804688e+02, 2.804747924804688e+02, 2.801179504394531e+02, 2.796357116699219e+02, 2.790827331542969e+02, 2.790003356933594e+02, 2.78381103515625e+02, 2.779507446289062e+02, 2.776222534179688e+02, 2.781528625488281e+02, 2.779028015136719e+02, 2.776824340820312e+02, 2.774188842773438e+02, 2.773003845214844e+02, 2.772210998535156e+02, 2.769013061523438e+02, 2.765526428222656e+02, 2.7625e+02, 2.761194458007812e+02, 2.758675231933594e+02, 2.757430725097656e+02, 2.756671752929688e+02, 2.7585498046875e+02, 2.758329772949219e+02, 2.758032531738281e+02, 2.757437133789062e+02, 2.75732666015625e+02, 2.761831359863281e+02, 2.760824279785156e+02, 2.760928649902344e+02, 2.761124572753906e+02, 2.766201477050781e+02, 2.766562805175781e+02, 2.767092590332031e+02, 2.767447204589844e+02, 2.770159301757812e+02, 2.774234008789062e+02, 2.773418273925781e+02, 2.77162841796875e+02, 2.784479064941406e+02, 2.783395080566406e+02, 2.779985656738281e+02, 2.779576416015625e+02, 2.783385314941406e+02, 2.792055358886719e+02, 2.791479797363281e+02, 2.791956481933594e+02, 2.792062377929688e+02, 2.795111083984375e+02, 2.795839538574219e+02, 2.795003356933594e+02, 2.793451538085938e+02, 2.792440185546875e+02, 2.791707153320312e+02, 2.789793395996094e+02, 2.786519470214844e+02]
constantAirFlowRecup.hex.T_in1=[2.931499938964844e+02, 2.915664367675781e+02, 2.914029541015625e+02, 2.912289733886719e+02, 2.907463684082031e+02, 2.902112426757812e+02, 2.897870178222656e+02, 2.895780944824219e+02, 2.891282043457031e+02, 2.887239074707031e+02, 2.884201965332031e+02, 2.884099731445312e+02, 2.881029968261719e+02, 2.87701904296875e+02, 2.872464294433594e+02, 2.871693115234375e+02, 2.869364624023438e+02, 2.863966979980469e+02, 2.858647766113281e+02, 2.8601904296875e+02, 2.866678466796875e+02, 2.858667602539062e+02, 2.853867492675781e+02, 2.849786376953125e+02, 2.84934326171875e+02, 2.846988220214844e+02, 2.843247375488281e+02, 2.840347595214844e+02, 2.840326843261719e+02, 2.838972473144531e+02, 2.835026550292969e+02, 2.830679016113281e+02, 2.828103332519531e+02, 2.827540893554688e+02, 2.823153991699219e+02, 2.819026794433594e+02, 2.815823364257812e+02, 2.816388854980469e+02, 2.813357543945312e+02, 2.81041015625e+02, 2.807899169921875e+02, 2.8082666015625e+02, 2.807264709472656e+02, 2.804763793945312e+02, 2.802420959472656e+02, 2.804553527832031e+02, 2.809159545898438e+02, 2.803676147460938e+02, 2.796670532226562e+02, 2.789691772460938e+02, 2.789035949707031e+02, 2.782863464355469e+02, 2.779210815429688e+02, 2.777044372558594e+02, 2.784522399902344e+02, 2.782847290039062e+02, 2.780140075683594e+02, 2.776918334960938e+02, 2.775563354492188e+02, 2.775633850097656e+02, 2.771762084960938e+02, 2.767673034667969e+02, 2.764540405273438e+02, 2.763623352050781e+02, 2.7614990234375e+02, 2.7608251953125e+02, 2.760593566894531e+02, 2.763308410644531e+02, 2.763486022949219e+02, 2.762944641113281e+02, 2.76201416015625e+02, 2.761771545410156e+02, 2.767779846191406e+02, 2.766051940917969e+02, 2.7656103515625e+02, 2.765541687011719e+02, 2.771500854492188e+02, 2.77207763671875e+02, 2.77178466796875e+02, 2.771489562988281e+02, 2.773666381835938e+02, 2.779126892089844e+02, 2.776748352050781e+02, 2.773389892578125e+02, 2.786802368164062e+02, 2.786449890136719e+02, 2.781917114257812e+02, 2.781320190429688e+02, 2.783912353515625e+02, 2.796205749511719e+02, 2.794966430664062e+02, 2.794443359375e+02, 2.793815612792969e+02, 2.797046203613281e+02, 2.797955322265625e+02, 2.795923156738281e+02, 2.793421325683594e+02, 2.79210693359375e+02, 2.791669006347656e+02, 2.789329528808594e+02, 2.785149536132812e+02]
constantAirFlowRecup.hex.T_in2=[2.8375e+02, 2.829875793457031e+02, 2.840944519042969e+02, 2.840499877929688e+02, 2.823833312988281e+02, 2.804944458007812e+02, 2.799191284179688e+02, 2.801709899902344e+02, 2.791734619140625e+02, 2.7875e+02, 2.789313354492188e+02, 2.807611083984375e+02, 2.800166625976562e+02, 2.788611145019531e+02, 2.774703063964844e+02, 2.786611022949219e+02, 2.78291748046875e+02, 2.761612548828125e+02, 2.746499938964844e+02, 2.761181640625e+02, 2.795503540039062e+02, 2.7725e+02, 2.757034606933594e+02, 2.751260070800781e+02, 2.767439270019531e+02, 2.763649597167969e+02, 2.755991516113281e+02, 2.755499877929688e+02, 2.773331298828125e+02, 2.77119873046875e+02, 2.757536926269531e+02, 2.7420556640625e+02, 2.743611145019531e+02, 2.749981384277344e+02, 2.735768737792969e+02, 2.725632629394531e+02, 2.7225e+02, 2.741178894042969e+02, 2.734389038085938e+02, 2.730499877929688e+02, 2.72861328125e+02, 2.747703857421875e+02, 2.745475158691406e+02, 2.741645812988281e+02, 2.7375e+02, 2.758500061035156e+02, 2.779483032226562e+02, 2.750944519042969e+02, 2.704500122070312e+02, 2.678239440917969e+02, 2.675944519042969e+02, 2.660499877929688e+02, 2.66727783203125e+02, 2.675944519042969e+02, 2.730499877929688e+02, 2.724885864257812e+02, 2.721166687011719e+02, 2.708055419921875e+02, 2.713427429199219e+02, 2.717109069824219e+02, 2.701727600097656e+02, 2.688648986816406e+02, 2.682087097167969e+02, 2.6875e+02, 2.692611083984375e+02, 2.701939697265625e+02, 2.710166625976562e+02, 2.736316528320312e+02, 2.736404418945312e+02, 2.7372900390625e+02, 2.734500122070312e+02, 2.739441833496094e+02, 2.764500122070312e+02, 2.758916931152344e+02, 2.756534423828125e+02, 2.75858642578125e+02, 2.792711791992188e+02, 2.784722290039062e+02, 2.779166564941406e+02, 2.776499938964844e+02, 2.791938171386719e+02, 2.8025e+02, 2.783277893066406e+02, 2.761233825683594e+02, 2.806324462890625e+02, 2.796448364257812e+02, 2.781736755371094e+02, 2.782833251953125e+02, 2.799256896972656e+02, 2.851788635253906e+02, 2.831499938964844e+02, 2.819833374023438e+02, 2.812395629882812e+02, 2.830388793945312e+02, 2.8229052734375e+02, 2.804166564941406e+02, 2.788833312988281e+02, 2.786499938964844e+02, 2.784160766601562e+02, 2.766499938964844e+02, 2.743302612304688e+02]
