last-generated=2019-12-02
statistics-initialization=
{
  "nonlinear": "8, 8",
  "numerical Jacobians": "0"
}
statistics-simulation=
{
  "linear": "0, 0, 0, 0, 0, 0, 4, 0, 0, 0, 0, 0, 0, 0, 0, 0, 0, 0, 0, 0, 0, 0, 0, 0, 0, 0, 4,   0, 0, 0, 0, 0",
  "nonlinear": "1",
  "number of continuous time states": "74",
  "numerical Jacobians": "0"
}
zoneIntWal.TSensor=[2.931499938964844e+02, 2.920081176757812e+02, 2.916107482910156e+02, 2.912483825683594e+02, 2.90898681640625e+02, 2.905914306640625e+02, 2.906593933105469e+02, 2.906210021972656e+02, 2.904913330078125e+02, 2.902072143554688e+02, 2.898658752441406e+02, 2.895635375976562e+02, 2.892577819824219e+02, 2.889482421875e+02, 2.886273498535156e+02, 2.882681884765625e+02, 2.879155883789062e+02, 2.875776977539062e+02, 2.872431945800781e+02, 2.869173889160156e+02, 2.868199768066406e+02, 2.866956787109375e+02, 2.86497802734375e+02, 2.862460021972656e+02, 2.859193115234375e+02, 2.856219482421875e+02, 2.853340454101562e+02, 2.850502014160156e+02, 2.847362670898438e+02, 2.844877624511719e+02, 2.842344360351562e+02, 2.839895324707031e+02, 2.837677307128906e+02, 2.835556030273438e+02, 2.835294189453125e+02, 2.835798645019531e+02, 2.835433349609375e+02, 2.834828186035156e+02, 2.832930908203125e+02, 2.831216125488281e+02, 2.829551391601562e+02, 2.827760314941406e+02, 2.826044006347656e+02, 2.824143676757812e+02, 2.821921691894531e+02, 2.819795837402344e+02, 2.817693176269531e+02, 2.815654907226562e+02, 2.814837341308594e+02, 2.819002380371094e+02, 2.819951477050781e+02, 2.819848327636719e+02, 2.817698059082031e+02, 2.815071105957031e+02, 2.812767333984375e+02, 2.810320129394531e+02, 2.80781494140625e+02, 2.805126953125e+02, 2.802486572265625e+02, 2.799756469726562e+02, 2.797109985351562e+02, 2.794537048339844e+02, 2.793215942382812e+02, 2.813194885253906e+02, 2.838173217773438e+02, 2.858414001464844e+02, 2.856021728515625e+02, 2.845315551757812e+02, 2.840544128417969e+02, 2.836522216796875e+02, 2.832848205566406e+02, 2.829376525878906e+02, 2.825934448242188e+02, 2.822555236816406e+02, 2.81938720703125e+02, 2.816371765136719e+02, 2.813484802246094e+02, 2.812566223144531e+02, 2.810317993164062e+02, 2.815802001953125e+02, 2.820129699707031e+02, 2.815347595214844e+02, 2.811911010742188e+02, 2.809289855957031e+02, 2.806786499023438e+02, 2.804359130859375e+02, 2.802046813964844e+02, 2.799811096191406e+02, 2.797753601074219e+02, 2.795782165527344e+02, 2.793863220214844e+02, 2.793597106933594e+02, 2.795581359863281e+02, 2.796424865722656e+02, 2.796598510742188e+02, 2.794873046875e+02, 2.79294921875e+02, 2.791230163574219e+02, 2.789646301269531e+02, 2.78799560546875e+02, 2.786101379394531e+02]
zone.TSensor=[2.931499938964844e+02, 2.920081176757812e+02, 2.916107482910156e+02, 2.912483825683594e+02, 2.90898681640625e+02, 2.905914306640625e+02, 2.906593933105469e+02, 2.906210021972656e+02, 2.904913330078125e+02, 2.902072143554688e+02, 2.898658752441406e+02, 2.895635375976562e+02, 2.892577819824219e+02, 2.889482421875e+02, 2.886273498535156e+02, 2.882681884765625e+02, 2.879155883789062e+02, 2.875776977539062e+02, 2.872431945800781e+02, 2.869173889160156e+02, 2.868199768066406e+02, 2.866956787109375e+02, 2.86497802734375e+02, 2.862460021972656e+02, 2.859193115234375e+02, 2.856219482421875e+02, 2.853340454101562e+02, 2.850502014160156e+02, 2.847362670898438e+02, 2.844877624511719e+02, 2.842344360351562e+02, 2.839895324707031e+02, 2.837677307128906e+02, 2.835556030273438e+02, 2.835294189453125e+02, 2.835798645019531e+02, 2.835433349609375e+02, 2.834828186035156e+02, 2.832930908203125e+02, 2.831216125488281e+02, 2.829551391601562e+02, 2.827760314941406e+02, 2.826044006347656e+02, 2.824143676757812e+02, 2.821921691894531e+02, 2.819795837402344e+02, 2.817693176269531e+02, 2.815654907226562e+02, 2.814837341308594e+02, 2.819002380371094e+02, 2.819951477050781e+02, 2.819848327636719e+02, 2.817698059082031e+02, 2.815071105957031e+02, 2.812767333984375e+02, 2.810320129394531e+02, 2.80781494140625e+02, 2.805126953125e+02, 2.802486572265625e+02, 2.799756469726562e+02, 2.797109985351562e+02, 2.794537048339844e+02, 2.793215942382812e+02, 2.813194885253906e+02, 2.838173217773438e+02, 2.858414001464844e+02, 2.856021728515625e+02, 2.845315551757812e+02, 2.840544128417969e+02, 2.836522216796875e+02, 2.832848205566406e+02, 2.829376525878906e+02, 2.825934448242188e+02, 2.822555236816406e+02, 2.81938720703125e+02, 2.816371765136719e+02, 2.813484802246094e+02, 2.812566223144531e+02, 2.810317993164062e+02, 2.815802001953125e+02, 2.820129699707031e+02, 2.815347595214844e+02, 2.811911010742188e+02, 2.809289855957031e+02, 2.806786499023438e+02, 2.804359130859375e+02, 2.802046813964844e+02, 2.799811096191406e+02, 2.797753601074219e+02, 2.795782165527344e+02, 2.793863220214844e+02, 2.793597106933594e+02, 2.795581359863281e+02, 2.796424865722656e+02, 2.796598510742188e+02, 2.794873046875e+02, 2.79294921875e+02, 2.791230163574219e+02, 2.789646301269531e+02, 2.78799560546875e+02, 2.786101379394531e+02]
time=[0e+00, 6.048e+05]
