last-generated=2024-10-24
statistics-simulation=
{
  "linear": " ",
  "nonlinear": "1",
  "number of continuous time states": "1",
  "numerical Jacobians": "0"
}
time=[0e+00, 1e+06]
walCap.T=[2.931499938964844e+02, 2.930484313964844e+02, 2.929498291015625e+02, 2.928747253417969e+02, 2.930183410644531e+02, 2.930409851074219e+02, 2.929941101074219e+02, 2.929251708984375e+02, 2.928572387695312e+02, 2.92787841796875e+02, 2.927155456542969e+02, 2.92648193359375e+02, 2.925851440429688e+02, 2.925269165039062e+02, 2.924675598144531e+02, 2.924065856933594e+02, 2.923468627929688e+02, 2.922887878417969e+02, 2.922280883789062e+02, 2.921669006347656e+02, 2.92098876953125e+02, 2.920262756347656e+02, 2.919555358886719e+02, 2.918865966796875e+02, 2.918179626464844e+02, 2.9174951171875e+02, 2.916812744140625e+02, 2.916125183105469e+02, 2.915433349609375e+02, 2.914754333496094e+02, 2.914114379882812e+02, 2.91350341796875e+02, 2.91287109375e+02, 2.912159729003906e+02, 2.911427917480469e+02, 2.910639953613281e+02, 2.909828186035156e+02, 2.908853759765625e+02, 2.909073181152344e+02, 2.911516418457031e+02, 2.913442993164062e+02, 2.913073425292969e+02, 2.912299499511719e+02, 2.911443786621094e+02, 2.910527648925781e+02, 2.909543151855469e+02, 2.908589477539062e+02, 2.909559936523438e+02, 2.909197387695312e+02, 2.908543701171875e+02, 2.907563781738281e+02, 2.9064306640625e+02, 2.90528076171875e+02, 2.904105224609375e+02, 2.90288330078125e+02, 2.902589416503906e+02, 2.904901428222656e+02, 2.907416076660156e+02, 2.908204650878906e+02, 2.907077026367188e+02, 2.905894775390625e+02, 2.904683837890625e+02, 2.903457641601562e+02, 2.902238159179688e+02, 2.902929992675781e+02, 2.904695434570312e+02, 2.906682434082031e+02, 2.906481323242188e+02, 2.90561279296875e+02, 2.904777526855469e+02, 2.903943176269531e+02, 2.903121643066406e+02, 2.90238037109375e+02, 2.902422180175781e+02, 2.903123474121094e+02, 2.903684997558594e+02, 2.903141174316406e+02, 2.902614135742188e+02, 2.902048950195312e+02, 2.901469116210938e+02, 2.900894165039062e+02, 2.901009216308594e+02, 2.90327880859375e+02, 2.905679626464844e+02, 2.906178588867188e+02, 2.905502014160156e+02, 2.904786071777344e+02, 2.904088745117188e+02, 2.903445739746094e+02, 2.902797241210938e+02, 2.9022802734375e+02, 2.90324951171875e+02, 2.905157470703125e+02, 2.905159912109375e+02, 2.904695434570312e+02, 2.904207153320312e+02, 2.903707275390625e+02, 2.903262634277344e+02, 2.902931213378906e+02, 2.902626953125e+02, 2.902182312011719e+02]
