last-generated=2019-09-19
statistics-initialization=
{
  "linear": "0, 0, 0, 0, 0, 0, 0, 0, 0, 0",
  "nonlinear": "7, 7, 5, 5, 0, 2",
  "numerical Jacobians": "0"
}
statistics-simulation=
{
  "linear": "0, 0, 0, 0, 0, 0, 0, 0, 0, 0, 0, 0, 0, 0, 0, 0, 5, 0, 0, 0, 0, 0, 0, 0, 0, 0, 0,   0, 0, 5, 0, 0, 0, 0",
  "nonlinear": "0, 2, 2, 1",
  "number of continuous time states": "76",
  "numerical Jacobians": "0"
}
rectangularZoneTemplate1.TSensor=[2.931499938964844e+02, 2.936732482910156e+02, 2.936172180175781e+02, 2.935659484863281e+02, 2.935240173339844e+02, 2.935881652832031e+02, 2.937751159667969e+02, 2.939261779785156e+02, 2.939002075195312e+02, 2.937864074707031e+02, 2.937304992675781e+02, 2.936761169433594e+02, 2.936189880371094e+02, 2.935796508789062e+02, 2.936204833984375e+02, 2.936635131835938e+02, 2.936828002929688e+02, 2.936455078125e+02, 2.935768737792969e+02, 2.93531005859375e+02, 2.934773559570312e+02, 2.934212341308594e+02, 2.934066162109375e+02, 2.934577026367188e+02, 2.934939880371094e+02, 2.934844665527344e+02, 2.934305114746094e+02, 2.93378662109375e+02, 2.933304443359375e+02, 2.932716064453125e+02, 2.932171325683594e+02, 2.933175659179688e+02, 2.940635375976562e+02, 2.952078857421875e+02, 2.954330444335938e+02, 2.94572021484375e+02, 2.940322265625e+02, 2.938428344726562e+02, 2.937121887207031e+02, 2.936618957519531e+02, 2.937891235351562e+02, 2.943359375e+02, 2.947411193847656e+02, 2.946900939941406e+02, 2.943425903320312e+02, 2.9409716796875e+02, 2.939975891113281e+02, 2.938958435058594e+02, 2.939299011230469e+02, 2.94584716796875e+02, 2.95171630859375e+02, 2.954690551757812e+02, 2.952030029296875e+02, 2.948575744628906e+02, 2.945365295410156e+02, 2.941940307617188e+02, 2.940137023925781e+02, 2.941597290039062e+02, 2.953436279296875e+02, 2.957192687988281e+02, 2.9597900390625e+02, 2.957052001953125e+02, 2.953879699707031e+02, 2.950755615234375e+02, 2.94750732421875e+02, 2.944425659179688e+02, 2.94436279296875e+02, 2.9488427734375e+02, 2.954712524414062e+02, 2.952725830078125e+02, 2.949315490722656e+02, 2.946640930175781e+02, 2.943882141113281e+02, 2.940996398925781e+02, 2.941529541015625e+02, 2.9481103515625e+02, 2.958110656738281e+02, 2.961994018554688e+02, 2.958741455078125e+02, 2.955757751464844e+02, 2.952998046875e+02, 2.950013732910156e+02, 2.947231140136719e+02, 2.949218139648438e+02, 2.955510864257812e+02, 2.9598291015625e+02, 2.963688659667969e+02, 2.9606103515625e+02, 2.957799377441406e+02, 2.954787292480469e+02, 2.951449584960938e+02, 2.949001770019531e+02, 2.950046691894531e+02, 2.953871459960938e+02, 2.955169982910156e+02, 2.953014831542969e+02, 2.949453735351562e+02, 2.946096496582031e+02, 2.942149353027344e+02, 2.939673461914062e+02, 2.939706115722656e+02]
rectangularZoneTemplate.TSensor=[2.931499938964844e+02, 2.936500854492188e+02, 2.936024780273438e+02, 2.935575256347656e+02, 2.935199890136719e+02, 2.935931701660156e+02, 2.937141723632812e+02, 2.938265380859375e+02, 2.938407897949219e+02, 2.937614135742188e+02, 2.937142028808594e+02, 2.936665954589844e+02, 2.936152954101562e+02, 2.93590087890625e+02, 2.936128845214844e+02, 2.936492614746094e+02, 2.936686401367188e+02, 2.936424255371094e+02, 2.935824890136719e+02, 2.935387268066406e+02, 2.934874267578125e+02, 2.934334411621094e+02, 2.934177551269531e+02, 2.934560241699219e+02, 2.934873657226562e+02, 2.934839782714844e+02, 2.934378967285156e+02, 2.933888854980469e+02, 2.933420715332031e+02, 2.932850341796875e+02, 2.932992248535156e+02, 2.933847351074219e+02, 2.935055847167969e+02, 2.936035461425781e+02, 2.936235046386719e+02, 2.935880432128906e+02, 2.934980773925781e+02, 2.934272155761719e+02, 2.933809204101562e+02, 2.935109558105469e+02, 2.935623168945312e+02, 2.937599487304688e+02, 2.938837890625e+02, 2.939078063964844e+02, 2.938595581054688e+02, 2.938232116699219e+02, 2.937748413085938e+02, 2.937183227539062e+02, 2.93914306640625e+02, 2.940283203125e+02, 2.942200012207031e+02, 2.943896789550781e+02, 2.943211059570312e+02, 2.941065673828125e+02, 2.94001953125e+02, 2.939009704589844e+02, 2.939986267089844e+02, 2.940704956054688e+02, 2.944297485351562e+02, 2.948160095214844e+02, 2.949723510742188e+02, 2.948506469726562e+02, 2.946213684082031e+02, 2.943815307617188e+02, 2.941286010742188e+02, 2.940225830078125e+02, 2.940710754394531e+02, 2.941965942382812e+02, 2.943792724609375e+02, 2.943592529296875e+02, 2.941522521972656e+02, 2.940497436523438e+02, 2.939687805175781e+02, 2.938926086425781e+02, 2.940624084472656e+02, 2.9426708984375e+02, 2.946455383300781e+02, 2.948264465332031e+02, 2.947529602050781e+02, 2.945621948242188e+02, 2.943633728027344e+02, 2.941410827636719e+02, 2.942087097167969e+02, 2.943617553710938e+02, 2.946722412109375e+02, 2.949425659179688e+02, 2.950711059570312e+02, 2.950126647949219e+02, 2.948236999511719e+02, 2.945999755859375e+02, 2.943453979492188e+02, 2.942859191894531e+02, 2.9430517578125e+02, 2.9450830078125e+02, 2.946097412109375e+02, 2.945070190429688e+02, 2.942505798339844e+02, 2.940575866699219e+02, 2.939288024902344e+02, 2.938239440917969e+02, 2.939537353515625e+02]
time=[1e+07, 1.1e+07]
pumpSec.heatPort.T=[2.931499938964844e+02, 3.363213500976562e+02, 3.389817810058594e+02, 3.375512084960938e+02, 3.369409790039062e+02, 3.397788391113281e+02, 3.391205749511719e+02, 3.377561950683594e+02, 3.368905944824219e+02, 3.385416564941406e+02, 3.361925964355469e+02, 3.381843566894531e+02, 3.385119018554688e+02, 3.390278930664062e+02, 3.359515380859375e+02, 3.385762634277344e+02, 3.362140808105469e+02, 3.375550842285156e+02, 3.379653015136719e+02, 3.363807373046875e+02, 3.370904846191406e+02, 3.362420043945312e+02, 3.361085510253906e+02, 3.390897521972656e+02, 3.389944763183594e+02, 3.398059692382812e+02, 3.36989013671875e+02, 3.398306579589844e+02, 3.393036804199219e+02, 3.391417846679688e+02, 3.391979675292969e+02, 3.38914306640625e+02, 3.361227416992188e+02, 3.367668151855469e+02, 3.361130981445312e+02, 3.358561706542969e+02, 3.365508117675781e+02, 3.383818359375e+02, 3.389354553222656e+02, 3.392900695800781e+02, 3.367334899902344e+02, 3.384202270507812e+02, 3.369923706054688e+02, 3.389694213867188e+02, 3.384219360351562e+02, 3.381036071777344e+02, 3.384117431640625e+02, 3.394203186035156e+02, 3.391050415039062e+02, 3.372831726074219e+02, 3.3818359375e+02, 3.371310424804688e+02, 3.360293579101562e+02, 3.388726501464844e+02, 3.388748779296875e+02, 3.390521850585938e+02, 3.366307373046875e+02, 3.377518615722656e+02, 3.361222839355469e+02, 3.386806335449219e+02, 3.385502624511719e+02, 3.376090698242188e+02, 3.365282897949219e+02, 3.380076599121094e+02, 3.387655029296875e+02, 3.363147583007812e+02, 3.371720886230469e+02, 3.381687927246094e+02, 3.371117858886719e+02, 3.360090637207031e+02, 3.387496032714844e+02, 3.366173400878906e+02, 3.387119445800781e+02, 3.390621032714844e+02, 3.373608703613281e+02, 3.386009521484375e+02, 3.386026000976562e+02, 3.376810607910156e+02, 3.366065673828125e+02, 3.377681579589844e+02, 3.388037109375e+02, 3.380709838867188e+02, 3.388717041015625e+02, 3.38287109375e+02, 3.372469787597656e+02, 3.361492309570312e+02, 3.386426391601562e+02, 3.3859521484375e+02, 3.376722717285156e+02, 3.3659423828125e+02, 3.3782861328125e+02, 3.387908325195312e+02, 3.3803955078125e+02, 3.369724731445312e+02, 3.362886352539062e+02, 3.388092041015625e+02, 3.383663024902344e+02, 3.388557739257812e+02, 3.363244323730469e+02, 3.393095703125e+02, 3.381913757324219e+02]
heaPum.QCon_flow=[0e+00, 0e+00, 5.509788818359375e+02, 0e+00, 0e+00, 0e+00, 0e+00, 0e+00, 0e+00, 0e+00, 5.892852172851562e+02, 0e+00, 5.560819091796875e+02, 0e+00, 5.939757690429688e+02, 0e+00, 0e+00, 5.670277709960938e+02, 0e+00, 5.82581298828125e+02, 0e+00, 5.821558227539062e+02, 5.842122802734375e+02, 0e+00, 5.509173583984375e+02, 5.433391723632812e+02, 5.713705444335938e+02, 5.436622314453125e+02, 5.481185913085938e+02, 5.498733520507812e+02, 5.500256958007812e+02, 5.509304809570312e+02, 5.912876586914062e+02, 0e+00, 0e+00, 6.123466186523438e+02, 5.8165771484375e+02, 5.57598876953125e+02, 5.5162255859375e+02, 0e+00, 0e+00, 0e+00, 5.546449584960938e+02, 0e+00, 0e+00, 0e+00, 0e+00, 0e+00, 0e+00, 0e+00, 0e+00, 0e+00, 0e+00, 0e+00, 0e+00, 0e+00, 0e+00, 0e+00, 0e+00, 0e+00, 0e+00, 0e+00, 0e+00, 0e+00, 0e+00, 0e+00, 0e+00, 0e+00, 0e+00, 0e+00, 0e+00, 0e+00, 0e+00, 0e+00, 0e+00, 0e+00, 0e+00, 0e+00, 0e+00, 0e+00, 0e+00, 0e+00, 0e+00, 0e+00, 0e+00, 0e+00, 0e+00, 0e+00, 0e+00, 0e+00, 0e+00, 0e+00, 0e+00, 0e+00, 0e+00, 0e+00, 0e+00, 0e+00, 5.763011474609375e+02, 0e+00, 0e+00]
