last-generated=2020-11-19
statistics-initialization=
{
  "nonlinear": "7, 7, 7, 7",
  "numerical Jacobians": "0"
}
statistics-simulation=
{
  "linear": "0, 0, 0, 0, 0, 0, 4, 0, 0, 0, 0, 0, 0, 0, 0, 0, 0, 0, 0, 0, 4, 0, 0, 0, 0, 0, 0,   0, 0, 0, 0, 0, 0, 0, 4, 0, 0, 0, 0, 0, 0, 0, 0, 0, 0, 0, 0, 0, 4, 0, 0, 0, 0,   0, 0, 0",
  "nonlinear": "1",
  "number of continuous time states": "128",
  "numerical Jacobians": "0"
}
time=[0e+00, 2e+03]
zoneFixed.intGaiOcc.nOcc=[2e+00, 2e+00]
zoneInput.intGaiOcc.nOcc=[0e+00, 7.999999821186066e-02, 1.599999964237213e-01, 2.39999994635582e-01, 3.199999928474426e-01, 4.000000059604645e-01, 4.799999892711639e-01, 5.600000023841858e-01, 6.399999856948853e-01, 7.200000286102295e-01, 8.00000011920929e-01, 8.799999952316284e-01, 9.599999785423279e-01, 1.039999961853027e+00, 1.120000004768372e+00, 1.200000047683716e+00, 1.279999971389771e+00, 1.360000014305115e+00, 1.440000057220459e+00, 1.519999980926514e+00, 1.600000023841858e+00, 1.679999947547913e+00, 1.759999990463257e+00, 1.840000033378601e+00, 1.919999957084656e+00, 2e+00, 2.079999923706055e+00, 2.160000085830688e+00, 2.240000009536743e+00, 2.319999933242798e+00, 2.400000095367432e+00, 2.480000019073486e+00, 2.559999942779541e+00, 2.640000104904175e+00, 2.720000028610229e+00, 2.799999952316284e+00, 2.880000114440918e+00, 2.960000038146973e+00, 3.039999961853027e+00, 3.119999885559082e+00, 3.200000047683716e+00, 3.279999971389771e+00, 3.359999895095825e+00, 3.440000057220459e+00, 3.519999980926514e+00, 3.599999904632568e+00, 3.680000066757202e+00, 3.759999990463257e+00, 3.839999914169312e+00, 3.920000076293945e+00, 4e+00, 4e+00, 4e+00, 4e+00, 4e+00, 4e+00, 4e+00, 4e+00, 4e+00, 4e+00, 4e+00, 4e+00, 4e+00, 4e+00, 4e+00, 4e+00, 4e+00, 4e+00, 4e+00, 4e+00, 4e+00, 4e+00, 4e+00, 4e+00, 4e+00, 4e+00, 4e+00, 4e+00, 4e+00, 4e+00, 4e+00, 4e+00, 4e+00, 4e+00, 4e+00, 4e+00, 4e+00, 4e+00, 4e+00, 4e+00, 4e+00, 4e+00, 4e+00, 4e+00, 4e+00, 4e+00, 4e+00, 4e+00, 4e+00, 4e+00, 4e+00]
zoneBlock.intGaiOcc.nOcc=[2e+00, 2.250666379928589e+00, 2.497379779815674e+00, 2.736249208450317e+00, 2.963507413864136e+00, 3.175570487976074e+00, 3.369094133377075e+00, 3.541026592254639e+00, 3.688655853271484e+00, 3.809653997421265e+00, 3.90211296081543e+00, 3.964574575424194e+00, 3.996053457260132e+00, 3.996053457260132e+00, 3.964574575424194e+00, 3.90211296081543e+00, 3.809653997421265e+00, 3.688655853271484e+00, 3.541026592254639e+00, 3.369094133377075e+00, 3.175570487976074e+00, 2.963507413864136e+00, 2.736249208450317e+00, 2.497379779815674e+00, 2.250666379928589e+00, 2e+00, 1.749333500862122e+00, 1.502620220184326e+00, 1.263750910758972e+00, 1.036492705345154e+00, 8.244295120239258e-01, 6.3090580701828e-01, 4.589735269546509e-01, 3.113441467285156e-01, 1.90345898270607e-01, 9.788696467876434e-02, 3.542549908161163e-02, 3.946543205529451e-03, 3.946543205529451e-03, 3.542549908161163e-02, 9.788696467876434e-02, 1.90345898270607e-01, 3.113441467285156e-01, 4.589735269546509e-01, 6.3090580701828e-01, 8.244295120239258e-01, 1.036492705345154e+00, 1.263750910758972e+00, 1.502620220184326e+00, 1.749333500862122e+00, 2e+00, 2.250666379928589e+00, 2.497379779815674e+00, 2.736249208450317e+00, 2.963507413864136e+00, 3.175570487976074e+00, 3.369094133377075e+00, 3.541026592254639e+00, 3.688655853271484e+00, 3.809653997421265e+00, 3.90211296081543e+00, 3.964574575424194e+00, 3.996053457260132e+00, 3.996053457260132e+00, 3.964574575424194e+00, 3.90211296081543e+00, 3.809653997421265e+00, 3.688655853271484e+00, 3.541026592254639e+00, 3.369094133377075e+00, 3.175570487976074e+00, 2.963507413864136e+00, 2.736249208450317e+00, 2.497379779815674e+00, 2.250666379928589e+00, 2e+00, 1.749333500862122e+00, 1.502620220184326e+00, 1.263750910758972e+00, 1.036492705345154e+00, 8.244295120239258e-01, 6.3090580701828e-01, 4.589735269546509e-01, 3.113441467285156e-01, 1.90345898270607e-01, 9.788696467876434e-02, 3.542549908161163e-02, 3.946543205529451e-03, 3.946543205529451e-03, 3.542549908161163e-02, 9.788696467876434e-02, 1.90345898270607e-01, 3.113441467285156e-01, 4.589735269546509e-01, 6.3090580701828e-01, 8.244295120239258e-01, 1.036492705345154e+00, 1.263750910758972e+00, 1.502620220184326e+00, 1.749333500862122e+00, 2e+00]
zoneAreaWeightedInput.occNum.nOcc=[0e+00, 6.400000303983688e-02, 1.280000060796738e-01, 1.920000016689301e-01, 2.560000121593475e-01, 3.199999928474426e-01, 3.840000033378601e-01, 4.480000138282776e-01, 5.120000243186951e-01, 5.759999752044678e-01, 6.399999856948853e-01, 7.039999961853027e-01, 7.680000066757202e-01, 8.320000171661377e-01, 8.960000276565552e-01, 9.599999785423279e-01, 1.02400004863739e+00, 1.088000059127808e+00, 1.151999950408936e+00, 1.215999960899353e+00, 1.279999971389771e+00, 1.343999981880188e+00, 1.407999992370605e+00, 1.472000002861023e+00, 1.53600001335144e+00, 1.600000023841858e+00, 1.664000034332275e+00, 1.728000044822693e+00, 1.79200005531311e+00, 1.855999946594238e+00, 1.919999957084656e+00, 1.983999967575073e+00, 2.04800009727478e+00, 2.111999988555908e+00, 2.176000118255615e+00, 2.240000009536743e+00, 2.303999900817871e+00, 2.368000030517578e+00, 2.431999921798706e+00, 2.496000051498413e+00, 2.559999942779541e+00, 2.624000072479248e+00, 2.687999963760376e+00, 2.752000093460083e+00, 2.815999984741211e+00, 2.880000114440918e+00, 2.944000005722046e+00, 3.007999897003174e+00, 3.072000026702881e+00, 3.135999917984009e+00, 3.200000047683716e+00, 3.200000047683716e+00, 3.200000047683716e+00, 3.200000047683716e+00, 3.200000047683716e+00, 3.200000047683716e+00, 3.200000047683716e+00, 3.200000047683716e+00, 3.200000047683716e+00, 3.200000047683716e+00, 3.200000047683716e+00, 3.200000047683716e+00, 3.200000047683716e+00, 3.200000047683716e+00, 3.200000047683716e+00, 3.200000047683716e+00, 3.200000047683716e+00, 3.200000047683716e+00, 3.200000047683716e+00, 3.200000047683716e+00, 3.200000047683716e+00, 3.200000047683716e+00, 3.200000047683716e+00, 3.200000047683716e+00, 3.200000047683716e+00, 3.200000047683716e+00, 3.200000047683716e+00, 3.200000047683716e+00, 3.200000047683716e+00, 3.200000047683716e+00, 3.200000047683716e+00, 3.200000047683716e+00, 3.200000047683716e+00, 3.200000047683716e+00, 3.200000047683716e+00, 3.200000047683716e+00, 3.200000047683716e+00, 3.200000047683716e+00, 3.200000047683716e+00, 3.200000047683716e+00, 3.200000047683716e+00, 3.200000047683716e+00, 3.200000047683716e+00, 3.200000047683716e+00, 3.200000047683716e+00, 3.200000047683716e+00, 3.200000047683716e+00, 3.200000047683716e+00, 3.200000047683716e+00, 3.200000047683716e+00, 3.200000047683716e+00]
zoneFixed.TSensor=[2.931499938964844e+02, 2.931205444335938e+02, 2.930914611816406e+02, 2.930629272460938e+02, 2.930350036621094e+02, 2.930076904296875e+02, 2.929810485839844e+02, 2.929551086425781e+02, 2.929298706054688e+02, 2.929053344726562e+02, 2.928815002441406e+02, 2.928583679199219e+02, 2.928359069824219e+02, 2.928141174316406e+02, 2.927930297851562e+02, 2.927725524902344e+02, 2.927527465820312e+02, 2.927335510253906e+02, 2.927149658203125e+02, 2.926969909667969e+02, 2.926795959472656e+02, 2.926627807617188e+02, 2.92646484375e+02, 2.926307067871094e+02, 2.926154174804688e+02, 2.926006164550781e+02, 2.925862426757812e+02, 2.925723571777344e+02, 2.925588684082031e+02, 2.925457763671875e+02, 2.925330810546875e+02, 2.925207824707031e+02, 2.925088195800781e+02, 2.924971923828125e+02, 2.924859008789062e+02, 2.924749450683594e+02, 2.924642639160156e+02, 2.924538879394531e+02, 2.924438171386719e+02, 2.924339904785156e+02, 2.924244079589844e+02, 2.924151000976562e+02, 2.92406005859375e+02, 2.923971557617188e+02, 2.923885192871094e+02, 2.92380126953125e+02, 2.923718872070312e+02, 2.923638610839844e+02, 2.923560485839844e+02, 2.92348388671875e+02, 2.923409118652344e+02, 2.923336181640625e+02, 2.923264465332031e+02, 2.923194580078125e+02, 2.923126220703125e+02, 2.923059387207031e+02, 2.922993774414062e+02, 2.922929382324219e+02, 2.922866516113281e+02, 2.922804870605469e+02, 2.922744445800781e+02, 2.922684936523438e+02, 2.922626953125e+02, 2.922569885253906e+02, 2.922513732910156e+02, 2.922458801269531e+02, 2.92240478515625e+02, 2.922351684570312e+02, 2.922299499511719e+02, 2.922248229980469e+02, 2.922197875976562e+02, 2.9221484375e+02, 2.922099609375e+02, 2.922051696777344e+02, 2.92200439453125e+02, 2.9219580078125e+02, 2.921912231445312e+02, 2.921867065429688e+02, 2.921822814941406e+02, 2.921779174804688e+02, 2.92173583984375e+02, 2.921693420410156e+02, 2.921651611328125e+02, 2.921610107421875e+02, 2.921569519042969e+02, 2.921529235839844e+02, 2.921489562988281e+02, 2.921450500488281e+02, 2.921411743164062e+02, 2.921373596191406e+02, 2.921335754394531e+02, 2.921298522949219e+02, 2.921261901855469e+02, 2.921225280761719e+02, 2.921189270019531e+02, 2.921153869628906e+02, 2.921118774414062e+02, 2.921083984375e+02, 2.921049499511719e+02, 2.921015625e+02, 2.920982055664062e+02]
zoneInput.TSensor=[2.931499938964844e+02, 2.931155700683594e+02, 2.930819091796875e+02, 2.930491638183594e+02, 2.930173645019531e+02, 2.92986572265625e+02, 2.92956787109375e+02, 2.929280700683594e+02, 2.929003295898438e+02, 2.928736572265625e+02, 2.928479614257812e+02, 2.928232421875e+02, 2.927994995117188e+02, 2.927767028808594e+02, 2.927547912597656e+02, 2.927337951660156e+02, 2.927136840820312e+02, 2.926943969726562e+02, 2.926759033203125e+02, 2.926582336425781e+02, 2.926413269042969e+02, 2.926251831054688e+02, 2.926097106933594e+02, 2.92594970703125e+02, 2.925808715820312e+02, 2.925673828125e+02, 2.925545043945312e+02, 2.925421752929688e+02, 2.925304260253906e+02, 2.925191955566406e+02, 2.925084533691406e+02, 2.924981994628906e+02, 2.924884033203125e+02, 2.924790649414062e+02, 2.924701232910156e+02, 2.924616088867188e+02, 2.924534606933594e+02, 2.924456787109375e+02, 2.924382629394531e+02, 2.924312133789062e+02, 2.924244689941406e+02, 2.924180297851562e+02, 2.924118957519531e+02, 2.924060668945312e+02, 2.924004821777344e+02, 2.923952026367188e+02, 2.9239013671875e+02, 2.923853454589844e+02, 2.923807983398438e+02, 2.9237646484375e+02, 2.923723449707031e+02, 2.923683166503906e+02, 2.923643188476562e+02, 2.923603515625e+02, 2.923563842773438e+02, 2.923524169921875e+02, 2.923484802246094e+02, 2.923445434570312e+02, 2.923406372070312e+02, 2.923367614746094e+02, 2.923329162597656e+02, 2.923290710449219e+02, 2.923252563476562e+02, 2.923214721679688e+02, 2.923177185058594e+02, 2.9231396484375e+02, 2.923102722167969e+02, 2.923065795898438e+02, 2.923029479980469e+02, 2.9229931640625e+02, 2.922957458496094e+02, 2.922921752929688e+02, 2.922886352539062e+02, 2.922851257324219e+02, 2.922816772460938e+02, 2.922782287597656e+02, 2.922748107910156e+02, 2.922714233398438e+02, 2.9226806640625e+02, 2.922647399902344e+02, 2.922614440917969e+02, 2.922581787109375e+02, 2.922549438476562e+02, 2.922517395019531e+02, 2.922485656738281e+02, 2.922454223632812e+02, 2.922423095703125e+02, 2.922391967773438e+02, 2.922361450195312e+02, 2.922330932617188e+02, 2.922301025390625e+02, 2.922271118164062e+02, 2.922241516113281e+02, 2.922212219238281e+02, 2.922183227539062e+02, 2.922154235839844e+02, 2.922125854492188e+02, 2.922097473144531e+02, 2.922069396972656e+02, 2.922041625976562e+02, 2.92201416015625e+02]
zoneBlock.TSensor=[2.931499938964844e+02, 2.931313781738281e+02, 2.931146545410156e+02, 2.930998840332031e+02, 2.930869445800781e+02, 2.930757141113281e+02, 2.930660400390625e+02, 2.930578002929688e+02, 2.930507202148438e+02, 2.930446166992188e+02, 2.93039306640625e+02, 2.930345153808594e+02, 2.930299987792969e+02, 2.930255126953125e+02, 2.930208740234375e+02, 2.930158081054688e+02, 2.930101623535156e+02, 2.930036926269531e+02, 2.929962463378906e+02, 2.929877014160156e+02, 2.929778747558594e+02, 2.929667358398438e+02, 2.929541931152344e+02, 2.92940185546875e+02, 2.929247131347656e+02, 2.929078369140625e+02, 2.928895568847656e+02, 2.928699645996094e+02, 2.928491821289062e+02, 2.928273315429688e+02, 2.928045654296875e+02, 2.927810668945312e+02, 2.927570495605469e+02, 2.927326965332031e+02, 2.927082214355469e+02, 2.92683837890625e+02, 2.926597900390625e+02, 2.926362915039062e+02, 2.92613525390625e+02, 2.925917358398438e+02, 2.925711059570312e+02, 2.925518188476562e+02, 2.925340270996094e+02, 2.925178527832031e+02, 2.9250341796875e+02, 2.924908142089844e+02, 2.924801025390625e+02, 2.924713134765625e+02, 2.924644775390625e+02, 2.924595336914062e+02, 2.924564514160156e+02, 2.924551696777344e+02, 2.9245556640625e+02, 2.9245751953125e+02, 2.924609375e+02, 2.924656066894531e+02, 2.924713439941406e+02, 2.924779663085938e+02, 2.924852905273438e+02, 2.924930725097656e+02, 2.925010681152344e+02, 2.925091247558594e+02, 2.925169677734375e+02, 2.925244140625e+02, 2.9253125e+02, 2.925372314453125e+02, 2.925422668457031e+02, 2.92546142578125e+02, 2.925487365722656e+02, 2.925498657226562e+02, 2.925494995117188e+02, 2.925475158691406e+02, 2.925438842773438e+02, 2.925386047363281e+02, 2.925316467285156e+02, 2.925230407714844e+02, 2.925129089355469e+02, 2.925013122558594e+02, 2.924883422851562e+02, 2.924741821289062e+02, 2.924589233398438e+02, 2.924428100585938e+02, 2.92426025390625e+02, 2.924087219238281e+02, 2.923911743164062e+02, 2.923735656738281e+02, 2.923561401367188e+02, 2.923390808105469e+02, 2.923226318359375e+02, 2.923070068359375e+02, 2.922923583984375e+02, 2.922788696289062e+02, 2.922666931152344e+02, 2.922560119628906e+02, 2.922468872070312e+02, 2.922394104003906e+02, 2.922336730957031e+02, 2.922297058105469e+02, 2.922275085449219e+02, 2.9222705078125e+02, 2.922283020019531e+02]
zoneAreaWeightedInput.TSensor=[2.931499938964844e+02, 2.931155395507812e+02, 2.930818481445312e+02, 2.930489807128906e+02, 2.930170593261719e+02, 2.92986083984375e+02, 2.929561157226562e+02, 2.929271240234375e+02, 2.92899169921875e+02, 2.928721618652344e+02, 2.928461608886719e+02, 2.928211059570312e+02, 2.927969665527344e+02, 2.927737731933594e+02, 2.9275146484375e+02, 2.927300415039062e+02, 2.927094421386719e+02, 2.926896667480469e+02, 2.926707153320312e+02, 2.926524963378906e+02, 2.926350708007812e+02, 2.926183471679688e+02, 2.926023559570312e+02, 2.925870056152344e+02, 2.925723266601562e+02, 2.925582275390625e+02, 2.925447387695312e+02, 2.925317993164062e+02, 2.925194091796875e+02, 2.925075073242188e+02, 2.924961242675781e+02, 2.924851989746094e+02, 2.924747314453125e+02, 2.924646911621094e+02, 2.92455078125e+02, 2.924458618164062e+02, 2.9243701171875e+02, 2.924285278320312e+02, 2.924203796386719e+02, 2.924125671386719e+02, 2.924050903320312e+02, 2.923979187011719e+02, 2.923910217285156e+02, 2.923844299316406e+02, 2.923781127929688e+02, 2.923720397949219e+02, 2.923662109375e+02, 2.923606262207031e+02, 2.923552856445312e+02, 2.923501281738281e+02, 2.9234521484375e+02, 2.923404235839844e+02, 2.92335693359375e+02, 2.923309631347656e+02, 2.923262939453125e+02, 2.923216857910156e+02, 2.923171081542969e+02, 2.923125610351562e+02, 2.923080749511719e+02, 2.923036193847656e+02, 2.922992248535156e+02, 2.922948608398438e+02, 2.922905578613281e+02, 2.922862854003906e+02, 2.922820434570312e+02, 2.922778625488281e+02, 2.922737426757812e+02, 2.922696228027344e+02, 2.922655639648438e+02, 2.922615661621094e+02, 2.922575988769531e+02, 2.92253662109375e+02, 2.922497863769531e+02, 2.922459106445312e+02, 2.922421264648438e+02, 2.922383422851562e+02, 2.92234619140625e+02, 2.922309265136719e+02, 2.922272644042969e+02, 2.922236633300781e+02, 2.922200622558594e+02, 2.922165222167969e+02, 2.922130126953125e+02, 2.922095642089844e+02, 2.922061157226562e+02, 2.922026977539062e+02, 2.921993408203125e+02, 2.921960144042969e+02, 2.921927185058594e+02, 2.921894226074219e+02, 2.921861877441406e+02, 2.921829833984375e+02, 2.921798095703125e+02, 2.921766662597656e+02, 2.921735534667969e+02, 2.921704711914062e+02, 2.921674194335938e+02, 2.921643676757812e+02, 2.92161376953125e+02, 2.921583862304688e+02, 2.921554565429688e+02]
