last-generated=2023-09-20
statistics-initialization=
{
  "nonlinear": "7, 7, 1, 1",
  "numerical Jacobians": "0"
}
statistics-simulation=
{
  "linear": "0, 0, 0, 0, 0, 0, 0, 0, 4, 0, 0, 0, 0, 0, 0, 0, 0, 0, 0, 0, 0, 0, 4, 0, 0, 0, 0,   0",
  "nonlinear": "1, 1, 1",
  "number of continuous time states": "78",
  "numerical Jacobians": "0"
}
time=[1e+07, 1.2e+07]
sim.Te=[2.894833374023438e+02, 2.836236267089844e+02, 2.827462768554688e+02, 2.831058654785156e+02, 2.841499938964844e+02, 2.826997985839844e+02, 2.80917724609375e+02, 2.799411010742188e+02, 2.830309143066406e+02, 2.829553527832031e+02, 2.790854797363281e+02, 2.783362731933594e+02, 2.867833251953125e+02, 2.880499877929688e+02, 2.830696105957031e+02, 2.826581420898438e+02, 2.851524658203125e+02, 2.879353637695312e+02, 2.818515014648438e+02, 2.783740844726562e+02, 2.799701538085938e+02, 2.832342834472656e+02, 2.815499877929688e+02, 2.784277648925781e+02, 2.782693176269531e+02, 2.843285522460938e+02, 2.860570373535156e+02, 2.802997436523438e+02, 2.757696533203125e+02, 2.86727783203125e+02, 2.896944580078125e+02, 2.853500061035156e+02, 2.81735107421875e+02, 2.828349914550781e+02, 2.85615966796875e+02, 2.832833862304688e+02, 2.778554992675781e+02, 2.807515869140625e+02, 2.869569396972656e+02, 2.876581115722656e+02, 2.823500061035156e+02, 2.799300231933594e+02, 2.894803466796875e+02, 2.923829345703125e+02, 2.867941284179688e+02, 2.833397827148438e+02, 2.895361938476562e+02, 2.958777160644531e+02, 2.918222045898438e+02, 2.886499938964844e+02, 2.895815124511719e+02, 2.979793090820312e+02, 2.9614599609375e+02, 2.877467041015625e+02, 2.861664123535156e+02, 2.963166809082031e+02, 2.982222290039062e+02, 2.913555603027344e+02, 2.879500122070312e+02, 2.927388916015625e+02, 2.967602844238281e+02, 2.933236694335938e+02, 2.883746948242188e+02, 2.889084777832031e+02, 2.9175e+02, 2.901076965332031e+02, 2.865220947265625e+02, 2.8625e+02, 2.936611022949219e+02, 2.953222351074219e+02, 2.908167724609375e+02, 2.861244506835938e+02, 2.914611206054688e+02, 2.939833374023438e+02, 2.911222534179688e+02, 2.867625427246094e+02, 2.886499938964844e+02, 2.9525e+02, 2.927764282226562e+02, 2.834524841308594e+02, 2.814558410644531e+02, 2.829728088378906e+02, 2.839065551757812e+02, 2.796821899414062e+02, 2.77479248046875e+02, 2.823500061035156e+02, 2.849210815429688e+02, 2.827760314941406e+02, 2.812789306640625e+02, 2.818450927734375e+02, 2.857754211425781e+02, 2.857527770996094e+02, 2.801278076171875e+02, 2.823516540527344e+02, 2.880499877929688e+02, 2.890447998046875e+02, 2.859559326171875e+02, 2.827870483398438e+02, 2.891370849609375e+02, 2.911576843261719e+02, 2.853500061035156e+02]
zoneWithScreen.TSensor=[2.931499938964844e+02, 2.913895263671875e+02, 2.901380920410156e+02, 2.919481506347656e+02, 2.932156982421875e+02, 2.90450439453125e+02, 2.891380615234375e+02, 2.885448303222656e+02, 2.911432800292969e+02, 2.891789855957031e+02, 2.877843017578125e+02, 2.866955871582031e+02, 2.917074584960938e+02, 2.899722900390625e+02, 2.88535400390625e+02, 2.87709716796875e+02, 2.886106567382812e+02, 2.902377319335938e+02, 2.880393981933594e+02, 2.865811157226562e+02, 2.873088989257812e+02, 2.908264770507812e+02, 2.87785888671875e+02, 2.864552917480469e+02, 2.856593933105469e+02, 2.909559326171875e+02, 2.89525390625e+02, 2.8772216796875e+02, 2.859964294433594e+02, 2.908275451660156e+02, 2.921355285644531e+02, 2.896774291992188e+02, 2.88626953125e+02, 2.898151550292969e+02, 2.936061706542969e+02, 2.904451293945312e+02, 2.885245971679688e+02, 2.87737548828125e+02, 2.93310791015625e+02, 2.914727478027344e+02, 2.896456298828125e+02, 2.882847900390625e+02, 2.933682556152344e+02, 2.947336730957031e+02, 2.920885009765625e+02, 2.90753662109375e+02, 2.932424926757812e+02, 2.987105712890625e+02, 2.952616882324219e+02, 2.938929748535156e+02, 2.93796630859375e+02, 3.003360290527344e+02, 2.980524597167969e+02, 2.960647277832031e+02, 2.948256225585938e+02, 2.999658813476562e+02, 3.008999633789062e+02, 2.981339416503906e+02, 2.966965942382812e+02, 2.987853698730469e+02, 3.017200012207031e+02, 2.988189392089844e+02, 2.973667602539062e+02, 2.964596862792969e+02, 2.985317077636719e+02, 2.971328430175781e+02, 2.955781860351562e+02, 2.945786437988281e+02, 2.985024719238281e+02, 2.988207397460938e+02, 2.968218688964844e+02, 2.952232055664062e+02, 2.974517822265625e+02, 2.992525329589844e+02, 2.970013427734375e+02, 2.955690612792969e+02, 2.953408508300781e+02, 3.0093408203125e+02, 2.97901123046875e+02, 2.955474548339844e+02, 2.938049621582031e+02, 2.947696838378906e+02, 2.937963256835938e+02, 2.914650268554688e+02, 2.895855102539062e+02, 2.908498840332031e+02, 2.920588073730469e+02, 2.897767639160156e+02, 2.885314025878906e+02, 2.884555358886719e+02, 2.915822143554688e+02, 2.899914245605469e+02, 2.883670349121094e+02, 2.878664855957031e+02, 2.915602416992188e+02, 2.910678100585938e+02, 2.897578735351562e+02, 2.886203002929688e+02, 2.913455200195312e+02, 2.925025024414062e+02, 2.904610595703125e+02]
zoneWithoutScreen.TSensor=[2.931499938964844e+02, 2.913645935058594e+02, 2.901124572753906e+02, 2.908408508300781e+02, 2.932275085449219e+02, 2.91353759765625e+02, 2.898802185058594e+02, 2.88935791015625e+02, 2.914798278808594e+02, 2.906874389648438e+02, 2.890654602050781e+02, 2.877210693359375e+02, 2.924351501464844e+02, 2.91863525390625e+02, 2.90346923828125e+02, 2.892580871582031e+02, 2.895710754394531e+02, 2.913079528808594e+02, 2.896471862792969e+02, 2.879669494628906e+02, 2.879674072265625e+02, 2.918363647460938e+02, 2.900452270507812e+02, 2.883705749511719e+02, 2.872024230957031e+02, 2.91785400390625e+02, 2.923285217285156e+02, 2.902992858886719e+02, 2.881795654296875e+02, 2.917542724609375e+02, 2.944605102539062e+02, 2.925260925292969e+02, 2.910812072753906e+02, 2.911139526367188e+02, 2.95717041015625e+02, 2.93737548828125e+02, 2.913258361816406e+02, 2.900330810546875e+02, 2.949855651855469e+02, 2.94628662109375e+02, 2.924867858886719e+02, 2.906880798339844e+02, 2.9425390625e+02, 2.973258972167969e+02, 2.951492004394531e+02, 2.933706665039062e+02, 2.942422180175781e+02, 2.99707275390625e+02, 2.981849670410156e+02, 2.963815002441406e+02, 2.956270446777344e+02, 3.010426635742188e+02, 3.006428527832031e+02, 2.98493896484375e+02, 2.968554077148438e+02, 3.007546081542969e+02, 3.030462646484375e+02, 3.007817993164062e+02, 2.989570007324219e+02, 2.996514282226562e+02, 3.035055236816406e+02, 3.015126953125e+02, 2.996805419921875e+02, 2.983740234375e+02, 3.001362609863281e+02, 2.99408203125e+02, 2.975767822265625e+02, 2.962419738769531e+02, 2.992661437988281e+02, 3.008901672363281e+02, 2.991268920898438e+02, 2.972142028808594e+02, 2.981906433105469e+02, 3.009908447265625e+02, 2.994399108886719e+02, 2.976638488769531e+02, 2.969476623535156e+02, 3.018387451171875e+02, 3.005873718261719e+02, 2.979098205566406e+02, 2.957781066894531e+02, 2.96078125e+02, 2.958939208984375e+02, 2.934556579589844e+02, 2.913013610839844e+02, 2.916809387207031e+02, 2.936220397949219e+02, 2.918717041015625e+02, 2.903157043457031e+02, 2.897650146484375e+02, 2.927640075683594e+02, 2.922018737792969e+02, 2.902893676757812e+02, 2.894202880859375e+02, 2.924022521972656e+02, 2.9287353515625e+02, 2.916388244628906e+02, 2.90242431640625e+02, 2.915731201171875e+02, 2.935232849121094e+02, 2.921392211914062e+02]
