last-generated=2022-04-10
statistics-initialization=
{
  "nonlinear": "2, 2",
  "numerical Jacobians": "0"
}
statistics-simulation=
{
  "linear": "0",
  "nonlinear": "1",
  "numerical Jacobians": "0"
}
time=[0e+00, 1e+06]
extHeaRad.port_a.Q_flow=[-4.602604064941406e+02, -4.5105517578125e+02, -4.418499755859375e+02, -4.32644775390625e+02, -4.234395751953125e+02, -4.142343444824219e+02, -4.050291442871094e+02, -3.958239440917969e+02, -3.866187438964844e+02, -3.774135131835938e+02, -3.682083129882812e+02, -3.590031127929688e+02, -3.497979125976562e+02, -3.405926818847656e+02, -3.313874816894531e+02, -3.221822814941406e+02, -3.129770812988281e+02, -3.037718505859375e+02, -2.94566650390625e+02, -2.853614501953125e+02, -2.7615625e+02, -2.669510192871094e+02, -2.577458190917969e+02, -2.485406188964844e+02, -2.393354034423828e+02, -2.301302032470703e+02, -2.209249877929688e+02, -2.117197875976562e+02, -2.025145721435547e+02, -1.933093719482422e+02, -1.841041564941406e+02, -1.748989562988281e+02, -1.656937408447266e+02, -1.564885406494141e+02, -1.472833251953125e+02, -1.38078125e+02, -1.288729095458984e+02, -1.196677017211914e+02, -1.104624938964844e+02, -1.012572860717773e+02, -9.205207824707031e+01, -8.284687042236328e+01, -7.364166259765625e+01, -6.443645477294922e+01, -5.523124694824219e+01, -4.602603912353516e+01, -3.682083129882812e+01, -2.761562347412109e+01, -1.841041564941406e+01, -9.205207824707031e+00, 0e+00, 9.205207824707031e+00, 1.841041564941406e+01, 2.761562347412109e+01, 3.682083129882812e+01, 4.602603912353516e+01, 5.523124694824219e+01, 6.443645477294922e+01, 7.364166259765625e+01, 8.284687042236328e+01, 9.205207824707031e+01, 1.012572860717773e+02, 1.104624938964844e+02, 1.196677017211914e+02, 1.288729095458984e+02, 1.38078125e+02, 1.472833251953125e+02, 1.564885406494141e+02, 1.656937408447266e+02, 1.748989562988281e+02, 1.841041564941406e+02, 1.933093719482422e+02, 2.025145721435547e+02, 2.117197875976562e+02, 2.209249877929688e+02, 2.301302032470703e+02, 2.393354034423828e+02, 2.485406188964844e+02, 2.577458190917969e+02, 2.669510192871094e+02, 2.7615625e+02, 2.853614501953125e+02, 2.94566650390625e+02, 3.037718505859375e+02, 3.129770812988281e+02, 3.221822814941406e+02, 3.313874816894531e+02, 3.405926818847656e+02, 3.497979125976562e+02, 3.590031127929688e+02, 3.682083129882812e+02, 3.774135131835938e+02, 3.866187438964844e+02, 3.958239440917969e+02, 4.050291442871094e+02, 4.142343444824219e+02, 4.234395751953125e+02, 4.32644775390625e+02, 4.418499755859375e+02, 4.5105517578125e+02, 4.602604064941406e+02]
intHeaRadLin.port_b.Q_flow=[-4.723165283203125e+02, -4.628701782226562e+02, -4.534238586425781e+02, -4.439775085449219e+02, -4.345311889648438e+02, -4.250848693847656e+02, -4.156385192871094e+02, -4.061921997070312e+02, -3.967458801269531e+02, -3.872995300292969e+02, -3.778532104492188e+02, -3.684068908691406e+02, -3.589605407714844e+02, -3.495142211914062e+02, -3.400679016113281e+02, -3.306215515136719e+02, -3.211752319335938e+02, -3.117289123535156e+02, -3.022825622558594e+02, -2.928362426757812e+02, -2.833899230957031e+02, -2.739435729980469e+02, -2.644972534179688e+02, -2.550509185791016e+02, -2.456045837402344e+02, -2.361582641601562e+02, -2.267119293212891e+02, -2.172655944824219e+02, -2.078192596435547e+02, -1.983729400634766e+02, -1.889266052246094e+02, -1.794802703857422e+02, -1.700339508056641e+02, -1.605876159667969e+02, -1.511412811279297e+02, -1.416949615478516e+02, -1.322486267089844e+02, -1.228022918701172e+02, -1.133559646606445e+02, -1.039096298217773e+02, -9.446330261230469e+01, -8.501697540283203e+01, -7.557064056396484e+01, -6.612431335449219e+01, -5.667798233032227e+01, -4.723165130615234e+01, -3.778532028198242e+01, -2.833899116516113e+01, -1.889266014099121e+01, -9.446330070495605e+00, -0e+00, 9.446330070495605e+00, 1.889266014099121e+01, 2.833899116516113e+01, 3.778532028198242e+01, 4.723165130615234e+01, 5.667798233032227e+01, 6.612431335449219e+01, 7.557064056396484e+01, 8.501697540283203e+01, 9.446330261230469e+01, 1.039096298217773e+02, 1.133559646606445e+02, 1.228022918701172e+02, 1.322486267089844e+02, 1.416949615478516e+02, 1.511412811279297e+02, 1.605876159667969e+02, 1.700339508056641e+02, 1.794802703857422e+02, 1.889266052246094e+02, 1.983729400634766e+02, 2.078192596435547e+02, 2.172655944824219e+02, 2.267119293212891e+02, 2.361582641601562e+02, 2.456045837402344e+02, 2.550509185791016e+02, 2.644972534179688e+02, 2.739435729980469e+02, 2.833899230957031e+02, 2.928362426757812e+02, 3.022825622558594e+02, 3.117289123535156e+02, 3.211752319335938e+02, 3.306215515136719e+02, 3.400679016113281e+02, 3.495142211914062e+02, 3.589605407714844e+02, 3.684068908691406e+02, 3.778532104492188e+02, 3.872995300292969e+02, 3.967458801269531e+02, 4.061921997070312e+02, 4.156385192871094e+02, 4.250848693847656e+02, 4.345311889648438e+02, 4.439775085449219e+02, 4.534238586425781e+02, 4.628701782226562e+02, 4.723165283203125e+02]
zonLwDist.port_a[2].Q_flow=[-2.76070361328125e+03, -2.702757080078125e+03, -2.644924560546875e+03, -2.58720556640625e+03, -2.529600341796875e+03, -2.4721083984375e+03, -2.41472998046875e+03, -2.357464599609375e+03, -2.300312255859375e+03, -2.243272705078125e+03, -2.186345947265625e+03, -2.12953173828125e+03, -2.072829833984375e+03, -2.016240356445312e+03, -1.959762939453125e+03, -1.9033974609375e+03, -1.847143798828125e+03, -1.791001831054688e+03, -1.734971313476562e+03, -1.67905224609375e+03, -1.623244384765625e+03, -1.567547607421875e+03, -1.511961669921875e+03, -1.456486572265625e+03, -1.401122192382812e+03, -1.345868286132812e+03, -1.290724609375e+03, -1.235691162109375e+03, -1.180767822265625e+03, -1.125954345703125e+03, -1.071250732421875e+03, -1.016656555175781e+03, -9.621719360351562e+02, -9.07796630859375e+02, -8.535304565429688e+02, -7.993733520507812e+02, -7.453250732421875e+02, -6.913855590820312e+02, -6.375546264648438e+02, -5.838321533203125e+02, -5.302178955078125e+02, -4.767118530273438e+02, -4.233138122558594e+02, -3.700235900878906e+02, -3.168411254882812e+02, -2.637662048339844e+02, -2.107986907958984e+02, -1.579384613037109e+02, -1.051853713989258e+02, -5.253926849365234e+01, 0e+00, 5.243257141113281e+01, 1.047585906982422e+02, 1.569781951904297e+02, 2.090915374755859e+02, 2.610987854003906e+02, 3.130000305175781e+02, 3.647954406738281e+02, 4.164851684570312e+02, 4.680693664550781e+02, 5.195481567382812e+02, 5.709216918945312e+02, 6.221901245117188e+02, 6.733535766601562e+02, 7.244122314453125e+02, 7.753661499023438e+02, 8.26215576171875e+02, 8.769605712890625e+02, 9.27601318359375e+02, 9.781380004882812e+02, 1.028570678710938e+03, 1.078899536132812e+03, 1.129124755859375e+03, 1.179246337890625e+03, 1.2292646484375e+03, 1.279179565429688e+03, 1.328991455078125e+03, 1.378700317382812e+03, 1.428306396484375e+03, 1.477809814453125e+03, 1.527210693359375e+03, 1.576509155273438e+03, 1.625705322265625e+03, 1.674799438476562e+03, 1.72379150390625e+03, 1.772681762695312e+03, 1.82147021484375e+03, 1.8701572265625e+03, 1.918742797851562e+03, 1.967227172851562e+03, 2.0156103515625e+03, 2.063892578125e+03, 2.112073974609375e+03, 2.160154541015625e+03, 2.208134521484375e+03, 2.25601416015625e+03, 2.30379345703125e+03, 2.35147265625e+03, 2.399052001953125e+03, 2.44653125e+03, 2.493910888671875e+03]
zonLwDistLin.port_a[2].Q_flow=[-2.59774072265625e+03, -2.545785888671875e+03, -2.493831298828125e+03, -2.44187646484375e+03, -2.389921630859375e+03, -2.337966796875e+03, -2.286011962890625e+03, -2.23405712890625e+03, -2.182102294921875e+03, -2.1301474609375e+03, -2.078192626953125e+03, -2.02623779296875e+03, -1.974283081054688e+03, -1.922328247070312e+03, -1.870373413085938e+03, -1.818418579101562e+03, -1.766463745117188e+03, -1.714508911132812e+03, -1.662554077148438e+03, -1.610599365234375e+03, -1.55864453125e+03, -1.506689697265625e+03, -1.45473486328125e+03, -1.402780029296875e+03, -1.3508251953125e+03, -1.298870361328125e+03, -1.246915649414062e+03, -1.194960815429688e+03, -1.143005981445312e+03, -1.091051147460938e+03, -1.039096313476562e+03, -9.871415405273438e+02, -9.351867065429688e+02, -8.832318725585938e+02, -8.312770385742188e+02, -7.79322265625e+02, -7.27367431640625e+02, -6.7541259765625e+02, -6.234578247070312e+02, -5.715029907226562e+02, -5.195481567382812e+02, -4.675933532714844e+02, -4.156385192871094e+02, -3.636837158203125e+02, -3.117289123535156e+02, -2.597740783691406e+02, -2.078192596435547e+02, -1.558644561767578e+02, -1.039096298217773e+02, -5.195481491088867e+01, 0e+00, 5.195481491088867e+01, 1.039096298217773e+02, 1.558644561767578e+02, 2.078192596435547e+02, 2.597740783691406e+02, 3.117289123535156e+02, 3.636837158203125e+02, 4.156385192871094e+02, 4.675933532714844e+02, 5.195481567382812e+02, 5.715029907226562e+02, 6.234578247070312e+02, 6.7541259765625e+02, 7.27367431640625e+02, 7.79322265625e+02, 8.312770385742188e+02, 8.832318725585938e+02, 9.351867065429688e+02, 9.871415405273438e+02, 1.039096313476562e+03, 1.091051147460938e+03, 1.143005981445312e+03, 1.194960815429688e+03, 1.246915649414062e+03, 1.298870361328125e+03, 1.3508251953125e+03, 1.402780029296875e+03, 1.45473486328125e+03, 1.506689697265625e+03, 1.55864453125e+03, 1.610599365234375e+03, 1.662554077148438e+03, 1.714508911132812e+03, 1.766463745117188e+03, 1.818418579101562e+03, 1.870373413085938e+03, 1.922328247070312e+03, 1.974283081054688e+03, 2.02623779296875e+03, 2.078192626953125e+03, 2.1301474609375e+03, 2.182102294921875e+03, 2.23405712890625e+03, 2.286011962890625e+03, 2.337966796875e+03, 2.389921630859375e+03, 2.44187646484375e+03, 2.493831298828125e+03, 2.545785888671875e+03, 2.59774072265625e+03]
intHeaRad.port_b.Q_flow=[-5.019461059570312e+02, -4.914103698730469e+02, -4.808953552246094e+02, -4.704010314941406e+02, -4.599273376464844e+02, -4.494742736816406e+02, -4.390418090820312e+02, -4.286299438476562e+02, -4.182385864257812e+02, -4.078677673339844e+02, -3.975174560546875e+02, -3.871875915527344e+02, -3.76878173828125e+02, -3.665891723632812e+02, -3.563205261230469e+02, -3.46072265625e+02, -3.358443298339844e+02, -3.256366882324219e+02, -3.154493408203125e+02, -3.052822265625e+02, -2.951353454589844e+02, -2.850086364746094e+02, -2.749021301269531e+02, -2.648157348632812e+02, -2.547494812011719e+02, -2.447033081054688e+02, -2.346772003173828e+02, -2.246711273193359e+02, -2.1468505859375e+02, -2.047189788818359e+02, -1.947728576660156e+02, -1.848466491699219e+02, -1.749403533935547e+02, -1.650539245605469e+02, -1.551873626708984e+02, -1.453406066894531e+02, -1.355136566162109e+02, -1.257064666748047e+02, -1.159190216064453e+02, -1.061512985229492e+02, -9.640325927734375e+01, -8.667488098144531e+01, -7.696614837646484e+01, -6.727701568603516e+01, -5.760747528076172e+01, -4.795748901367188e+01, -3.832703399658203e+01, -2.871608543395996e+01, -1.912461280822754e+01, -9.552594184875488e+00, -0e+00, 9.533194541931152e+00, 1.904701614379883e+01, 2.854149055480957e+01, 3.801664352416992e+01, 4.747250366210938e+01, 5.690909576416016e+01, 6.632644653320312e+01, 7.572457885742188e+01, 8.510352325439453e+01, 9.446330261230469e+01, 1.038039474487305e+02, 1.131254806518555e+02, 1.224279251098633e+02, 1.317113189697266e+02, 1.409756622314453e+02, 1.502210083007812e+02, 1.594473724365234e+02, 1.6865478515625e+02, 1.778432769775391e+02, 1.870128479003906e+02, 1.961635589599609e+02, 2.0529541015625e+02, 2.144084320068359e+02, 2.235026550292969e+02, 2.325781097412109e+02, 2.416348114013672e+02, 2.506727905273438e+02, 2.596920776367188e+02, 2.686926879882812e+02, 2.776746826171875e+02, 2.866380310058594e+02, 2.955827941894531e+02, 3.045089721679688e+02, 3.134166259765625e+02, 3.223057556152344e+02, 3.311764221191406e+02, 3.400285949707031e+02, 3.488623352050781e+02, 3.576776733398438e+02, 3.66474609375e+02, 3.75253173828125e+02, 3.84013427734375e+02, 3.9275537109375e+02, 4.0147900390625e+02, 4.101843872070312e+02, 4.188715515136719e+02, 4.275404968261719e+02, 4.361912536621094e+02, 4.448238525390625e+02, 4.534383239746094e+02]
