last-generated=2022-04-05
statistics-initialization=
{
  "nonlinear": "10, 8, 8",
  "numerical Jacobians": "0"
}
statistics-simulation=
{
  "linear": "0, 0, 0, 0, 0, 0, 4, 4, 4, 0, 0, 0, 0, 0, 4, 0, 0, 0, 0, 0, 0, 0, 0, 4, 4, 0, 0,   0, 0, 0, 0, 0, 0, 0, 0, 0, 0, 0, 4, 4, 0, 0, 0, 0, 0, 0, 0",
  "nonlinear": "1",
  "number of continuous time states": "116",
  "numerical Jacobians": "0"
}
time=[2e+06, 3e+06]
zoneWith3Win.TSensor=[2.931499938964844e+02, 2.906219787597656e+02, 2.893982543945312e+02, 2.901171569824219e+02, 2.911210021972656e+02, 2.897769470214844e+02, 2.88166748046875e+02, 2.871196594238281e+02, 2.863086242675781e+02, 2.8537890625e+02, 2.845335998535156e+02, 2.8381396484375e+02, 2.864117431640625e+02, 2.887530822753906e+02, 2.871557922363281e+02, 2.858262939453125e+02, 2.848151550292969e+02, 2.839414367675781e+02, 2.830241088867188e+02, 2.822071838378906e+02, 2.826976318359375e+02, 2.87096435546875e+02, 2.880506591796875e+02, 2.860257873535156e+02, 2.846695861816406e+02, 2.834460754394531e+02, 2.824504089355469e+02, 2.815760192871094e+02, 2.807814331054688e+02, 2.808693237304688e+02, 2.825242309570312e+02, 2.815909729003906e+02, 2.805659484863281e+02, 2.800283813476562e+02, 2.795514831542969e+02, 2.792038269042969e+02, 2.788721313476562e+02, 2.786646728515625e+02, 2.844749145507812e+02, 2.876523132324219e+02, 2.860086364746094e+02, 2.848179321289062e+02, 2.840478210449219e+02, 2.833325805664062e+02, 2.824824523925781e+02, 2.817264404296875e+02, 2.816003723144531e+02, 2.81486572265625e+02, 2.813644409179688e+02, 2.80871337890625e+02, 2.806080932617188e+02, 2.801659240722656e+02, 2.795397033691406e+02, 2.789484252929688e+02, 2.783200988769531e+02, 2.790035095214844e+02, 2.79239990234375e+02, 2.796438903808594e+02, 2.787131042480469e+02, 2.782401428222656e+02, 2.77775390625e+02, 2.774490966796875e+02, 2.770911865234375e+02, 2.775326232910156e+02, 2.795770874023438e+02, 2.791808776855469e+02, 2.786944580078125e+02, 2.781873474121094e+02, 2.778544616699219e+02, 2.776357116699219e+02, 2.774791870117188e+02, 2.773870239257812e+02, 2.775281677246094e+02, 2.780955810546875e+02, 2.787203063964844e+02, 2.783160095214844e+02, 2.782724914550781e+02, 2.781861877441406e+02, 2.781915588378906e+02, 2.782356567382812e+02, 2.7821044921875e+02, 2.785860900878906e+02, 2.793589477539062e+02, 2.792677612304688e+02, 2.787294311523438e+02, 2.785418395996094e+02, 2.783939514160156e+02, 2.782835693359375e+02, 2.780505676269531e+02, 2.781552734375e+02, 2.787804260253906e+02, 2.792373046875e+02, 2.792487487792969e+02, 2.792892761230469e+02, 2.793873901367188e+02, 2.794687194824219e+02, 2.795037841796875e+02, 2.795913391113281e+02, 2.799363708496094e+02, 2.805423278808594e+02, 2.816947326660156e+02]
zoneWithWinNFactor.TSensor=[2.931499938964844e+02, 2.906220703125e+02, 2.893983459472656e+02, 2.901171569824219e+02, 2.911209716796875e+02, 2.897769775390625e+02, 2.881668090820312e+02, 2.871196899414062e+02, 2.863086242675781e+02, 2.8537890625e+02, 2.845335693359375e+02, 2.838139343261719e+02, 2.864115600585938e+02, 2.887528991699219e+02, 2.871557922363281e+02, 2.858262939453125e+02, 2.848151550292969e+02, 2.839413757324219e+02, 2.830240783691406e+02, 2.822071228027344e+02, 2.82697509765625e+02, 2.8709619140625e+02, 2.880505065917969e+02, 2.860257568359375e+02, 2.846695861816406e+02, 2.83446044921875e+02, 2.824503784179688e+02, 2.815759582519531e+02, 2.807813415527344e+02, 2.808691711425781e+02, 2.825240478515625e+02, 2.815908813476562e+02, 2.805658569335938e+02, 2.800282897949219e+02, 2.795513916015625e+02, 2.792037353515625e+02, 2.788720397949219e+02, 2.7866455078125e+02, 2.844746398925781e+02, 2.876521301269531e+02, 2.860086059570312e+02, 2.848179016113281e+02, 2.840477905273438e+02, 2.833325500488281e+02, 2.824823913574219e+02, 2.817263793945312e+02, 2.816003112792969e+02, 2.814864807128906e+02, 2.813643493652344e+02, 2.808712463378906e+02, 2.806080017089844e+02, 2.801658325195312e+02, 2.795396118164062e+02, 2.789483337402344e+02, 2.783200378417969e+02, 2.790033874511719e+02, 2.792398681640625e+02, 2.796437683105469e+02, 2.787130432128906e+02, 2.782400817871094e+02, 2.777753295898438e+02, 2.774490356445312e+02, 2.770911254882812e+02, 2.775325012207031e+02, 2.795769348144531e+02, 2.791807861328125e+02, 2.786943969726562e+02, 2.781873168945312e+02, 2.778544006347656e+02, 2.776356506347656e+02, 2.774791259765625e+02, 2.77386962890625e+02, 2.77528076171875e+02, 2.78095458984375e+02, 2.787201538085938e+02, 2.783159484863281e+02, 2.782724304199219e+02, 2.781861267089844e+02, 2.781914978027344e+02, 2.78235595703125e+02, 2.782103881835938e+02, 2.785860290527344e+02, 2.793588256835938e+02, 2.792677001953125e+02, 2.787294311523438e+02, 2.785418090820312e+02, 2.783939208984375e+02, 2.782835388183594e+02, 2.78050537109375e+02, 2.781552429199219e+02, 2.787803649902344e+02, 2.792372436523438e+02, 2.792487182617188e+02, 2.792892456054688e+02, 2.793873596191406e+02, 2.794686889648438e+02, 2.795037841796875e+02, 2.795913391113281e+02, 2.799363403320312e+02, 2.805422973632812e+02, 2.816946411132812e+02]
zoneWithScaledAWin.TSensor=[2.931499938964844e+02, 2.906234436035156e+02, 2.893999938964844e+02, 2.901173706054688e+02, 2.911211853027344e+02, 2.897784423828125e+02, 2.881687927246094e+02, 2.871217651367188e+02, 2.863106689453125e+02, 2.853810424804688e+02, 2.845357666015625e+02, 2.838161315917969e+02, 2.864103393554688e+02, 2.887521667480469e+02, 2.871578063964844e+02, 2.85828369140625e+02, 2.848172912597656e+02, 2.83943603515625e+02, 2.830263671875e+02, 2.8220947265625e+02, 2.826985778808594e+02, 2.870947570800781e+02, 2.8805029296875e+02, 2.8602783203125e+02, 2.846717224121094e+02, 2.834483642578125e+02, 2.824526672363281e+02, 2.815782775878906e+02, 2.807836608886719e+02, 2.808706970214844e+02, 2.82525146484375e+02, 2.815927429199219e+02, 2.805679931640625e+02, 2.800303344726562e+02, 2.795533447265625e+02, 2.7920556640625e+02, 2.788738098144531e+02, 2.786661376953125e+02, 2.844721984863281e+02, 2.876514587402344e+02, 2.8601025390625e+02, 2.848195190429688e+02, 2.840493469238281e+02, 2.833341674804688e+02, 2.824841613769531e+02, 2.817282104492188e+02, 2.816017150878906e+02, 2.814878845214844e+02, 2.813656311035156e+02, 2.808727722167969e+02, 2.806094360351562e+02, 2.801672973632812e+02, 2.79541259765625e+02, 2.789500122070312e+02, 2.783218078613281e+02, 2.790041198730469e+02, 2.792406311035156e+02, 2.796446228027344e+02, 2.787145690917969e+02, 2.782416076660156e+02, 2.7777685546875e+02, 2.774505310058594e+02, 2.770925903320312e+02, 2.775329284667969e+02, 2.795762939453125e+02, 2.79181640625e+02, 2.786955871582031e+02, 2.781885681152344e+02, 2.778556213378906e+02, 2.776367492675781e+02, 2.774801330566406e+02, 2.773878479003906e+02, 2.775287170410156e+02, 2.780953674316406e+02, 2.787193908691406e+02, 2.783165588378906e+02, 2.782730102539062e+02, 2.781867065429688e+02, 2.781920166015625e+02, 2.782360534667969e+02, 2.782108459472656e+02, 2.785859069824219e+02, 2.793579406738281e+02, 2.79267822265625e+02, 2.7872998046875e+02, 2.785423278808594e+02, 2.783944396972656e+02, 2.782840270996094e+02, 2.780510864257812e+02, 2.781555786132812e+02, 2.787799987792969e+02, 2.792369079589844e+02, 2.792488098144531e+02, 2.79289306640625e+02, 2.793873901367188e+02, 2.794687194824219e+02, 2.795038146972656e+02, 2.795913391113281e+02, 2.799360961914062e+02, 2.8054150390625e+02, 2.816930236816406e+02]
