last-generated=2025-07-09
statistics-initialization=
{
  "nonlinear": "2",
  "numerical Jacobians": "0"
}
statistics-simulation=
{
  "linear": "0, 0, 0, 0, 0, 0, 0, 0, 0, 0, 0, 0, 0, 0, 0, 4, 0, 0",
  "nonlinear": "2, 1",
  "number of continuous time states": "48",
  "numerical Jacobians": "0"
}
time=[0e+00, 1e+06]
zone1.TSensor=[2.931499938964844e+02, 2.924178771972656e+02, 2.918153991699219e+02, 2.911532287597656e+02, 2.906505737304688e+02, 2.902587890625e+02, 2.899491882324219e+02, 2.895030517578125e+02, 2.889959716796875e+02, 2.884769592285156e+02, 2.879608154296875e+02, 2.874573364257812e+02, 2.869826965332031e+02, 2.869307250976562e+02, 2.8729638671875e+02, 2.87355224609375e+02, 2.869898071289062e+02, 2.865299072265625e+02, 2.860693969726562e+02, 2.856226501464844e+02, 2.851688842773438e+02, 2.848135986328125e+02, 2.849154052734375e+02, 2.851542358398438e+02, 2.849692993164062e+02, 2.846102294921875e+02, 2.84177978515625e+02, 2.837223815917969e+02, 2.832942504882812e+02, 2.829469604492188e+02, 2.827567138671875e+02, 2.82865478515625e+02, 2.827869262695312e+02, 2.823850402832031e+02, 2.820722045898438e+02, 2.817989807128906e+02, 2.815679321289062e+02, 2.813863525390625e+02, 2.812459106445312e+02, 2.812828979492188e+02, 2.813519897460938e+02, 2.812797546386719e+02, 2.811140747070312e+02, 2.809183349609375e+02, 2.806995849609375e+02, 2.804446411132812e+02, 2.802031555175781e+02, 2.800632019042969e+02, 2.802975769042969e+02, 2.804842529296875e+02, 2.804028015136719e+02, 2.802293090820312e+02, 2.800555114746094e+02, 2.798950500488281e+02, 2.796418762207031e+02, 2.795078735351562e+02, 2.795067749023438e+02, 2.795847473144531e+02, 2.796580810546875e+02, 2.797113037109375e+02, 2.797573852539062e+02, 2.798111877441406e+02, 2.798334655761719e+02, 2.797711181640625e+02, 2.797153930664062e+02, 2.800448303222656e+02, 2.805124816894531e+02, 2.806715087890625e+02, 2.805736389160156e+02, 2.804337463378906e+02, 2.802538452148438e+02, 2.800397644042969e+02, 2.798487243652344e+02, 2.797582702636719e+02, 2.801245422363281e+02, 2.805760498046875e+02, 2.806109313964844e+02, 2.804015502929688e+02, 2.801570434570312e+02, 2.799118957519531e+02, 2.796452026367188e+02, 2.794034118652344e+02, 2.793411865234375e+02, 2.794626159667969e+02, 2.794368286132812e+02, 2.792387390136719e+02, 2.789673461914062e+02, 2.786394653320312e+02, 2.784604187011719e+02, 2.7829931640625e+02, 2.78187744140625e+02, 2.783648681640625e+02, 2.78649658203125e+02, 2.787769775390625e+02, 2.788052978515625e+02, 2.787872009277344e+02, 2.787555847167969e+02, 2.787081909179688e+02, 2.786499938964844e+02, 2.786961669921875e+02, 2.788723754882812e+02]
zone.TSensor=[2.931499938964844e+02, 2.928184814453125e+02, 2.923743286132812e+02, 2.919133911132812e+02, 2.914740600585938e+02, 2.910752258300781e+02, 2.9043017578125e+02, 2.898995666503906e+02, 2.893628845214844e+02, 2.888796997070312e+02, 2.88474365234375e+02, 2.880963439941406e+02, 2.876837158203125e+02, 2.873164367675781e+02, 2.869632873535156e+02, 2.866618041992188e+02, 2.864163208007812e+02, 2.861227111816406e+02, 2.85826416015625e+02, 2.855487670898438e+02, 2.852944641113281e+02, 2.849478759765625e+02, 2.847109069824219e+02, 2.844778442382812e+02, 2.842626037597656e+02, 2.840444946289062e+02, 2.838539733886719e+02, 2.836741027832031e+02, 2.83431396484375e+02, 2.831475524902344e+02, 2.828359375e+02, 2.825750732421875e+02, 2.824159851074219e+02, 2.823740539550781e+02, 2.822011108398438e+02, 2.820045166015625e+02, 2.818354187011719e+02, 2.816781005859375e+02, 2.814896240234375e+02, 2.81421142578125e+02, 2.813539123535156e+02, 2.813121032714844e+02, 2.81229248046875e+02, 2.810914306640625e+02, 2.809469909667969e+02, 2.808880310058594e+02, 2.807672729492188e+02, 2.806435546875e+02, 2.805528564453125e+02, 2.8053271484375e+02, 2.804713134765625e+02, 2.8038232421875e+02, 2.802936706542969e+02, 2.802098388671875e+02, 2.801124267578125e+02, 2.800063171386719e+02, 2.799448547363281e+02, 2.799455261230469e+02, 2.799640502929688e+02, 2.799894714355469e+02, 2.800147399902344e+02, 2.800626525878906e+02, 2.801337585449219e+02, 2.801104431152344e+02, 2.800525512695312e+02, 2.800599365234375e+02, 2.801249694824219e+02, 2.800684204101562e+02, 2.799919128417969e+02, 2.799410400390625e+02, 2.798615112304688e+02, 2.797327880859375e+02, 2.796664123535156e+02, 2.794864196777344e+02, 2.795135192871094e+02, 2.795439758300781e+02, 2.795090637207031e+02, 2.793942565917969e+02, 2.792835693359375e+02, 2.792109985351562e+02, 2.791435241699219e+02, 2.790184631347656e+02, 2.78950927734375e+02, 2.789597473144531e+02, 2.789586486816406e+02, 2.789202575683594e+02, 2.788394165039062e+02, 2.787317504882812e+02, 2.786283874511719e+02, 2.785363464355469e+02, 2.7846435546875e+02, 2.784534912109375e+02, 2.785888671875e+02, 2.786688537597656e+02, 2.7870068359375e+02, 2.787066040039062e+02, 2.787144470214844e+02, 2.787163696289062e+02, 2.787132873535156e+02, 2.787040405273438e+02, 2.787384338378906e+02]
zone.airModel.phi=[6.920080184936523e-01, 6.760076880455017e-01, 6.688574552536011e-01, 6.429574489593506e-01, 6.129648089408875e-01, 6.038817167282104e-01, 5.900257229804993e-01, 5.313226580619812e-01, 4.559114277362823e-01, 4.165272116661072e-01, 3.873429894447327e-01, 3.850252032279968e-01, 3.841790854930878e-01, 4.052442014217377e-01, 4.236875176429749e-01, 4.278199374675751e-01, 4.359780550003052e-01, 4.432784914970398e-01, 4.559072852134705e-01, 4.659846723079681e-01, 4.752083718776703e-01, 4.946418702602386e-01, 5.112994313240051e-01, 5.246480107307434e-01, 5.28189480304718e-01, 5.357591509819031e-01, 5.330601334571838e-01, 5.366441607475281e-01, 5.454044342041016e-01, 5.620859861373901e-01, 6.016267538070679e-01, 5.668150186538696e-01, 5.377717018127441e-01, 5.315715670585632e-01, 5.403361916542053e-01, 5.615559220314026e-01, 5.863859057426453e-01, 6.463316679000854e-01, 7.62762188911438e-01, 8.12475323677063e-01, 8.2801753282547e-01, 8.228806853294373e-01, 8.130189180374146e-01, 7.986739277839661e-01, 7.737571597099304e-01, 7.677930593490601e-01, 7.752305269241333e-01, 7.81637966632843e-01, 7.796833515167236e-01, 7.765405178070068e-01, 7.765429019927979e-01, 7.78911828994751e-01, 7.817148566246033e-01, 7.849613428115845e-01, 7.860906720161438e-01, 7.886871695518494e-01, 7.963607311248779e-01, 8.163347840309143e-01, 8.947907090187073e-01, 9.517976045608521e-01, 9.808511734008789e-01, 1.009915590286255e+00, 9.603909850120544e-01, 9.051938056945801e-01, 8.748824596405029e-01, 8.03167998790741e-01, 7.835195064544678e-01, 7.86467969417572e-01, 7.692283391952515e-01, 7.46239185333252e-01, 7.098543643951416e-01, 7.170668840408325e-01, 7.258126139640808e-01, 7.403455376625061e-01, 7.248029708862305e-01, 6.761914491653442e-01, 6.255124807357788e-01, 5.924766659736633e-01, 5.994411110877991e-01, 6.144994497299194e-01, 6.140297055244446e-01, 6.210471391677856e-01, 6.27592921257019e-01, 6.2267005443573e-01, 6.024152040481567e-01, 6.012584567070007e-01, 6.053004264831543e-01, 6.219889521598816e-01, 6.444000601768494e-01, 6.618648767471313e-01, 6.836178302764893e-01, 7.245672941207886e-01, 9.25849974155426e-01, 9.995102286338806e-01, 1.013106346130371e+00, 1.013543605804443e+00, 9.956420063972473e-01, 9.933987259864807e-01, 9.86447274684906e-01, 9.596167206764221e-01, 9.356713891029358e-01]
zone1.airModel.phi=[6.920080184936523e-01, 5.881168842315674e-01, 5.519965887069702e-01, 5.122321248054504e-01, 4.908308088779449e-01, 4.961508810520172e-01, 5.570932626724243e-01, 5.704365968704224e-01, 5.10684072971344e-01, 4.627036154270172e-01, 4.300457537174225e-01, 4.185866713523865e-01, 4.131713807582855e-01, 4.114039540290833e-01, 4.084779322147369e-01, 4.056878089904785e-01, 4.148637056350708e-01, 4.27641898393631e-01, 4.421528279781342e-01, 4.572890400886536e-01, 4.723883271217346e-01, 4.883717000484467e-01, 4.933068454265594e-01, 4.921987354755402e-01, 4.993873834609985e-01, 5.1212477684021e-01, 5.252758860588074e-01, 5.409218072891235e-01, 5.560805797576904e-01, 5.685683488845825e-01, 5.842925906181335e-01, 5.739879012107849e-01, 5.515363812446594e-01, 5.545774102210999e-01, 5.67416250705719e-01, 5.86107075214386e-01, 6.057075262069702e-01, 6.207274198532104e-01, 6.958844065666199e-01, 7.633931040763855e-01, 8.005936145782471e-01, 8.135243654251099e-01, 8.220341801643372e-01, 8.2448410987854e-01, 8.188393712043762e-01, 8.211442232131958e-01, 8.148632645606995e-01, 8.065126538276672e-01, 7.931681275367737e-01, 7.659737467765808e-01, 7.60591447353363e-01, 7.68695592880249e-01, 7.799893617630005e-01, 7.906764149665833e-01, 7.898989319801331e-01, 8.159681558609009e-01, 8.585280179977417e-01, 9.196580648422241e-01, 1.009736776351929e+00, 1.014546513557434e+00, 1.047199130058289e+00, 1.083155393600464e+00, 1.044424891471863e+00, 1.000650525093079e+00, 9.699891209602356e-01, 8.470942974090576e-01, 7.794555425643921e-01, 7.610018253326416e-01, 7.467631101608276e-01, 7.372307181358337e-01, 7.16576874256134e-01, 7.049067616462708e-01, 7.122965455055237e-01, 7.234751582145691e-01, 7.021070122718811e-01, 6.60636305809021e-01, 6.074312329292297e-01, 5.673909187316895e-01, 5.634177923202515e-01, 5.764062404632568e-01, 5.899432301521301e-01, 6.000564694404602e-01, 6.053696870803833e-01, 6.033006906509399e-01, 5.930933952331543e-01, 5.945010781288147e-01, 6.141781210899353e-01, 6.637911200523376e-01, 7.053849697113037e-01, 7.435716390609741e-01, 7.926372289657593e-01, 7.872382998466492e-01, 8.219476938247681e-01, 9.322286248207092e-01, 9.786580204963684e-01, 9.898498058319092e-01, 9.936770796775818e-01, 9.816380143165588e-01, 9.566161036491394e-01, 9.073708057403564e-01, 9.175543189048767e-01]
