last-generated=2019-10-02
statistics-simulation=
{
  "linear": " ",
  "nonlinear": " ",
  "numerical Jacobians": "0"
}
temperature.T=[3.081499938964844e+02, 3.228152465820312e+02, 3.318788452148438e+02, 3.318788452148438e+02, 3.228152465820312e+02, 3.081499938964844e+02, 2.934847717285156e+02, 2.84421142578125e+02, 2.84421142578125e+02, 2.934847717285156e+02, 3.081499938964844e+02, 3.228152465820312e+02, 3.318788452148438e+02, 3.318788452148438e+02, 3.228152465820312e+02, 3.081499938964844e+02, 2.934847717285156e+02, 2.84421142578125e+02, 2.84421142578125e+02, 2.934847717285156e+02, 3.081499938964844e+02, 3.228152465820312e+02, 3.318788452148438e+02, 3.318788452148438e+02, 3.228152465820312e+02, 3.081499938964844e+02, 2.934847717285156e+02, 2.84421142578125e+02, 2.84421142578125e+02, 2.934847717285156e+02, 3.081499938964844e+02, 3.228152465820312e+02, 3.318788452148438e+02, 3.318788452148438e+02, 3.228152465820312e+02, 3.081499938964844e+02, 2.934847717285156e+02, 2.84421142578125e+02, 2.84421142578125e+02, 2.934847717285156e+02, 3.081499938964844e+02, 3.228152465820312e+02, 3.318788452148438e+02, 3.318788452148438e+02, 3.228152465820312e+02, 3.081499938964844e+02, 2.934847717285156e+02, 2.84421142578125e+02, 2.84421142578125e+02, 2.934847717285156e+02, 3.081499938964844e+02, 3.228152465820312e+02, 3.318788452148438e+02, 3.318788452148438e+02, 3.228152465820312e+02, 3.081499938964843e+02, 2.934847717285155e+02, 2.844211425781251e+02, 2.84421142578125e+02, 2.934847717285156e+02, 3.081499938964844e+02, 3.228152465820312e+02, 3.318788452148438e+02, 3.318788452148438e+02, 3.228152465820312e+02, 3.081499938964844e+02, 2.934847717285156e+02, 2.84421142578125e+02, 2.84421142578125e+02, 2.934847717285156e+02, 3.081499938964844e+02, 3.228152465820312e+02, 3.318788452148438e+02, 3.318788452148438e+02, 3.228152465820312e+02, 3.081499938964844e+02, 2.934847717285156e+02, 2.84421142578125e+02, 2.84421142578125e+02, 2.934847717285156e+02, 3.081499938964844e+02, 3.228152465820312e+02, 3.318788452148438e+02, 3.318788452148438e+02, 3.228152465820312e+02, 3.081499938964844e+02, 2.934847717285156e+02, 2.84421142578125e+02, 2.84421142578125e+02, 2.934847717285156e+02, 3.081499938964844e+02, 3.228152465820312e+02, 3.318788452148438e+02, 3.318788452148438e+02, 3.228152465820312e+02, 3.081499938964844e+02, 2.934847717285156e+02, 2.84421142578125e+02, 2.84421142578125e+02, 2.934847717285156e+02, 3.081499938964844e+02]
cold.T=[2.831499938964844e+02, 2.831499938964844e+02]
hot.T=[3.331499938964844e+02, 3.331499938964844e+02]
time=[0e+00, 1e+02]
