last-generated=2022-04-28
statistics-simulation=
{
  "linear": " ",
  "nonlinear": "1",
  "numerical Jacobians": "0"
}
time=[0e+00, 3.15e+07]
sim.HDirNor.y=[0e+00, 1.7e+01, 0e+00, 0e+00, 1.836290893554688e+02, 0e+00, 0e+00, 7e+00, 0e+00, 0e+00, 1.936565017700195e+01, 0e+00, 0e+00, 6.45e+02, 0e+00, 4.21e+02, 2.004160308837891e+02, 0e+00, 3.200548706054688e+02, 0e+00, 0e+00, 8.18e+02, 0e+00, 0e+00, 8.440557250976562e+02, 0e+00, 7.045454382896423e-01, 2.1e+01, 0e+00, 3e+00, 8.122142944335938e+02, 0e+00, 3.083874206542969e+02, 2.39e+02, 0e+00, 4.99e+02, 3.281995849609375e+02, 0e+00, 2.854319152832031e+02, 0e+00, 4.223214149475098e+00, 1.06e+02, 0e+00, 3.52e+02, 1.008501358032227e+02, 0e+00, 9.060545349121094e+01, 1.81e+02, 0e+00, 4.01e+02, 4.902760314941406e+01, 0e+00, 3.611087341308594e+02, 1.95e+02, 0e+00, 8.26e+02, 0e+00, 3.3e+01, 2.485987243652344e+02, 0e+00, 3.05e+01, 6.47e+02, 0e+00, 4.13e+02, 3.162877502441406e+02, 0e+00, 5.613648071289062e+02, 3.72e+02, 0e+00, 2.4e+02, 0e+00, 0e+00, 7.859536743164062e+02, 0e+00, 0e+00, 2.5e+02, 0e+00, 1.44e+02, 4.930882873535156e+02, 0e+00, 7.577586364746094e+01, 3.7e+01, 0e+00, 3.55e+02, 0e+00, 0e+00, 6.644115600585938e+02, 0e+00, 0e+00, 8.7e+01, 0e+00, 0e+00, 3.707074890136719e+02, 0e+00, 0e+00, 4.27e+02, 0e+00, 0e+00, 0e+00, 0e+00, 1.805881042480469e+02]
sim.HDifHor.y=[0e+00, 2.1e+01, 0e+00, 0e+00, 6.836346435546875e+01, 0e+00, 0e+00, 7.1e+01, 0e+00, 0e+00, 1.021875e+02, 0e+00, 9.166666865348816e-01, 6.5e+01, 0e+00, 4.7e+01, 5.55e+01, 0e+00, 1.04935417175293e+02, 0e+00, 0e+00, 1.05e+02, 0e+00, 0e+00, 1.060714263916016e+02, 0e+00, 5.786377906799316e+00, 2.14e+02, 0e+00, 5.3e+01, 9.345454406738281e+01, 0e+00, 1.526724090576172e+02, 1.61e+02, 0e+00, 1.47e+02, 5.303700637817383e+01, 0e+00, 2.613330688476562e+02, 0e+00, 9.951267242431641e+00, 3.02e+02, 0e+00, 6e+01, 2.983505249023438e+02, 0e+00, 1.373888854980469e+02, 1.48e+02, 0e+00, 2.04e+02, 9.684615325927734e+01, 0e+00, 2.217272796630859e+02, 4.4e+01, 1.367647051811218e+00, 1.24e+02, 0e+00, 2.1e+01, 2.484571838378906e+02, 0e+00, 3.743371200561523e+01, 1.27e+02, 0e+00, 1.04e+02, 1.367407379150391e+02, 0e+00, 1.392878723144531e+02, 3.9e+01, 0e+00, 2.53e+02, 0e+00, 0e+00, 1.149431838989258e+02, 0e+00, 6.428571343421936e-01, 1.3e+02, 0e+00, 1.1e+01, 8.332630157470703e+01, 0e+00, 7.15e+01, 3.4e+01, 0e+00, 1.02e+02, 0e+00, 0e+00, 7.869047546386719e+01, 0e+00, 0e+00, 1.41e+02, 0e+00, 0e+00, 8.175803375244141e+01, 0e+00, 0e+00, 3.9e+01, 0e+00, 2e+00, 0e+00, 0e+00, 3.091304397583008e+01]
sim.HGloHor.y=[0e+00, 2.4e+01, 0e+00, 0e+00, 1.175220489501953e+02, 0e+00, 0e+00, 7.4e+01, 0e+00, 0e+00, 1.061360473632812e+02, 0e+00, 9.166666865348816e-01, 2.47e+02, 0e+00, 1.25e+02, 9.291727447509766e+01, 0e+00, 2.338819885253906e+02, 0e+00, 0e+00, 5.84e+02, 0e+00, 0e+00, 6.6994873046875e+02, 0e+00, 6.216577529907227e+00, 2.28e+02, 0e+00, 5.4e+01, 5.55650634765625e+02, 0e+00, 3.150765380859375e+02, 2.63e+02, 0e+00, 5.05e+02, 1.328789825439453e+02, 0e+00, 5.030903625488281e+02, 0e+00, 1.05653715133667e+01, 3.94e+02, 0e+00, 1.56e+02, 3.77779296875e+02, 0e+00, 1.809132690429688e+02, 2.69e+02, 0e+00, 4.81e+02, 1.190941543579102e+02, 0e+00, 5.196828002929688e+02, 8e+01, 2.382352828979492e+00, 8.35e+02, 0e+00, 2.7e+01, 4.493181762695312e+02, 0e+00, 4.7e+01, 5.51e+02, 0e+00, 2.87e+02, 2.701541748046875e+02, 0e+00, 4.686277465820312e+02, 1.04e+02, 0e+00, 4.11e+02, 0e+00, 0e+00, 6.188453369140625e+02, 0e+00, 6.890243887901306e-01, 2.64e+02, 0e+00, 2.3e+01, 2.547437438964844e+02, 0e+00, 8.529598999023438e+01, 4e+01, 0e+00, 2.07e+02, 0e+00, 0e+00, 3.108614807128906e+02, 0e+00, 0e+00, 1.69e+02, 0e+00, 0e+00, 1.860112762451172e+02, 0e+00, 0e+00, 1.04e+02, 0e+00, 2e+00, 0e+00, 0e+00, 6.207912445068359e+01]
sim.Te=[2.8025e+02, 2.762999877929688e+02, 2.786499938964844e+02, 2.7909375e+02, 2.798500061035156e+02, 2.704708251953125e+02, 2.726499938964844e+02, 2.798173522949219e+02, 2.736499938964844e+02, 2.797374877929688e+02, 2.815499877929688e+02, 2.761375122070312e+02, 2.7575e+02, 2.70572998046875e+02, 2.828500061035156e+02, 2.793583374023438e+02, 2.723500061035156e+02, 2.771618957519531e+02, 2.7875e+02, 2.813031311035156e+02, 2.788500061035156e+02, 2.854668884277344e+02, 2.770499877929688e+02, 2.7864111328125e+02, 2.851499938964844e+02, 2.838500061035156e+02, 2.840499877929688e+02, 2.824734497070312e+02, 2.749500122070312e+02, 2.881499938964844e+02, 2.900499877929688e+02, 2.886087646484375e+02, 2.841499938964844e+02, 2.7898193359375e+02, 2.7925e+02, 2.975487670898438e+02, 2.8625e+02, 2.801981811523438e+02, 2.901499938964844e+02, 2.888902282714844e+02, 2.8775e+02, 2.914150085449219e+02, 2.864500122070312e+02, 3.008735961914062e+02, 2.934500122070312e+02, 2.845953063964844e+02, 2.9175e+02, 2.876988525390625e+02, 2.873500061035156e+02, 3.006597900390625e+02, 2.8975e+02, 2.9110595703125e+02, 2.956499938964844e+02, 2.869346008300781e+02, 2.911499938964844e+02, 3.015593872070312e+02, 2.906499938964844e+02, 2.939464416503906e+02, 2.915499877929688e+02, 2.884056396484375e+02, 2.886499938964844e+02, 2.897753295898438e+02, 2.861499938964844e+02, 2.955570983886719e+02, 2.9075e+02, 2.893012390136719e+02, 2.953500061035156e+02, 2.828034973144531e+02, 2.8375e+02, 2.894368896484375e+02, 2.899500122070312e+02, 2.891944580078125e+02, 2.901499938964844e+02, 2.884324951171875e+02, 2.876499938964844e+02, 2.883166809082031e+02, 2.8475e+02, 2.878014526367188e+02, 2.849500122070312e+02, 2.793999938964844e+02, 2.8375e+02, 2.828143005371094e+02, 2.851499938964844e+02, 2.862535095214844e+02, 2.824500122070312e+02, 2.808071594238281e+02, 2.8175e+02, 2.781452331542969e+02, 2.786499938964844e+02, 2.7475e+02, 2.7975e+02, 2.818987426757812e+02, 2.7525e+02, 2.761083374023438e+02, 2.7275e+02, 2.711482238769531e+02, 2.811499938964844e+02, 2.803702087402344e+02, 2.850499877929688e+02, 2.818555908203125e+02, 2.796499938964844e+02]
sim.Tsky=[2.750856323242188e+02, 2.652909240722656e+02, 2.694975280761719e+02, 2.738535766601562e+02, 2.707986755371094e+02, 2.633072814941406e+02, 2.639354248046875e+02, 2.747466125488281e+02, 2.622918395996094e+02, 2.714624328613281e+02, 2.716498413085938e+02, 2.679535522460938e+02, 2.695954895019531e+02, 2.607168884277344e+02, 2.782229919433594e+02, 2.653243713378906e+02, 2.596739501953125e+02, 2.67056396484375e+02, 2.73262939453125e+02, 2.763532409667969e+02, 2.697843933105469e+02, 2.713102416992188e+02, 2.657738342285156e+02, 2.603883056640625e+02, 2.719615173339844e+02, 2.718417053222656e+02, 2.715892028808594e+02, 2.779735412597656e+02, 2.618877563476562e+02, 2.761904602050781e+02, 2.7660107421875e+02, 2.784016723632812e+02, 2.725996704101562e+02, 2.73513427734375e+02, 2.676487731933594e+02, 2.808853149414062e+02, 2.823817138671875e+02, 2.6848779296875e+02, 2.778983459472656e+02, 2.815984497070312e+02, 2.760033264160156e+02, 2.832158813476562e+02, 2.826940307617188e+02, 2.87717041015625e+02, 2.856431274414062e+02, 2.765406494140625e+02, 2.798067016601562e+02, 2.77830078125e+02, 2.764909362792969e+02, 2.850568237304688e+02, 2.84328857421875e+02, 2.823690185546875e+02, 2.844835205078125e+02, 2.813021545410156e+02, 2.790910034179688e+02, 2.896155090332031e+02, 2.877831726074219e+02, 2.832823791503906e+02, 2.847577514648438e+02, 2.810316772460938e+02, 2.852338256835938e+02, 2.82e+02, 2.7841845703125e+02, 2.854841613769531e+02, 2.824019165039062e+02, 2.83042236328125e+02, 2.827749938964844e+02, 2.783750305175781e+02, 2.795255432128906e+02, 2.765571594238281e+02, 2.870673522949219e+02, 2.861477966308594e+02, 2.753592834472656e+02, 2.800626220703125e+02, 2.801541442871094e+02, 2.804125061035156e+02, 2.783748779296875e+02, 2.765174865722656e+02, 2.746246032714844e+02, 2.709967346191406e+02, 2.719618225097656e+02, 2.760704650878906e+02, 2.77169677734375e+02, 2.770869140625e+02, 2.777366333007812e+02, 2.74842529296875e+02, 2.662128295898438e+02, 2.723098754882812e+02, 2.726453857421875e+02, 2.682624816894531e+02, 2.64778076171875e+02, 2.770806579589844e+02, 2.690357360839844e+02, 2.700390014648438e+02, 2.622974548339844e+02, 2.605263366699219e+02, 2.723607788085938e+02, 2.688572387695312e+02, 2.809448852539062e+02, 2.7490087890625e+02, 2.706518249511719e+02]
sim.TeAv=[2.8025e+02, 2.762999877929688e+02, 2.786499938964844e+02, 2.7909375e+02, 2.798500061035156e+02, 2.704708251953125e+02, 2.726499938964844e+02, 2.798173522949219e+02, 2.736499938964844e+02, 2.797374877929688e+02, 2.815499877929688e+02, 2.761375122070312e+02, 2.7575e+02, 2.70572998046875e+02, 2.828500061035156e+02, 2.793583374023438e+02, 2.723500061035156e+02, 2.771618957519531e+02, 2.7875e+02, 2.813031311035156e+02, 2.788500061035156e+02, 2.854668884277344e+02, 2.770499877929688e+02, 2.7864111328125e+02, 2.851499938964844e+02, 2.838500061035156e+02, 2.840499877929688e+02, 2.824734497070312e+02, 2.749500122070312e+02, 2.881499938964844e+02, 2.900499877929688e+02, 2.886087646484375e+02, 2.841499938964844e+02, 2.7898193359375e+02, 2.7925e+02, 2.975487670898438e+02, 2.8625e+02, 2.801981811523438e+02, 2.901499938964844e+02, 2.888902282714844e+02, 2.8775e+02, 2.914150085449219e+02, 2.864500122070312e+02, 3.008735961914062e+02, 2.934500122070312e+02, 2.845953063964844e+02, 2.9175e+02, 2.876988525390625e+02, 2.873500061035156e+02, 3.006597900390625e+02, 2.8975e+02, 2.9110595703125e+02, 2.956499938964844e+02, 2.869346008300781e+02, 2.911499938964844e+02, 3.015593872070312e+02, 2.906499938964844e+02, 2.939464416503906e+02, 2.915499877929688e+02, 2.884056396484375e+02, 2.886499938964844e+02, 2.897753295898438e+02, 2.861499938964844e+02, 2.955570983886719e+02, 2.9075e+02, 2.893012390136719e+02, 2.953500061035156e+02, 2.828034973144531e+02, 2.8375e+02, 2.894368896484375e+02, 2.899500122070312e+02, 2.891944580078125e+02, 2.901499938964844e+02, 2.884324951171875e+02, 2.876499938964844e+02, 2.883166809082031e+02, 2.8475e+02, 2.878014526367188e+02, 2.849500122070312e+02, 2.793999938964844e+02, 2.8375e+02, 2.828143005371094e+02, 2.851499938964844e+02, 2.862535095214844e+02, 2.824500122070312e+02, 2.808071594238281e+02, 2.8175e+02, 2.781452331542969e+02, 2.786499938964844e+02, 2.7475e+02, 2.7975e+02, 2.818987426757812e+02, 2.7525e+02, 2.761083374023438e+02, 2.7275e+02, 2.711482238769531e+02, 2.811499938964844e+02, 2.803702087402344e+02, 2.850499877929688e+02, 2.818555908203125e+02, 2.796499938964844e+02]
sim.Tground=[2.831499938964844e+02, 2.831499938964844e+02]
sim.TDewPoi=[2.794500122070312e+02, 2.727805480957031e+02, 2.765499877929688e+02, 2.790281372070312e+02, 2.771499938964844e+02, 2.7006787109375e+02, 2.715499877929688e+02, 2.798173522949219e+02, 2.708500061035156e+02, 2.775877380371094e+02, 2.783500061035156e+02, 2.742452392578125e+02, 2.748500061035156e+02, 2.688570861816406e+02, 2.819500122070312e+02, 2.707922668457031e+02, 2.6825e+02, 2.757791748046875e+02, 2.779500122070312e+02, 2.804500122070312e+02, 2.769500122070312e+02, 2.725666809082031e+02, 2.750499877929688e+02, 2.645693359375e+02, 2.753500061035156e+02, 2.768500061035156e+02, 2.759500122070312e+02, 2.824708251953125e+02, 2.695499877929688e+02, 2.799320373535156e+02, 2.780499877929688e+02, 2.829203186035156e+02, 2.776499938964844e+02, 2.780484313964844e+02, 2.740499877929688e+02, 2.757057189941406e+02, 2.854500122070312e+02, 2.749222106933594e+02, 2.8025e+02, 2.858794555664062e+02, 2.796499938964844e+02, 2.875968627929688e+02, 2.859500122070312e+02, 2.857000122070312e+02, 2.890499877929688e+02, 2.820600891113281e+02, 2.818500061035156e+02, 2.8265576171875e+02, 2.811499938964844e+02, 2.807710876464844e+02, 2.875499877929688e+02, 2.863194580078125e+02, 2.858500061035156e+02, 2.849437866210938e+02, 2.8125e+02, 2.884500122070312e+02, 2.900499877929688e+02, 2.857124938964844e+02, 2.883500061035156e+02, 2.854668884277344e+02, 2.875499877929688e+02, 2.861812438964844e+02, 2.836499938964844e+02, 2.877611083984375e+02, 2.863500061035156e+02, 2.869711303710938e+02, 2.8275e+02, 2.828034973144531e+02, 2.8375e+02, 2.791155090332031e+02, 2.899500122070312e+02, 2.891944580078125e+02, 2.763500061035156e+02, 2.837357177734375e+02, 2.848500061035156e+02, 2.8575e+02, 2.829500122070312e+02, 2.803999938964844e+02, 2.804500122070312e+02, 2.769968872070312e+02, 2.740499877929688e+02, 2.811627502441406e+02, 2.824500122070312e+02, 2.821962585449219e+02, 2.815499877929688e+02, 2.799249877929688e+02, 2.7675e+02, 2.764187622070312e+02, 2.7575e+02, 2.733500061035156e+02, 2.7875e+02, 2.810599975585938e+02, 2.745499877929688e+02, 2.752437438964844e+02, 2.701499938964844e+02, 2.688626098632812e+02, 2.784500122070312e+02, 2.751375122070312e+02, 2.843500061035156e+02, 2.801539611816406e+02, 2.773500061035156e+02]
sim.weaBus.solBus[5].Tenv=[2.784568481445312e+02, 2.725589294433594e+02, 2.755176391601562e+02, 2.7727490234375e+02, 2.767507019042969e+02, 2.6800341796875e+02, 2.696648559570312e+02, 2.7805615234375e+02, 2.697968139648438e+02, 2.768960876464844e+02, 2.781697082519531e+02, 2.733275451660156e+02, 2.736213073730469e+02, 2.672120361328125e+02, 2.812401123046875e+02, 2.74639892578125e+02, 2.680718688964844e+02, 2.737160339355469e+02, 2.7684716796875e+02, 2.795830078125e+02, 2.75746337890625e+02, 2.807040405273438e+02, 2.732214965820312e+02, 2.726010437011719e+02, 2.806976013183594e+02, 2.797796020507812e+02, 2.798329772949219e+02, 2.809071044921875e+02, 2.705458984375e+02, 2.840928039550781e+02, 2.855102233886719e+02, 2.851243896484375e+02, 2.802282104492188e+02, 2.770853881835938e+02, 2.753145141601562e+02, 2.919796142578125e+02, 2.849002990722656e+02, 2.762266845703125e+02, 2.859967651367188e+02, 2.863755187988281e+02, 2.837622375488281e+02, 2.885955810546875e+02, 2.851389770507812e+02, 2.964204711914062e+02, 2.907613220214844e+02, 2.818260192871094e+02, 2.876959838867188e+02, 2.843263244628906e+02, 2.836521606445312e+02, 2.954228210449219e+02, 2.878681945800781e+02, 2.881072692871094e+02, 2.91847412109375e+02, 2.849812622070312e+02, 2.870587158203125e+02, 2.974996643066406e+02, 2.896461181640625e+02, 2.903094482421875e+02, 2.892030029296875e+02, 2.858634338378906e+02, 2.874560852050781e+02, 2.8709814453125e+02, 2.834883728027344e+02, 2.921140441894531e+02, 2.878810119628906e+02, 2.871349182128906e+02, 2.910886840820312e+02, 2.812616271972656e+02, 2.822780456542969e+02, 2.850809020996094e+02, 2.88940673828125e+02, 2.881282958984375e+02, 2.851809387207031e+02, 2.855569152832031e+02, 2.850670471191406e+02, 2.855967102050781e+02, 2.825451354980469e+02, 2.839644775390625e+02, 2.814283447265625e+02, 2.765160217285156e+02, 2.797510986328125e+02, 2.804853210449219e+02, 2.824053955078125e+02, 2.831137084960938e+02, 2.808106079101562e+02, 2.787419128417969e+02, 2.765526428222656e+02, 2.761242370605469e+02, 2.76571533203125e+02, 2.72509033203125e+02, 2.747332763671875e+02, 2.802236022949219e+02, 2.731011962890625e+02, 2.740083923339844e+02, 2.691925354003906e+02, 2.675362548828125e+02, 2.781371765136719e+02, 2.764627380371094e+02, 2.836189270019531e+02, 2.794557800292969e+02, 2.765683898925781e+02]
sim.weaBus.solBus[4].Tenv=[2.784568481445312e+02, 2.725589294433594e+02, 2.755176391601562e+02, 2.7727490234375e+02, 2.767507019042969e+02, 2.6800341796875e+02, 2.696648559570312e+02, 2.7805615234375e+02, 2.697968139648438e+02, 2.768960876464844e+02, 2.781697082519531e+02, 2.733275451660156e+02, 2.736213073730469e+02, 2.672120361328125e+02, 2.812401123046875e+02, 2.74639892578125e+02, 2.680718688964844e+02, 2.737160339355469e+02, 2.7684716796875e+02, 2.795830078125e+02, 2.75746337890625e+02, 2.807040405273438e+02, 2.732214965820312e+02, 2.726010437011719e+02, 2.806976013183594e+02, 2.797796020507812e+02, 2.798329772949219e+02, 2.809071044921875e+02, 2.705458984375e+02, 2.840928039550781e+02, 2.855102233886719e+02, 2.851243896484375e+02, 2.802282104492188e+02, 2.770853881835938e+02, 2.753145141601562e+02, 2.919796142578125e+02, 2.849002990722656e+02, 2.762266845703125e+02, 2.859967651367188e+02, 2.863755187988281e+02, 2.837622375488281e+02, 2.885955810546875e+02, 2.851389770507812e+02, 2.964204711914062e+02, 2.907613220214844e+02, 2.818260192871094e+02, 2.876959838867188e+02, 2.843263244628906e+02, 2.836521606445312e+02, 2.954228210449219e+02, 2.878681945800781e+02, 2.881072692871094e+02, 2.91847412109375e+02, 2.849812622070312e+02, 2.870587158203125e+02, 2.974996643066406e+02, 2.896461181640625e+02, 2.903094482421875e+02, 2.892030029296875e+02, 2.858634338378906e+02, 2.874560852050781e+02, 2.8709814453125e+02, 2.834883728027344e+02, 2.921140441894531e+02, 2.878810119628906e+02, 2.871349182128906e+02, 2.910886840820312e+02, 2.812616271972656e+02, 2.822780456542969e+02, 2.850809020996094e+02, 2.88940673828125e+02, 2.881282958984375e+02, 2.851809387207031e+02, 2.855569152832031e+02, 2.850670471191406e+02, 2.855967102050781e+02, 2.825451354980469e+02, 2.839644775390625e+02, 2.814283447265625e+02, 2.765160217285156e+02, 2.797510986328125e+02, 2.804853210449219e+02, 2.824053955078125e+02, 2.831137084960938e+02, 2.808106079101562e+02, 2.787419128417969e+02, 2.765526428222656e+02, 2.761242370605469e+02, 2.76571533203125e+02, 2.72509033203125e+02, 2.747332763671875e+02, 2.802236022949219e+02, 2.731011962890625e+02, 2.740083923339844e+02, 2.691925354003906e+02, 2.675362548828125e+02, 2.781371765136719e+02, 2.764627380371094e+02, 2.836189270019531e+02, 2.794557800292969e+02, 2.765683898925781e+02]
sim.weaBus.solBus[3].Tenv=[2.784568481445312e+02, 2.725589294433594e+02, 2.755176391601562e+02, 2.7727490234375e+02, 2.767507019042969e+02, 2.6800341796875e+02, 2.696648559570312e+02, 2.7805615234375e+02, 2.697968139648438e+02, 2.768960876464844e+02, 2.781697082519531e+02, 2.733275451660156e+02, 2.736213073730469e+02, 2.672120361328125e+02, 2.812401123046875e+02, 2.74639892578125e+02, 2.680718688964844e+02, 2.737160339355469e+02, 2.7684716796875e+02, 2.795830078125e+02, 2.75746337890625e+02, 2.807040405273438e+02, 2.732214965820312e+02, 2.726010437011719e+02, 2.806976013183594e+02, 2.797796020507812e+02, 2.798329772949219e+02, 2.809071044921875e+02, 2.705458984375e+02, 2.840928039550781e+02, 2.855102233886719e+02, 2.851243896484375e+02, 2.802282104492188e+02, 2.770853881835938e+02, 2.753145141601562e+02, 2.919796142578125e+02, 2.849002990722656e+02, 2.762266845703125e+02, 2.859967651367188e+02, 2.863755187988281e+02, 2.837622375488281e+02, 2.885955810546875e+02, 2.851389770507812e+02, 2.964204711914062e+02, 2.907613220214844e+02, 2.818260192871094e+02, 2.876959838867188e+02, 2.843263244628906e+02, 2.836521606445312e+02, 2.954228210449219e+02, 2.878681945800781e+02, 2.881072692871094e+02, 2.91847412109375e+02, 2.849812622070312e+02, 2.870587158203125e+02, 2.974996643066406e+02, 2.896461181640625e+02, 2.903094482421875e+02, 2.892030029296875e+02, 2.858634338378906e+02, 2.874560852050781e+02, 2.8709814453125e+02, 2.834883728027344e+02, 2.921140441894531e+02, 2.878810119628906e+02, 2.871349182128906e+02, 2.910886840820312e+02, 2.812616271972656e+02, 2.822780456542969e+02, 2.850809020996094e+02, 2.88940673828125e+02, 2.881282958984375e+02, 2.851809387207031e+02, 2.855569152832031e+02, 2.850670471191406e+02, 2.855967102050781e+02, 2.825451354980469e+02, 2.839644775390625e+02, 2.814283447265625e+02, 2.765160217285156e+02, 2.797510986328125e+02, 2.804853210449219e+02, 2.824053955078125e+02, 2.831137084960938e+02, 2.808106079101562e+02, 2.787419128417969e+02, 2.765526428222656e+02, 2.761242370605469e+02, 2.76571533203125e+02, 2.72509033203125e+02, 2.747332763671875e+02, 2.802236022949219e+02, 2.731011962890625e+02, 2.740083923339844e+02, 2.691925354003906e+02, 2.675362548828125e+02, 2.781371765136719e+02, 2.764627380371094e+02, 2.836189270019531e+02, 2.794557800292969e+02, 2.765683898925781e+02]
sim.weaBus.solBus[2].Tenv=[2.784568481445312e+02, 2.725589294433594e+02, 2.755176391601562e+02, 2.7727490234375e+02, 2.767507019042969e+02, 2.6800341796875e+02, 2.696648559570312e+02, 2.7805615234375e+02, 2.697968139648438e+02, 2.768960876464844e+02, 2.781697082519531e+02, 2.733275451660156e+02, 2.736213073730469e+02, 2.672120361328125e+02, 2.812401123046875e+02, 2.74639892578125e+02, 2.680718688964844e+02, 2.737160339355469e+02, 2.7684716796875e+02, 2.795830078125e+02, 2.75746337890625e+02, 2.807040405273438e+02, 2.732214965820312e+02, 2.726010437011719e+02, 2.806976013183594e+02, 2.797796020507812e+02, 2.798329772949219e+02, 2.809071044921875e+02, 2.705458984375e+02, 2.840928039550781e+02, 2.855102233886719e+02, 2.851243896484375e+02, 2.802282104492188e+02, 2.770853881835938e+02, 2.753145141601562e+02, 2.919796142578125e+02, 2.849002990722656e+02, 2.762266845703125e+02, 2.859967651367188e+02, 2.863755187988281e+02, 2.837622375488281e+02, 2.885955810546875e+02, 2.851389770507812e+02, 2.964204711914062e+02, 2.907613220214844e+02, 2.818260192871094e+02, 2.876959838867188e+02, 2.843263244628906e+02, 2.836521606445312e+02, 2.954228210449219e+02, 2.878681945800781e+02, 2.881072692871094e+02, 2.91847412109375e+02, 2.849812622070312e+02, 2.870587158203125e+02, 2.974996643066406e+02, 2.896461181640625e+02, 2.903094482421875e+02, 2.892030029296875e+02, 2.858634338378906e+02, 2.874560852050781e+02, 2.8709814453125e+02, 2.834883728027344e+02, 2.921140441894531e+02, 2.878810119628906e+02, 2.871349182128906e+02, 2.910886840820312e+02, 2.812616271972656e+02, 2.822780456542969e+02, 2.850809020996094e+02, 2.88940673828125e+02, 2.881282958984375e+02, 2.851809387207031e+02, 2.855569152832031e+02, 2.850670471191406e+02, 2.855967102050781e+02, 2.825451354980469e+02, 2.839644775390625e+02, 2.814283447265625e+02, 2.765160217285156e+02, 2.797510986328125e+02, 2.804853210449219e+02, 2.824053955078125e+02, 2.831137084960938e+02, 2.808106079101562e+02, 2.787419128417969e+02, 2.765526428222656e+02, 2.761242370605469e+02, 2.76571533203125e+02, 2.72509033203125e+02, 2.747332763671875e+02, 2.802236022949219e+02, 2.731011962890625e+02, 2.740083923339844e+02, 2.691925354003906e+02, 2.675362548828125e+02, 2.781371765136719e+02, 2.764627380371094e+02, 2.836189270019531e+02, 2.794557800292969e+02, 2.765683898925781e+02]
sim.weaBus.solBus[1].Tenv=[2.750856323242188e+02, 2.652909240722656e+02, 2.694975280761719e+02, 2.738535766601562e+02, 2.707986755371094e+02, 2.633072814941406e+02, 2.639354248046875e+02, 2.747466125488281e+02, 2.622918395996094e+02, 2.714624328613281e+02, 2.716498413085938e+02, 2.679535522460938e+02, 2.695954895019531e+02, 2.607168884277344e+02, 2.782229919433594e+02, 2.653243713378906e+02, 2.596739501953125e+02, 2.67056396484375e+02, 2.73262939453125e+02, 2.763532409667969e+02, 2.697843933105469e+02, 2.713102416992188e+02, 2.657738342285156e+02, 2.603883056640625e+02, 2.719615173339844e+02, 2.718417053222656e+02, 2.715892028808594e+02, 2.779735412597656e+02, 2.618877563476562e+02, 2.761904602050781e+02, 2.7660107421875e+02, 2.784016723632812e+02, 2.725996704101562e+02, 2.73513427734375e+02, 2.676487731933594e+02, 2.808853149414062e+02, 2.823817138671875e+02, 2.6848779296875e+02, 2.778983459472656e+02, 2.815984497070312e+02, 2.760033264160156e+02, 2.832158813476562e+02, 2.826940307617188e+02, 2.87717041015625e+02, 2.856431274414062e+02, 2.765406494140625e+02, 2.798067016601562e+02, 2.77830078125e+02, 2.764909362792969e+02, 2.850568237304688e+02, 2.84328857421875e+02, 2.823690185546875e+02, 2.844835205078125e+02, 2.813021545410156e+02, 2.790910034179688e+02, 2.896155090332031e+02, 2.877831726074219e+02, 2.832823791503906e+02, 2.847577514648438e+02, 2.810316772460938e+02, 2.852338256835938e+02, 2.82e+02, 2.7841845703125e+02, 2.854841613769531e+02, 2.824019165039062e+02, 2.83042236328125e+02, 2.827749938964844e+02, 2.783750305175781e+02, 2.795255432128906e+02, 2.765571594238281e+02, 2.870673522949219e+02, 2.861477966308594e+02, 2.753592834472656e+02, 2.800626220703125e+02, 2.801541442871094e+02, 2.804125061035156e+02, 2.783748779296875e+02, 2.765174865722656e+02, 2.746246032714844e+02, 2.709967346191406e+02, 2.719618225097656e+02, 2.760704650878906e+02, 2.77169677734375e+02, 2.770869140625e+02, 2.777366333007812e+02, 2.74842529296875e+02, 2.662128295898438e+02, 2.723098754882812e+02, 2.726453857421875e+02, 2.682624816894531e+02, 2.64778076171875e+02, 2.770806579589844e+02, 2.690357360839844e+02, 2.700390014648438e+02, 2.622974548339844e+02, 2.605263366699219e+02, 2.723607788085938e+02, 2.688572387695312e+02, 2.809448852539062e+02, 2.7490087890625e+02, 2.706518249511719e+02]
sim.weaBus.angDec=[-4.028861224651337e-01, -3.974134922027588e-01, -3.903071582317352e-01, -3.816089928150177e-01, -3.713690936565399e-01, -3.596449494361877e-01, -3.465005457401276e-01, -3.320053517818451e-01, -3.162334263324738e-01, -2.99262523651123e-01, -2.811731696128845e-01, -2.620479762554169e-01, -2.419710606336594e-01, -2.210273593664169e-01, -1.993022114038467e-01, -1.768811196088791e-01, -1.538493186235428e-01, -1.30291759967804e-01, -1.062929108738899e-01, -8.19367989897728e-02, -5.730694904923439e-02, -3.248652443289757e-02, -7.558390032500029e-03, 1.73947736620903e-02, 4.229031875729561e-02, 6.704550981521606e-02, 9.157738089561462e-02, 1.158026307821274e-01, 1.396375447511673e-01, 1.629979163408279e-01, 1.857990920543671e-01, 2.079559713602066e-01, 2.293832153081894e-01, 2.499953359365463e-01, 2.697071135044098e-01, 2.88433849811554e-01, 3.060919940471649e-01, 3.225996494293213e-01, 3.378772735595703e-01, 3.518484830856323e-01, 3.6444091796875e-01, 3.7558713555336e-01, 3.852256238460541e-01, 3.933016955852509e-01, 3.997683823108673e-01, 4.045873582363129e-01, 4.077296555042267e-01, 4.091760516166687e-01, 4.089177548885345e-01, 4.069563150405884e-01, 4.033037722110748e-01, 3.979822397232056e-01, 3.910236954689026e-01, 3.82469117641449e-01, 3.723678886890411e-01, 3.607768714427948e-01, 3.477595150470734e-01, 3.333848118782043e-01, 3.177264332771301e-01, 3.008618354797363e-01, 2.828713357448578e-01, 2.638373672962189e-01, 2.438439577817917e-01, 2.22975954413414e-01, 2.013187110424042e-01, 1.789577007293701e-01, 1.559782028198242e-01, 1.32465198636055e-01, 1.085032001137733e-01, 8.417627215385437e-02, 5.956798791885376e-02, 3.476154431700706e-02, 9.839822538197041e-03, -1.51144852861762e-02, -4.001873359084129e-02, -6.479019671678543e-02, -8.934593945741653e-02, -1.136026903986931e-01, -1.374767869710922e-01, -1.608840525150299e-01, -1.837398856878281e-01, -2.05959215760231e-01, -2.274567186832428e-01, -2.481469213962555e-01, -2.679445147514343e-01, -2.867648303508759e-01, -3.045240938663483e-01, -3.211402893066406e-01, -3.365335762500763e-01, -3.506273031234741e-01, -3.633486926555634e-01, -3.746297955513e-01, -3.844085037708282e-01, -3.926295042037964e-01, -3.992450535297394e-01, -4.042160511016846e-01, -4.075125753879547e-01, -4.091145694255829e-01, -4.090122282505035e-01, -4.072061479091644e-01, -4.037074446678162e-01]
sim.weaBus.angHou=[-3.343066692352295e+00, 1.955737686157227e+01, 4.245816040039062e+01, 6.535935974121094e+01, 8.826104736328125e+01, 1.111632995605469e+02, 1.34066162109375e+02, 1.569696960449219e+02, 1.798739471435547e+02, 2.027789154052734e+02, 2.256846313476562e+02, 2.485911102294922e+02, 2.714983520507812e+02, 2.944063110351562e+02, 3.173150024414062e+02, 3.402243347167969e+02, 3.631343383789062e+02, 3.860448913574219e+02, 4.089559631347656e+02, 4.318674621582031e+02, 4.547793579101562e+02, 4.776915283203125e+02, 5.006039123535156e+02, 5.235164184570312e+02, 5.464290161132812e+02, 5.693414916992188e+02, 5.9225390625e+02, 6.151660766601562e+02, 6.380780029296875e+02, 6.609895629882812e+02, 6.839007568359375e+02, 7.068114624023438e+02, 7.297216796875e+02, 7.5263134765625e+02, 7.7554052734375e+02, 7.984490966796875e+02, 8.213570556640625e+02, 8.442645263671875e+02, 8.6717138671875e+02, 8.900777587890625e+02, 9.12983642578125e+02, 9.358890991210938e+02, 9.587941284179688e+02, 9.816988525390625e+02, 1.004603271484375e+03, 1.027507568359375e+03, 1.050411743164062e+03, 1.073315795898438e+03, 1.096219848632812e+03, 1.119124145507812e+03, 1.142028564453125e+03, 1.164933227539062e+03, 1.187838256835938e+03, 1.21074365234375e+03, 1.233649536132812e+03, 1.256555908203125e+03, 1.279462768554688e+03, 1.302370239257812e+03, 1.3252783203125e+03, 1.348186889648438e+03, 1.37109619140625e+03, 1.394006103515625e+03, 1.41691650390625e+03, 1.439827514648438e+03, 1.462739013671875e+03, 1.485651000976562e+03, 1.5085634765625e+03, 1.531476196289062e+03, 1.55438916015625e+03, 1.577302490234375e+03, 1.6002158203125e+03, 1.623129150390625e+03, 1.64604248046875e+03, 1.668955688476562e+03, 1.691868530273438e+03, 1.71478125e+03, 1.737693481445312e+03, 1.760605224609375e+03, 1.783516479492188e+03, 1.806427124023438e+03, 1.829337036132812e+03, 1.852246215820312e+03, 1.87515478515625e+03, 1.8980625e+03, 1.920969482421875e+03, 1.943875610351562e+03, 1.966781005859375e+03, 1.989685546875e+03, 2.012589477539062e+03, 2.035492553710938e+03, 2.05839501953125e+03, 2.081296875e+03, 2.104198486328125e+03, 2.127099365234375e+03, 2.149999755859375e+03, 2.172900146484375e+03, 2.19580029296875e+03, 2.2187001953125e+03, 2.24160009765625e+03, 2.264500244140625e+03, 2.287400390625e+03]
sim.weaBus.angZen=[2.633193492889404e+00, 1.427414655685425e+00, 1.841664910316467e+00, 2.446538925170898e+00, 1.284832239151001e+00, 2.074796199798584e+00, 2.181124448776245e+00, 1.222418785095215e+00, 2.289164781570435e+00, 1.892764210700989e+00, 1.250404596328735e+00, 2.4368577003479e+00, 1.605006575584412e+00, 1.357365489006042e+00, 2.454224109649658e+00, 1.334136009216309e+00, 1.516680121421814e+00, 2.325060129165649e+00, 1.099592804908752e+00, 1.698404550552368e+00, 2.100672006607056e+00, 9.303921461105347e-01, 1.873167753219604e+00, 1.830116391181946e+00, 8.623716235160828e-01, 2.009778022766113e+00, 1.539973258972168e+00, 9.114583134651184e-01, 2.075258016586304e+00, 1.245705485343933e+00, 1.051675796508789e+00, 2.046298503875732e+00, 9.617663621902466e-01, 1.239448666572571e+00, 1.924691557884216e+00, 7.12652862071991e-01, 1.438509464263916e+00, 1.733088850975037e+00, 5.534946918487549e-01, 1.6208176612854e+00, 1.497577548027039e+00, 5.641733407974243e-01, 1.761416435241699e+00, 1.239266514778137e+00, 7.30975329875946e-01, 1.837580442428589e+00, 9.761529564857483e-01, 9.682700037956238e-01, 1.834590077400208e+00, 7.314715981483459e-01, 1.225184798240662e+00, 1.753162264823914e+00, 5.534234046936035e-01, 1.477179408073425e+00, 1.608762860298157e+00, 5.296657085418701e-01, 1.70616614818573e+00, 1.423641443252563e+00, 6.819122433662415e-01, 1.891876816749573e+00, 1.221518158912659e+00, 9.276612997055054e-01, 2.010026454925537e+00, 1.028977513313293e+00, 1.208662867546082e+00, 2.039822340011597e+00, 8.813900351524353e-01, 1.499841332435608e+00, 1.979066967964172e+00, 8.238525390625e-01, 1.786883950233459e+00, 1.84834611415863e+00, 8.861870765686035e-01, 2.054945230484009e+00, 1.67820405960083e+00, 1.053468227386475e+00, 2.279389142990112e+00, 1.498674392700195e+00, 1.288070797920227e+00, 2.415843725204468e+00, 1.338841080665588e+00, 1.559829354286194e+00, 2.415096759796143e+00, 1.229158520698547e+00, 1.849144101142883e+00, 2.28407883644104e+00, 1.197804927825928e+00, 2.14022970199585e+00, 2.080423831939697e+00, 1.258154511451721e+00, 2.411421298980713e+00, 1.853311777114868e+00, 1.400832772254944e+00, 2.613127470016479e+00, 1.634437799453735e+00, 1.602681636810303e+00, 2.644056797027588e+00, 1.448860883712769e+00, 1.839439392089844e+00, 2.481249809265137e+00, 1.321044564247131e+00]
