last-generated=2019-09-18
statistics-initialization=
{
  "nonlinear": "7, 7",
  "numerical Jacobians": "0"
}
statistics-simulation=
{
  "linear": "0, 0, 0, 0, 0, 0, 5, 0, 0, 0, 0, 0, 0, 0, 5, 0, 0, 0, 0, 0, 0, 0, 0",
  "nonlinear": "1",
  "number of continuous time states": "51",
  "numerical Jacobians": "0"
}
rectangularZoneTemplate1.TSensor=[2.931499938964844e+02, 2.929259338378906e+02, 2.926470031738281e+02, 2.923412475585938e+02, 2.9203173828125e+02, 2.919041137695312e+02, 2.920872497558594e+02, 2.923674926757812e+02, 2.923648376464844e+02, 2.920899353027344e+02, 2.918341369628906e+02, 2.915860290527344e+02, 2.913134460449219e+02, 2.910467224121094e+02, 2.909384765625e+02, 2.908959045410156e+02, 2.908294372558594e+02, 2.906673583984375e+02, 2.903859558105469e+02, 2.901158142089844e+02, 2.898195190429688e+02, 2.894955444335938e+02, 2.892232971191406e+02, 2.89113037109375e+02, 2.890255432128906e+02, 2.888735046386719e+02, 2.886090393066406e+02, 2.88297119140625e+02, 2.879817199707031e+02, 2.876248779296875e+02, 2.872400512695312e+02, 2.871384887695312e+02, 2.883626708984375e+02, 2.900900268554688e+02, 2.904794921875e+02, 2.897368774414062e+02, 2.892590942382812e+02, 2.888755798339844e+02, 2.885358276367188e+02, 2.882955322265625e+02, 2.884272155761719e+02, 2.893892211914062e+02, 2.900476684570312e+02, 2.901239318847656e+02, 2.898743896484375e+02, 2.897272033691406e+02, 2.895733032226562e+02, 2.89379638671875e+02, 2.893748779296875e+02, 2.903077697753906e+02, 2.910954284667969e+02, 2.915094909667969e+02, 2.913302612304688e+02, 2.910546875e+02, 2.908155517578125e+02, 2.905638122558594e+02, 2.903265991210938e+02, 2.905300903320312e+02, 2.91915283203125e+02, 2.923932800292969e+02, 2.927337646484375e+02, 2.925261535644531e+02, 2.922706604003906e+02, 2.920221252441406e+02, 2.917705078125e+02, 2.915359802246094e+02, 2.915978698730469e+02, 2.921232299804688e+02, 2.92783447265625e+02, 2.926515197753906e+02, 2.923625183105469e+02, 2.92153076171875e+02, 2.919358215332031e+02, 2.917033996582031e+02, 2.917294006347656e+02, 2.925016174316406e+02, 2.935770568847656e+02, 2.940213623046875e+02, 2.937337341308594e+02, 2.934759521484375e+02, 2.932452392578125e+02, 2.929964904785156e+02, 2.927663879394531e+02, 2.930110473632812e+02, 2.936953430175781e+02, 2.941806030273438e+02, 2.946128845214844e+02, 2.943407592773438e+02, 2.9408935546875e+02, 2.938253784179688e+02, 2.935320129394531e+02, 2.933260192871094e+02, 2.934686584472656e+02, 2.938934020996094e+02, 2.940606994628906e+02, 2.938766174316406e+02, 2.935530090332031e+02, 2.932490844726562e+02, 2.928856811523438e+02, 2.924859619140625e+02, 2.923577575683594e+02]
rectangularZoneTemplate.TSensor=[2.931499938964844e+02, 2.9294384765625e+02, 2.926991577148438e+02, 2.9242626953125e+02, 2.921464233398438e+02, 2.920821838378906e+02, 2.921358947753906e+02, 2.922739868164062e+02, 2.922849426269531e+02, 2.920881958007812e+02, 2.918705139160156e+02, 2.916454162597656e+02, 2.913959350585938e+02, 2.911660461425781e+02, 2.910440063476562e+02, 2.909803161621094e+02, 2.909081726074219e+02, 2.907639770507812e+02, 2.905185546875e+02, 2.902707824707031e+02, 2.899955749511719e+02, 2.896948547363281e+02, 2.894456176757812e+02, 2.893150634765625e+02, 2.892124328613281e+02, 2.890674438476562e+02, 2.888291931152344e+02, 2.885443115234375e+02, 2.8824853515625e+02, 2.879136047363281e+02, 2.876465759277344e+02, 2.876894836425781e+02, 2.877268981933594e+02, 2.878494262695312e+02, 2.878615417480469e+02, 2.877696533203125e+02, 2.875067749023438e+02, 2.87245361328125e+02, 2.870041809082031e+02, 2.870345458984375e+02, 2.870895080566406e+02, 2.874434204101562e+02, 2.877925109863281e+02, 2.879742736816406e+02, 2.879736938476562e+02, 2.879364929199219e+02, 2.878668823242188e+02, 2.877599487304688e+02, 2.881674194335938e+02, 2.884276123046875e+02, 2.889531860351562e+02, 2.8931201171875e+02, 2.893745422363281e+02, 2.892593688964844e+02, 2.891177978515625e+02, 2.889599304199219e+02, 2.890272216796875e+02, 2.893521118164062e+02, 2.899542541503906e+02, 2.90498291015625e+02, 2.907745971679688e+02, 2.90760498046875e+02, 2.906333618164062e+02, 2.90477783203125e+02, 2.903150024414062e+02, 2.901618347167969e+02, 2.902259216308594e+02, 2.905419311523438e+02, 2.908502502441406e+02, 2.909277038574219e+02, 2.908074340820312e+02, 2.906902770996094e+02, 2.905520629882812e+02, 2.903969116210938e+02, 2.906987609863281e+02, 2.910894775390625e+02, 2.916087951660156e+02, 2.918751831054688e+02, 2.918870849609375e+02, 2.91769287109375e+02, 2.916303405761719e+02, 2.914707641601562e+02, 2.915346984863281e+02, 2.917998046875e+02, 2.921983337402344e+02, 2.9255419921875e+02, 2.927550964355469e+02, 2.927549438476562e+02, 2.926223754882812e+02, 2.924477844238281e+02, 2.922412414550781e+02, 2.922245178222656e+02, 2.922970275878906e+02, 2.925519409179688e+02, 2.927068786621094e+02, 2.92653076171875e+02, 2.92445068359375e+02, 2.922196044921875e+02, 2.919327697753906e+02, 2.916387939453125e+02, 2.918587646484375e+02]
time=[1e+07, 1.1e+07]
