last-generated=2025-08-18
statistics-initialization=
{
  "nonlinear": "2",
  "numerical Jacobians": "0"
}
statistics-simulation=
{
  "linear": "0, 0, 0, 0, 0, 0, 0, 0, 0, 0, 0, 0, 0, 0, 0, 0, 0, 0",
  "nonlinear": "2, 1",
  "number of continuous time states": "52",
  "numerical Jacobians": "0"
}
time=[0e+00, 1.08e+05]
zone1.TSensor=[2.931499938964844e+02, 2.931154479980469e+02, 2.930615844726562e+02, 2.930016784667969e+02, 2.929411010742188e+02, 2.928817749023438e+02, 2.928244934082031e+02, 2.927676086425781e+02, 2.927146301269531e+02, 2.926604614257812e+02, 2.926019897460938e+02, 2.925406799316406e+02, 2.924775390625e+02, 2.924131164550781e+02, 2.92347900390625e+02, 2.922823181152344e+02, 2.922166137695312e+02, 2.921509399414062e+02, 2.920853576660156e+02, 2.920197143554688e+02, 2.919540100097656e+02, 2.918882141113281e+02, 2.91822265625e+02, 2.917561645507812e+02, 2.916902160644531e+02, 2.916248779296875e+02, 2.915533752441406e+02, 2.914753723144531e+02, 2.914030151367188e+02, 2.913399047851562e+02, 2.912843322753906e+02, 2.912295227050781e+02, 2.911756591796875e+02, 2.911228637695312e+02, 2.910713500976562e+02, 2.910210266113281e+02, 2.90971435546875e+02, 2.909220886230469e+02, 2.908731384277344e+02, 2.908243713378906e+02, 2.907754211425781e+02, 2.907265930175781e+02, 2.9067822265625e+02, 2.906303405761719e+02, 2.905825500488281e+02, 2.90533935546875e+02, 2.904841613769531e+02, 2.904333190917969e+02, 2.903814086914062e+02, 2.903284301757812e+02, 2.902735290527344e+02, 2.902177429199219e+02, 2.901632385253906e+02, 2.901104736328125e+02, 2.900581665039062e+02, 2.900037536621094e+02, 2.899461669921875e+02, 2.8988671875e+02, 2.898291625976562e+02, 2.897752075195312e+02, 2.897234497070312e+02, 2.896710815429688e+02, 2.896172485351562e+02, 2.895618896484375e+02, 2.895050354003906e+02, 2.894465026855469e+02, 2.893859558105469e+02, 2.893235473632812e+02, 2.892607727050781e+02, 2.891995544433594e+02, 2.891396484375e+02, 2.890793762207031e+02, 2.890196228027344e+02, 2.889609985351562e+02, 2.889027099609375e+02, 2.888437194824219e+02, 2.88783935546875e+02, 2.887236328125e+02, 2.886630554199219e+02, 2.886019897460938e+02, 2.885403442382812e+02, 2.884783020019531e+02, 2.884162902832031e+02, 2.883547058105469e+02, 2.882937316894531e+02, 2.882344360351562e+02, 2.881771545410156e+02, 2.881204223632812e+02, 2.880618286132812e+02, 2.880002136230469e+02, 2.879368896484375e+02, 2.878749389648438e+02, 2.878159484863281e+02, 2.877591857910156e+02, 2.877026672363281e+02, 2.876455993652344e+02, 2.875880737304688e+02, 2.875301818847656e+02, 2.874720764160156e+02, 2.874137878417969e+02, 2.873554992675781e+02]
zone.TSensor=[2.931499938964844e+02, 2.930579833984375e+02, 2.929739379882812e+02, 2.929017639160156e+02, 2.928340148925781e+02, 2.92767333984375e+02, 2.926990966796875e+02, 2.9262939453125e+02, 2.925507507324219e+02, 2.924535827636719e+02, 2.923501892089844e+02, 2.922555847167969e+02, 2.921716918945312e+02, 2.920960693359375e+02, 2.920260314941406e+02, 2.919599304199219e+02, 2.918970336914062e+02, 2.918369445800781e+02, 2.917779541015625e+02, 2.917168884277344e+02, 2.916528625488281e+02, 2.915857543945312e+02, 2.915138244628906e+02, 2.914386291503906e+02, 2.913645935058594e+02, 2.912988586425781e+02, 2.912492370605469e+02, 2.912078857421875e+02, 2.911590270996094e+02, 2.910987854003906e+02, 2.910300903320312e+02, 2.909602355957031e+02, 2.908920288085938e+02, 2.908262939453125e+02, 2.907635803222656e+02, 2.907022399902344e+02, 2.906388244628906e+02, 2.905741882324219e+02, 2.905104675292969e+02, 2.904461364746094e+02, 2.903823547363281e+02, 2.90321044921875e+02, 2.902635803222656e+02, 2.902100830078125e+02, 2.9015771484375e+02, 2.901006774902344e+02, 2.900392456054688e+02, 2.899762878417969e+02, 2.899112854003906e+02, 2.89841064453125e+02, 2.897658081054688e+02, 2.896929016113281e+02, 2.896300048828125e+02, 2.895758056640625e+02, 2.895222473144531e+02, 2.894562683105469e+02, 2.893744506835938e+02, 2.89289306640625e+02, 2.892203369140625e+02, 2.891699523925781e+02, 2.891264038085938e+02, 2.890758666992188e+02, 2.890175170898438e+02, 2.889538269042969e+02, 2.888868103027344e+02, 2.888153381347656e+02, 2.88737548828125e+02, 2.886538696289062e+02, 2.885709533691406e+02, 2.884983215332031e+02, 2.884350280761719e+02, 2.883736572265625e+02, 2.883164978027344e+02, 2.882640075683594e+02, 2.882103576660156e+02, 2.881520080566406e+02, 2.880900573730469e+02, 2.880266723632812e+02, 2.879630737304688e+02, 2.878990783691406e+02, 2.878349304199219e+02, 2.877715148925781e+02, 2.877101135253906e+02, 2.876504821777344e+02, 2.875919494628906e+02, 2.875406494140625e+02, 2.874985046386719e+02, 2.874589538574219e+02, 2.874105224609375e+02, 2.87346435546875e+02, 2.872734375e+02, 2.872080688476562e+02, 2.871567077636719e+02, 2.87114013671875e+02, 2.870703430175781e+02, 2.870224304199219e+02, 2.869717407226562e+02, 2.869192504882812e+02, 2.868657531738281e+02, 2.868117370605469e+02, 2.867576293945312e+02]
zone.airModel.phi=[6.919648051261902e-01, 6.830523610115051e-01, 6.740981340408325e-01, 6.652032732963562e-01, 6.563284993171692e-01, 6.475308537483215e-01, 6.387306451797485e-01, 6.300220489501953e-01, 6.20808482170105e-01, 6.100824475288391e-01, 5.987280011177063e-01, 5.877732634544373e-01, 5.767275094985962e-01, 5.655556321144104e-01, 5.550293326377869e-01, 5.456264019012451e-01, 5.373082160949707e-01, 5.299399495124817e-01, 5.232956409454346e-01, 5.171298980712891e-01, 5.11322557926178e-01, 5.058585405349731e-01, 5.006796717643738e-01, 4.958111047744751e-01, 4.913585484027863e-01, 4.874811470508575e-01, 4.842780232429504e-01, 4.817132949829102e-01, 4.796627461910248e-01, 4.779773056507111e-01, 4.765238463878632e-01, 4.751991033554077e-01, 4.739996194839478e-01, 4.729660153388977e-01, 4.721581935882568e-01, 4.716871678829193e-01, 4.716865718364716e-01, 4.721227586269379e-01, 4.729186296463013e-01, 4.741790294647217e-01, 4.758538901805878e-01, 4.778136610984802e-01, 4.799696803092957e-01, 4.822841584682465e-01, 4.849061071872711e-01, 4.882784187793732e-01, 4.924216568470001e-01, 4.971244335174561e-01, 5.024957060813904e-01, 5.089741945266724e-01, 5.166318416595459e-01, 5.245246887207031e-01, 5.316766500473022e-01, 5.381163358688354e-01, 5.443366169929504e-01, 5.50221860408783e-01, 5.548142194747925e-01, 5.572726726531982e-01, 5.576931834220886e-01, 5.566902160644531e-01, 5.549335479736328e-01, 5.525967478752136e-01, 5.492674708366394e-01, 5.447408556938171e-01, 5.391121506690979e-01, 5.322733521461487e-01, 5.240796208381653e-01, 5.148719549179077e-01, 5.060486793518066e-01, 4.989051818847656e-01, 4.931806027889252e-01, 4.881008565425873e-01, 4.835207164287567e-01, 4.794212281703949e-01, 4.757382869720459e-01, 4.724006354808807e-01, 4.692880213260651e-01, 4.662213027477264e-01, 4.630020260810852e-01, 4.594959914684296e-01, 4.556613564491272e-01, 4.515762627124786e-01, 4.47450578212738e-01, 4.433461725711823e-01, 4.391294717788696e-01, 4.345992505550385e-01, 4.299409687519073e-01, 4.255542755126953e-01, 4.218405187129974e-01, 4.190463721752167e-01, 4.171618223190308e-01, 4.158475995063782e-01, 4.149166941642761e-01, 4.143754541873932e-01, 4.143289923667908e-01, 4.146770834922791e-01, 4.152403771877289e-01, 4.159344434738159e-01, 4.167149066925049e-01, 4.175143837928772e-01, 4.182559847831726e-01]
zone1.airModel.phi=[6.917334794998169e-01, 6.888441443443298e-01, 6.858674883842468e-01, 6.829949617385864e-01, 6.801764369010925e-01, 6.774041652679443e-01, 6.747485399246216e-01, 6.721036434173584e-01, 6.695968508720398e-01, 6.660362482070923e-01, 6.610702276229858e-01, 6.555159091949463e-01, 6.497408747673035e-01, 6.438437700271606e-01, 6.379184126853943e-01, 6.320918202400208e-01, 6.264891624450684e-01, 6.212157607078552e-01, 6.162011623382568e-01, 6.111584305763245e-01, 6.059334874153137e-01, 6.004502773284912e-01, 5.944635272026062e-01, 5.880357623100281e-01, 5.815790891647339e-01, 5.758792161941528e-01, 5.713121294975281e-01, 5.671831369400024e-01, 5.629816651344299e-01, 5.58678150177002e-01, 5.543715357780457e-01, 5.500741004943848e-01, 5.459151864051819e-01, 5.419585108757019e-01, 5.382696986198425e-01, 5.347638726234436e-01, 5.311983823776245e-01, 5.2762371301651e-01, 5.242105722427368e-01, 5.208685398101807e-01, 5.176968574523926e-01, 5.148521661758423e-01, 5.124439597129822e-01, 5.10493278503418e-01, 5.088810324668884e-01, 5.073738098144531e-01, 5.060106515884399e-01, 5.04931628704071e-01, 5.041739940643311e-01, 5.037524104118347e-01, 5.038861036300659e-01, 5.047516226768494e-01, 5.062349438667297e-01, 5.0816410779953e-01, 5.10560929775238e-01, 5.135961771011353e-01, 5.170935988426208e-01, 5.204508304595947e-01, 5.231314897537231e-01, 5.251201987266541e-01, 5.266377925872803e-01, 5.277871489524841e-01, 5.284214019775391e-01, 5.283531546592712e-01, 5.274351239204407e-01, 5.254740715026855e-01, 5.221722722053528e-01, 5.17318069934845e-01, 5.113043785095215e-01, 5.051794052124023e-01, 4.994648098945618e-01, 4.939807653427124e-01, 4.888117611408234e-01, 4.840732514858246e-01, 4.796377122402191e-01, 4.753468632698059e-01, 4.711748361587524e-01, 4.671405553817749e-01, 4.632450640201569e-01, 4.594335854053497e-01, 4.556481242179871e-01, 4.518478810787201e-01, 4.480307698249817e-01, 4.442087411880493e-01, 4.403964281082153e-01, 4.368078708648682e-01, 4.336038529872894e-01, 4.306853711605072e-01, 4.276908338069916e-01, 4.242923259735107e-01, 4.20631468296051e-01, 4.172908365726471e-01, 4.146212041378021e-01, 4.12588357925415e-01, 4.109878540039062e-01, 4.097022116184235e-01, 4.086959362030029e-01, 4.079357385635376e-01, 4.073929786682129e-01, 4.070395231246948e-01, 4.068441390991211e-01]
internalWall.crackOrOperableDoor.m2_flow=[2.476586727425456e-03, 2.453567693009973e-03, 2.40764394402504e-03, 2.405514242127538e-03, 2.465259050950408e-03, 2.544966759160161e-03, 2.686321502551436e-03, 2.772917971014977e-03, 3.58346407301724e-03, 4.394140094518661e-03, 4.650585819035769e-03, 4.489884711802006e-03, 4.313263576477766e-03, 4.129817243665457e-03, 3.945116885006428e-03, 3.751457668840885e-03, 3.546123625710607e-03, 3.335125278681517e-03, 3.254286246374249e-03, 3.29483300447464e-03, 3.368217032402754e-03, 3.541844431310892e-03, 3.796203061938286e-03, 3.961256705224514e-03, 3.871348919346929e-03, 3.334658918902278e-03, 2.465898869559169e-03, 2.233403036370874e-03, 2.549123484641315e-03, 2.971043111756443e-03, 3.258572891354561e-03, 3.305713413283229e-03, 3.298279363662004e-03, 3.239896148443222e-03, 3.155844286084175e-03, 3.2081906683743e-03, 3.41084087267518e-03, 3.455801168456674e-03, 3.574754809960723e-03, 3.712596138939261e-03, 3.761139931157231e-03, 3.688064636662602e-03, 3.527243621647358e-03, 3.366440068930387e-03, 3.46020283177495e-03, 3.809327492490411e-03, 4.086608998477459e-03, 4.310221876949072e-03, 4.740968346595764e-03, 5.426520481705666e-03, 6.040715146809816e-03, 6.089586298912764e-03, 5.76986838132143e-03, 5.556170362979174e-03, 5.918791517615324e-03, 6.983933504670866e-03, 8.042851462960248e-03, 8.185683749616148e-03, 7.360475137829788e-03, 6.497418973594904e-03, 6.319883745163679e-03, 6.684255320578814e-03, 7.042243611067533e-03, 7.374897133558989e-03, 7.750178687274456e-03, 8.40320996940136e-03, 9.21382661908865e-03, 9.963330812752247e-03, 9.80374775826931e-03, 9.083683602511883e-03, 8.686820045113564e-03, 8.607492782175541e-03, 8.307002484798431e-03, 8.030236698687077e-03, 8.083566091954708e-03, 8.240001276135445e-03, 8.37118923664093e-03, 8.407195098698139e-03, 8.415757678449154e-03, 8.424898609519005e-03, 8.431269787251949e-03, 8.427389897406101e-03, 8.415136486291885e-03, 8.40495340526104e-03, 8.202368393540382e-03, 7.452736608684063e-03, 6.71322550624609e-03, 6.464162841439247e-03, 7.053922396153212e-03, 7.996869273483753e-03, 8.393866941332817e-03, 7.824482396245003e-03, 7.00098741799593e-03, 6.469568237662315e-03, 6.42785569652915e-03, 6.43005408346653e-03, 6.432352587580681e-03, 6.433573085814714e-03, 6.433028727769852e-03, 6.43074419349432e-03, 6.426806095987558e-03]
