last-generated=2020-11-19
statistics-initialization=
{
  "nonlinear": "7",
  "numerical Jacobians": "0"
}
statistics-simulation=
{
  "linear": "0, 0, 0, 0, 0, 4, 0, 0, 0, 0, 0, 0",
  "nonlinear": "1",
  "number of continuous time states": "28",
  "numerical Jacobians": "0"
}
time=[1e+07, 1.1e+07]
zone.TSensor=[2.931499938964844e+02, 2.925240173339844e+02, 2.921056823730469e+02, 2.916842651367188e+02, 2.912672729492188e+02, 2.910687866210938e+02, 2.911948547363281e+02, 2.914419250488281e+02, 2.914692077636719e+02, 2.912116394042969e+02, 2.908992004394531e+02, 2.905513000488281e+02, 2.901764526367188e+02, 2.898262634277344e+02, 2.896504821777344e+02, 2.895564575195312e+02, 2.894608459472656e+02, 2.892708435058594e+02, 2.889806213378906e+02, 2.886203308105469e+02, 2.882159423828125e+02, 2.87788818359375e+02, 2.874507141113281e+02, 2.87274169921875e+02, 2.871488342285156e+02, 2.869816284179688e+02, 2.867048645019531e+02, 2.863496398925781e+02, 2.859386596679688e+02, 2.854483032226562e+02, 2.849393615722656e+02, 2.848515625e+02, 2.860439147949219e+02, 2.875937805175781e+02, 2.880743103027344e+02, 2.875225524902344e+02, 2.870361022949219e+02, 2.866245422363281e+02, 2.862732849121094e+02, 2.860418701171875e+02, 2.862404174804688e+02, 2.872166137695312e+02, 2.880311279296875e+02, 2.883349304199219e+02, 2.882382507324219e+02, 2.881002197265625e+02, 2.878880615234375e+02, 2.876443176269531e+02, 2.876934509277344e+02, 2.887712707519531e+02, 2.896500854492188e+02, 2.901607971191406e+02, 2.900925598144531e+02, 2.898415832519531e+02, 2.895364685058594e+02, 2.892225341796875e+02, 2.8893505859375e+02, 2.892743530273438e+02, 2.907107849121094e+02, 2.913153991699219e+02, 2.91700927734375e+02, 2.915524597167969e+02, 2.912962341308594e+02, 2.909837036132812e+02, 2.906697387695312e+02, 2.903837585449219e+02, 2.904064331054688e+02, 2.908990173339844e+02, 2.915578308105469e+02, 2.915738830566406e+02, 2.913577880859375e+02, 2.911159362792969e+02, 2.90832275390625e+02, 2.905403747558594e+02, 2.905799255371094e+02, 2.914081420898438e+02, 2.924570617675781e+02, 2.929505310058594e+02, 2.927821350097656e+02, 2.925343627929688e+02, 2.922400817871094e+02, 2.919111633300781e+02, 2.916207885742188e+02, 2.919666442871094e+02, 2.927093505859375e+02, 2.932333984375e+02, 2.936689453125e+02, 2.935303649902344e+02, 2.932687377929688e+02, 2.928943176269531e+02, 2.925025939941406e+02, 2.92230712890625e+02, 2.923389587402344e+02, 2.927187194824219e+02, 2.929120483398438e+02, 2.927893981933594e+02, 2.924793701171875e+02, 2.920459899902344e+02, 2.915192260742188e+02, 2.909798889160156e+02, 2.908458251953125e+02]
