last-generated=2024-10-24
statistics-initialization=
{
  "nonlinear": "5, 1, 1, 1",
  "numerical Jacobians": "0"
}
statistics-simulation=
{
  "linear": "0, 0, 0, 0, 0",
  "nonlinear": "1, 0, 1, 1, 1",
  "number of continuous time states": "10",
  "numerical Jacobians": "0"
}
time=[0e+00, 1e+06]
zon.T=[2.931499938964844e+02, 2.945090026855469e+02, 2.959108581542969e+02, 2.966476135253906e+02, 2.943829650878906e+02, 2.942815246582031e+02, 2.942724914550781e+02, 2.942021789550781e+02, 2.961366882324219e+02, 2.945393676757812e+02, 2.941596374511719e+02, 2.941684265136719e+02, 2.941696472167969e+02, 2.941696166992188e+02, 2.9416943359375e+02, 2.941641845703125e+02, 2.941553039550781e+02, 2.941555786132812e+02, 2.944466247558594e+02, 2.95251220703125e+02, 2.966298828125e+02, 2.965905151367188e+02, 2.957310791015625e+02, 2.950147399902344e+02, 2.9457080078125e+02, 2.943186950683594e+02, 2.941789245605469e+02, 2.961163940429688e+02, 2.962093200683594e+02, 2.950775451660156e+02, 2.945061950683594e+02, 2.942566833496094e+02, 2.941923828125e+02, 2.967965698242188e+02, 2.955919799804688e+02, 2.946714172363281e+02, 2.942554626464844e+02, 2.965770568847656e+02, 2.942177734375e+02, 2.950230407714844e+02, 2.957950134277344e+02, 2.958896484375e+02, 2.958044128417969e+02, 2.957069091796875e+02, 2.956026000976562e+02, 2.954913330078125e+02, 2.953825988769531e+02, 2.9577490234375e+02, 2.959232177734375e+02, 2.958969421386719e+02, 2.9581103515625e+02, 2.956842956542969e+02, 2.955549011230469e+02, 2.954228820800781e+02, 2.95286376953125e+02, 2.95341064453125e+02, 2.961516418457031e+02, 2.970870361328125e+02, 2.976212768554688e+02, 2.975172119140625e+02, 2.973810119628906e+02, 2.9724072265625e+02, 2.970973815917969e+02, 2.969548034667969e+02, 2.972659606933594e+02, 2.979440612792969e+02, 2.965871887207031e+02, 2.966255187988281e+02, 2.9649462890625e+02, 2.963475341796875e+02, 2.961510314941406e+02, 2.980346374511719e+02, 2.979455261230469e+02, 2.980512390136719e+02, 2.969295043945312e+02, 2.971332702636719e+02, 2.969215393066406e+02, 2.968072509765625e+02, 2.965883483886719e+02, 2.964861450195312e+02, 2.962910461425781e+02, 2.978043518066406e+02, 2.9717919921875e+02, 2.978549499511719e+02, 2.97924072265625e+02, 2.975372314453125e+02, 2.973741149902344e+02, 2.97258544921875e+02, 2.971763916015625e+02, 2.969636840820312e+02, 2.969130249023438e+02, 2.973603515625e+02, 2.980849914550781e+02, 2.980630798339844e+02, 2.980016784667969e+02, 2.977587280273438e+02, 2.976866149902344e+02, 2.97621826171875e+02, 2.974066772460938e+02, 2.974430847167969e+02, 2.973448486328125e+02]
heaWat.u=[1e+00, 1e+00, 1e+00, 0e+00, 0e+00, 0e+00, 0e+00, 0e+00, 0e+00, 1e+00, 0e+00, 0e+00, 0e+00, 0e+00, 0e+00, 0e+00, 0e+00, 1e+00, 1e+00, 1e+00, 0e+00, 0e+00, 0e+00, 0e+00, 0e+00, 0e+00, 0e+00, 1e+00, 0e+00, 0e+00, 0e+00, 0e+00, 1e+00, 0e+00, 0e+00, 0e+00, 0e+00, 0e+00, 0e+00, 0e+00, 0e+00, 0e+00, 0e+00, 0e+00, 0e+00, 0e+00, 0e+00, 0e+00, 0e+00, 0e+00, 0e+00, 0e+00, 0e+00, 0e+00, 0e+00, 0e+00, 0e+00, 0e+00, 0e+00, 0e+00, 0e+00, 0e+00, 0e+00, 0e+00, 0e+00, 0e+00, 0e+00, 0e+00, 0e+00, 0e+00, 0e+00, 0e+00, 0e+00, 0e+00, 0e+00, 0e+00, 0e+00, 0e+00, 0e+00, 0e+00, 0e+00, 0e+00, 0e+00, 0e+00, 0e+00, 0e+00, 0e+00, 0e+00, 0e+00, 0e+00, 0e+00, 0e+00, 0e+00, 0e+00, 0e+00, 0e+00, 0e+00, 0e+00, 0e+00, 0e+00, 0e+00]
vavDam.y=[0e+00, 0e+00, 0e+00, 0e+00, 0e+00, 0e+00, 0e+00, 0e+00, 0e+00, 0e+00, 0e+00, 0e+00, 0e+00, 0e+00, 0e+00, 0e+00, 0e+00, 0e+00, 0e+00, 0e+00, 0e+00, 0e+00, 0e+00, 0e+00, 0e+00, 0e+00, 0e+00, 0e+00, 0e+00, 0e+00, 0e+00, 0e+00, 0e+00, 0e+00, 0e+00, 0e+00, 0e+00, 0e+00, 0e+00, 0e+00, 0e+00, 0e+00, 0e+00, 0e+00, 0e+00, 0e+00, 0e+00, 0e+00, 0e+00, 0e+00, 0e+00, 0e+00, 0e+00, 0e+00, 0e+00, 0e+00, 0e+00, 0e+00, 0e+00, 0e+00, 0e+00, 0e+00, 0e+00, 0e+00, 0e+00, 0e+00, 1e+00, 1e+00, 1e+00, 1e+00, 1e+00, 0e+00, 0e+00, 0e+00, 1e+00, 1e+00, 1e+00, 1e+00, 1e+00, 1e+00, 1e+00, 0e+00, 1e+00, 1e+00, 1e+00, 1e+00, 1e+00, 1e+00, 1e+00, 1e+00, 1e+00, 1e+00, 1e+00, 1e+00, 1e+00, 1e+00, 1e+00, 1e+00, 1e+00, 1e+00, 1e+00]
TFanIn.T=[2.770499877929688e+02, 2.78218505859375e+02, 2.792304382324219e+02, 2.800378112792969e+02, 2.813609313964844e+02, 2.831529541015625e+02, 2.831612548828125e+02, 2.827702026367188e+02, 2.840494995117188e+02, 2.818946838378906e+02, 2.821611633300781e+02, 2.832574462890625e+02, 2.837598266601562e+02, 2.845097961425781e+02, 2.833521423339844e+02, 2.834744567871094e+02, 2.843353271484375e+02, 2.836528015136719e+02, 2.837983093261719e+02, 2.837728271484375e+02, 2.832173156738281e+02, 2.827474060058594e+02, 2.830405578613281e+02, 2.82682373046875e+02, 2.824603881835938e+02, 2.823343505859375e+02, 2.822644653320312e+02, 2.832331848144531e+02, 2.830296630859375e+02, 2.828786926269531e+02, 2.830727233886719e+02, 2.833859252929688e+02, 2.823443908691406e+02, 2.824112854003906e+02, 2.816265563964844e+02, 2.803559265136719e+02, 2.792527160644531e+02, 2.773438110351562e+02, 2.773297424316406e+02, 2.803698425292969e+02, 2.825979309082031e+02, 2.820531616210938e+02, 2.807605285644531e+02, 2.797340087890625e+02, 2.787347106933594e+02, 2.773706665039062e+02, 2.76779541015625e+02, 2.781180114746094e+02, 2.787908630371094e+02, 2.783646545410156e+02, 2.759573974609375e+02, 2.751667785644531e+02, 2.749096374511719e+02, 2.742197875976562e+02, 2.731181945800781e+02, 2.747657165527344e+02, 2.774591674804688e+02, 2.786471862792969e+02, 2.772780456542969e+02, 2.762157897949219e+02, 2.754968872070312e+02, 2.746453552246094e+02, 2.745358276367188e+02, 2.74202392578125e+02, 2.777447509765625e+02, 2.799326171875e+02, 2.916782836914062e+02, 2.916041870117188e+02, 2.91650634765625e+02, 2.915562438964844e+02, 2.914034118652344e+02, 2.814423217773438e+02, 2.816477661132812e+02, 2.8405859375e+02, 2.935677185058594e+02, 2.937246704101562e+02, 2.93362060546875e+02, 2.932686767578125e+02, 2.929075927734375e+02, 2.929351501464844e+02, 2.925218200683594e+02, 2.849271850585938e+02, 2.938133850097656e+02, 2.944101867675781e+02, 2.939579467773438e+02, 2.931148376464844e+02, 2.9300048828125e+02, 2.930947570800781e+02, 2.931204833984375e+02, 2.927987060546875e+02, 2.930185852050781e+02, 2.939839477539062e+02, 2.949130554199219e+02, 2.946850280761719e+02, 2.947611694335938e+02, 2.942413635253906e+02, 2.944242553710938e+02, 2.94367919921875e+02, 2.939558410644531e+02, 2.942191162109375e+02, 2.942057189941406e+02]
TFanOut.T=[2.770499877929688e+02, 2.78218505859375e+02, 2.792304382324219e+02, 2.800378112792969e+02, 2.813609313964844e+02, 2.831529541015625e+02, 2.831612548828125e+02, 2.827702026367188e+02, 2.840494995117188e+02, 2.818946838378906e+02, 2.821611633300781e+02, 2.832574462890625e+02, 2.837598266601562e+02, 2.845097961425781e+02, 2.833521423339844e+02, 2.834744567871094e+02, 2.843353271484375e+02, 2.836528015136719e+02, 2.837983093261719e+02, 2.837728271484375e+02, 2.832173156738281e+02, 2.827474060058594e+02, 2.830405578613281e+02, 2.82682373046875e+02, 2.824603881835938e+02, 2.823343505859375e+02, 2.822644653320312e+02, 2.832331848144531e+02, 2.830296630859375e+02, 2.828786926269531e+02, 2.830727233886719e+02, 2.833859252929688e+02, 2.823443908691406e+02, 2.824112854003906e+02, 2.816265563964844e+02, 2.803559265136719e+02, 2.792527160644531e+02, 2.773438110351562e+02, 2.773297424316406e+02, 2.803698425292969e+02, 2.825979309082031e+02, 2.820531616210938e+02, 2.807605285644531e+02, 2.797340087890625e+02, 2.787347106933594e+02, 2.773706665039062e+02, 2.76779541015625e+02, 2.781180114746094e+02, 2.787908630371094e+02, 2.783646545410156e+02, 2.759573974609375e+02, 2.751667785644531e+02, 2.749096374511719e+02, 2.742197875976562e+02, 2.731181945800781e+02, 2.747657165527344e+02, 2.774591674804688e+02, 2.786471862792969e+02, 2.772780456542969e+02, 2.762157897949219e+02, 2.754968872070312e+02, 2.746453552246094e+02, 2.745358276367188e+02, 2.74202392578125e+02, 2.777447509765625e+02, 2.799326171875e+02, 2.920178527832031e+02, 2.919437866210938e+02, 2.919902038574219e+02, 2.918958129882812e+02, 2.917429809570312e+02, 2.814423217773438e+02, 2.816477661132812e+02, 2.8405859375e+02, 2.939073181152344e+02, 2.940642395019531e+02, 2.937016296386719e+02, 2.936082458496094e+02, 2.932471923828125e+02, 2.932747192382812e+02, 2.928613891601562e+02, 2.849271850585938e+02, 2.941529541015625e+02, 2.94749755859375e+02, 2.942975463867188e+02, 2.934544372558594e+02, 2.933400573730469e+02, 2.93434326171875e+02, 2.934600830078125e+02, 2.931382751464844e+02, 2.93358154296875e+02, 2.943235168457031e+02, 2.952526550292969e+02, 2.950246276855469e+02, 2.951007385253906e+02, 2.945809631347656e+02, 2.947638549804688e+02, 2.947074890136719e+02, 2.9429541015625e+02, 2.945587158203125e+02, 2.945453186035156e+02]
