last-generated=2023-05-02
statistics-initialization=
{
  "nonlinear": "7",
  "numerical Jacobians": "0"
}
statistics-simulation=
{
  "linear": "0, 0, 0, 0, 0, 0, 0, 0, 0, 4, 0, 0",
  "nonlinear": "1",
  "number of continuous time states": "28",
  "numerical Jacobians": "0"
}
time=[1e+07, 1.1e+07]
zone.TSensor=[2.931499938964844e+02, 2.929804077148438e+02, 2.926834411621094e+02, 2.923644104003906e+02, 2.920428466796875e+02, 2.917691040039062e+02, 2.922042236328125e+02, 2.934257202148438e+02, 2.936637573242188e+02, 2.932557067871094e+02, 2.92891357421875e+02, 2.925124206542969e+02, 2.921189880371094e+02, 2.917142028808594e+02, 2.915125427246094e+02, 2.919590454101562e+02, 2.92571533203125e+02, 2.927074890136719e+02, 2.924123840332031e+02, 2.92107177734375e+02, 2.917086181640625e+02, 2.912640380859375e+02, 2.90927490234375e+02, 2.913168640136719e+02, 2.926908569335938e+02, 2.929345397949219e+02, 2.928126220703125e+02, 2.925580749511719e+02, 2.922460632324219e+02, 2.919192199707031e+02, 2.916087646484375e+02, 2.914269714355469e+02, 2.915151062011719e+02, 2.9184716796875e+02, 2.92212646484375e+02, 2.920411376953125e+02, 2.917353820800781e+02, 2.913449096679688e+02, 2.909248962402344e+02, 2.905638732910156e+02, 2.906359558105469e+02, 2.916487731933594e+02, 2.925493774414062e+02, 2.923815612792969e+02, 2.919677429199219e+02, 2.915708923339844e+02, 2.911400756835938e+02, 2.906915283203125e+02, 2.903924560546875e+02, 2.908549194335938e+02, 2.922747802734375e+02, 2.931564025878906e+02, 2.928878173828125e+02, 2.925850219726562e+02, 2.922018432617188e+02, 2.917100219726562e+02, 2.91206298828125e+02, 2.911033935546875e+02, 2.92366943359375e+02, 2.936841735839844e+02, 2.940567626953125e+02, 2.937899169921875e+02, 2.935040893554688e+02, 2.932039489746094e+02, 2.928533935546875e+02, 2.925254211425781e+02, 2.927315979003906e+02, 2.940551452636719e+02, 2.950849609375e+02, 2.949786682128906e+02, 2.945874328613281e+02, 2.941213989257812e+02, 2.935897521972656e+02, 2.930477600097656e+02, 2.927301025390625e+02, 2.934649963378906e+02, 2.948653564453125e+02, 2.952490234375e+02, 2.950843811035156e+02, 2.947606506347656e+02, 2.943527221679688e+02, 2.939139404296875e+02, 2.934416809082031e+02, 2.934110717773438e+02, 2.946716003417969e+02, 2.960730895996094e+02, 2.964407958984375e+02, 2.961766357421875e+02, 2.959225158691406e+02, 2.955429992675781e+02, 2.951406555175781e+02, 2.948352355957031e+02, 2.952341003417969e+02, 2.968232727050781e+02, 2.979830627441406e+02, 2.9798193359375e+02, 2.978082580566406e+02, 2.974843444824219e+02, 2.97155517578125e+02, 2.968244323730469e+02, 2.967168579101562e+02]
