last-generated=2023-09-21
statistics-initialization=
{
  "nonlinear": "7",
  "numerical Jacobians": "0"
}
statistics-simulation=
{
  "linear": "0, 0, 0, 0, 0, 0, 4, 0, 0, 0, 0, 0, 0, 0",
  "nonlinear": "1, 1",
  "number of continuous time states": "37",
  "numerical Jacobians": "0"
}
time=[0e+00, 6.048e+05]
Zone.TSensor=[2.931499938964844e+02, 2.92143798828125e+02, 2.916396179199219e+02, 2.912024841308594e+02, 2.907938842773438e+02, 2.903786926269531e+02, 2.902533569335938e+02, 2.900626220703125e+02, 2.897674255371094e+02, 2.894861145019531e+02, 2.891825561523438e+02, 2.888314819335938e+02, 2.884240417480469e+02, 2.880133056640625e+02, 2.876320495605469e+02, 2.872412109375e+02, 2.868762817382812e+02, 2.865308837890625e+02, 2.861798706054688e+02, 2.858541259765625e+02, 2.860871276855469e+02, 2.880513610839844e+02, 2.90219970703125e+02, 2.91794921875e+02, 2.913788757324219e+02, 2.903087158203125e+02, 2.896942443847656e+02, 2.891781005859375e+02, 2.88718505859375e+02, 2.88266845703125e+02, 2.878447875976562e+02, 2.87433349609375e+02, 2.870537719726562e+02, 2.866440734863281e+02, 2.863482971191406e+02, 2.871347045898438e+02, 2.888845825195312e+02, 2.898572387695312e+02, 2.897112731933594e+02, 2.888189697265625e+02, 2.882782287597656e+02, 2.878240966796875e+02, 2.87322509765625e+02, 2.868965454101562e+02, 2.864733581542969e+02, 2.860815124511719e+02, 2.857185363769531e+02, 2.853822326660156e+02, 2.850508422851562e+02, 2.851846313476562e+02, 2.862742614746094e+02, 2.873400573730469e+02, 2.869457702636719e+02, 2.862357788085938e+02, 2.857272644042969e+02, 2.853148193359375e+02, 2.849710083007812e+02, 2.846708374023438e+02, 2.84391357421875e+02, 2.841455688476562e+02, 2.839214172363281e+02, 2.837157287597656e+02, 2.835223388671875e+02, 2.836136169433594e+02, 2.83961181640625e+02, 2.843923950195312e+02, 2.845079040527344e+02, 2.841514587402344e+02, 2.838314819335938e+02, 2.835559997558594e+02, 2.832882995605469e+02, 2.83046875e+02, 2.827816772460938e+02, 2.825189514160156e+02, 2.822911987304688e+02, 2.820742492675781e+02, 2.818731079101562e+02, 2.8183740234375e+02, 2.825830383300781e+02, 2.834873046875e+02, 2.840874938964844e+02, 2.837718200683594e+02, 2.833392028808594e+02, 2.830355224609375e+02, 2.828013305664062e+02, 2.825860290527344e+02, 2.823779907226562e+02, 2.821834411621094e+02, 2.819718322753906e+02, 2.816635131835938e+02, 2.815087585449219e+02, 2.814002685546875e+02, 2.814556579589844e+02, 2.81524658203125e+02, 2.815823669433594e+02, 2.815459289550781e+02, 2.81483642578125e+02, 2.814464111328125e+02, 2.813952026367188e+02, 2.813699035644531e+02, 2.8136962890625e+02]
Zone.airModel.ACH=[9.611789882183075e-02, 7.242754846811295e-02, 6.110513582825661e-02, 6.619171798229218e-02, 6.395293772220612e-02, 8.626281470060349e-02, 6.723810732364655e-02, 6.759808957576749e-02, 7.807739078998566e-02, 9.513437002897263e-02, 9.467094391584396e-02, 7.884074002504349e-02, 1.276896148920059e-01, 9.461800754070282e-02, 9.882095456123352e-02, 9.529014676809311e-02, 9.83303114771843e-02, 6.509184837341309e-02, 6.504067778587341e-02, 6.508214771747589e-02, 6.62534162402153e-02, 6.501470506191254e-02, 9.400802850723267e-02, 7.954689115285873e-02, 9.308355301618576e-02, 1.023481041193008e-01, 4.643765464425087e-02, 6.023731827735901e-02, 3.974249958992004e-02, 3.974249958992004e-02, 3.805107995867729e-02, 3.89360710978508e-02, 1.255090348422527e-02, 3.824029862880707e-02, 3.831762820482254e-02, 3.776054829359055e-02, 3.822058439254761e-02, 6.672289222478867e-02, 6.493497639894485e-02, 5.397861823439598e-02, 6.572747230529785e-02, 3.830821067094803e-02, 2.576569467782974e-02, 1.93822868168354e-02, 1.47751709446311e-02, 1.478837244212627e-02, 1.538937538862228e-02, 1.441111229360104e-02, 3.770667687058449e-02, 4.551477357745171e-02, 9.617845714092255e-02, 1.060205176472664e-01, 9.644754230976105e-02, 6.630946695804596e-02, 6.559037417173386e-02, 7.575022429227829e-02, 5.923145636916118e-02, 8.434258401393746e-02, 5.17985112965107e-02, 3.756073862314224e-02, 3.932128474116325e-02, 6.458088010549545e-02, 9.560972452163696e-02, 9.39461961388588e-02, 7.801519334316254e-02, 6.897740811109543e-02, 9.528113901615143e-02, 6.646261364221573e-02, 6.645741313695903e-02, 6.316252797842026e-02, 7.571057230234146e-02, 6.614501029253006e-02, 9.600432217121124e-02, 6.233115121722221e-02, 3.597062826156616e-02, 3.717619180679321e-02, 3.849700093269348e-02, 2.046750858426094e-02, 1.568811200559139e-02, 3.90496626496315e-02, 3.90222854912281e-02, 3.813038393855051e-02, 1.550118252635002e-02, 1.538962032645941e-02, 1.542598009109497e-02, 1.544124260544777e-02, 1.545677334070206e-02, 1.528116501867771e-02, 1.529262028634548e-02, 3.788955137133598e-02, 3.887399658560753e-02, 1.606413163244724e-02, 3.825173154473305e-02, 3.788555413484573e-02, 6.447644531726837e-02, 1.029527187347412e-01, 1.176281720399857e-01, 1.250842064619064e-01, 9.333867579698563e-02, 1.198606118559837e-01, 1.284628659486771e-01]
