last-generated=2019-10-10
statistics-initialization=
{
  "nonlinear": "18, 10, 8, 11, 10, 8, 12",
  "numerical Jacobians": "0"
}
statistics-simulation=
{
  "linear": "0, 0, 0, 0, 0, 0, 0, 0, 0, 0, 0, 0, 0, 0, 0, 0, 0, 0, 0, 0, 0, 0, 0, 0, 0, 0, 0,   0, 0, 0, 0, 0, 0, 0, 0, 0, 0, 0, 0, 0, 0, 0, 0, 0, 0, 0, 0, 0, 0, 0, 0, 0, 0,   0, 0, 0, 0, 0, 0, 0, 0, 0, 0, 0, 0, 0, 0, 0, 0, 0, 0, 0, 0, 0, 0, 0, 0, 0, 0,   0, 0, 0, 0, 0, 0, 0, 0, 0, 0, 0, 0, 0, 0, 0, 0, 0, 0, 0, 0, 0, 0, 0, 0, 0, 0,   0, 0, 0, 0, 0, 0, 0, 0, 0, 0, 0, 0, 0, 0, 0, 0, 0, 0, 0, 0, 0, 0, 0, 0, 0, 0,   0, 0, 0, 0, 0, 0, 0, 0, 0",
  "nonlinear": "1, 3, 6, 1, 1, 1, 1, 1, 1, 1",
  "number of continuous time states": "359",
  "numerical Jacobians": "0"
}
heaSys.heaSche.TdegC[1].y=[2.990380859375e+02, 2.990380859375e+02, 2.990380859375e+02, 2.990380859375e+02, 2.990380859375e+02, 2.990380859375e+02, 2.990380859375e+02, 2.990380859375e+02, 2.990380859375e+02, 2.990380859375e+02, 2.990380859375e+02, 3.021195848253038e+02, 3.031872762044271e+02, 3.031346605088976e+02, 3.031639980740017e+02, 3.031531575520833e+02, 3.04109137641059e+02, 3.031228705512153e+02, 3.03719482421875e+02, 3.031609598795573e+02, 3.034354078504774e+02, 3.031559651692708e+02, 3.030040351019965e+02, 3.031412523057726e+02, 3.031261393229167e+02, 3.031443854437934e+02, 3.029156222873264e+02, 3.030721740722656e+02, 3.032326422797309e+02, 2.991427239312066e+02, 2.981273600260417e+02, 2.956830376519097e+02, 2.953414476182726e+02, 2.946087239583333e+02, 2.949816012912327e+02, 2.946831766764323e+02, 2.966837768554688e+02, 2.94917487250434e+02, 2.958516167534722e+02, 2.952198588053386e+02, 3.045009596082899e+02, 3.0314013671875e+02, 3.035987243652344e+02, 3.031372172037761e+02, 3.035993143717448e+02, 3.031558227539062e+02, 3.032898898654514e+02, 3.03152336968316e+02, 3.031201273600261e+02, 3.031529947916667e+02, 3.031325378417969e+02, 3.031494140625e+02, 3.062656080457899e+02, 3.064721069335938e+02, 3.083427429199219e+02, 3.074852769639757e+02, 3.076666327582465e+02, 3.034290568033854e+02, 3.073068237304688e+02, 3.056910671657986e+02, 3.000613606770833e+02, 2.977960442437066e+02, 3.032782762315538e+02, 3.051010437011719e+02, 3.080572408040364e+02, 3.085728793674045e+02, 3.109004109700521e+02, 3.106543579101562e+02, 3.106228502061632e+02, 3.077914123535156e+02, 3.097730984157986e+02, 3.054059007432726e+02, 3.031150512695312e+02, 3.015087788899739e+02, 3.010467664930555e+02, 3.001897888183594e+02, 2.987091912163629e+02, 2.979744567871094e+02, 2.975061442057292e+02, 2.971534423828125e+02, 2.980043843587239e+02, 2.967503662109375e+02, 3.032006598578559e+02, 3.031304083930121e+02, 3.030696512858073e+02, 3.031482510036892e+02, 3.03218736436632e+02, 3.031403096516927e+02, 3.031676432291667e+02, 3.031570468478733e+02, 3.032133483886719e+02, 3.031370781792535e+02, 3.032227105034722e+02, 3.031352437337239e+02, 3.031604309082031e+02, 3.031604309082031e+02, 3.031604309082031e+02, 3.031604309082031e+02, 3.031604309082031e+02, 3.031604309082031e+02, 3.031604309082031e+02]
struct.TSensor[1]=[2.931499938964844e+02, 3.031349894205729e+02, 3.031374070909288e+02, 3.031381327311198e+02, 3.031383361816406e+02, 3.031383666992188e+02, 3.031383361816406e+02, 3.031382751464844e+02, 3.031382141113281e+02, 3.031381530761719e+02, 3.031380920410156e+02, 3.031380750868055e+02, 3.031436055501302e+02, 3.031389397515191e+02, 3.031405300564236e+02, 3.031385294596354e+02, 3.031485460069445e+02, 3.031389634874132e+02, 3.031467895507812e+02, 3.031407233344184e+02, 3.031439954969618e+02, 3.031399434407552e+02, 3.031426696777344e+02, 3.031384073893229e+02, 3.03138916015625e+02, 3.031371053059896e+02, 3.031407606336805e+02, 3.031372680664062e+02, 3.021285196940104e+02, 2.993767869737413e+02, 2.981591593424479e+02, 2.957141655815972e+02, 2.950229831271702e+02, 2.943455403645833e+02, 2.943846062554254e+02, 2.942081197102864e+02, 2.954205627441406e+02, 2.941170789930555e+02, 2.945105997721354e+02, 2.942627054850261e+02, 3.03590833875868e+02, 3.031358303493923e+02, 3.031473490397136e+02, 3.031403571234809e+02, 3.031487358940972e+02, 3.031416625976562e+02, 3.031437411838108e+02, 3.031415574815538e+02, 3.031407572428386e+02, 3.031391296386719e+02, 3.031410522460938e+02, 3.031392822265625e+02, 3.064154018825955e+02, 3.069387647840712e+02, 3.064944458007812e+02, 3.072500745985243e+02, 3.081046549479167e+02, 3.033982137044271e+02, 3.08293707953559e+02, 3.068628031412761e+02, 2.997600809733073e+02, 2.978803507486979e+02, 3.041266242133246e+02, 3.059406127929688e+02, 3.082230461968316e+02, 3.095869717068142e+02, 3.114653218587239e+02, 3.117422824435764e+02, 3.116397738986545e+02, 3.077378743489583e+02, 3.107160542805989e+02, 3.058138495551215e+02, 3.036197509765625e+02, 3.023182949490017e+02, 3.011435241699219e+02, 3.007669270833333e+02, 2.991759779188368e+02, 2.985675184461805e+02, 2.976879170735677e+02, 2.975837877061632e+02, 2.979360622829861e+02, 2.969696044921875e+02, 3.031350470648871e+02, 3.03137220594618e+02, 3.031393941243489e+02, 3.031384853786892e+02, 3.031391703287761e+02, 3.031385599772136e+02, 3.031390821668837e+02, 3.031391838921441e+02, 3.031415100097656e+02, 3.031414896647136e+02, 3.031441175672743e+02, 3.031431986490886e+02, 3.043216383192274e+02, 3.045894232855903e+02, 3.048235371907552e+02, 3.050377095540364e+02, 3.052344936794705e+02, 3.054154052734375e+02, 3.055816650390625e+02]
time=[8e+06, 1.23e+07]
heaSys.heaSche.TdegC[2].y=[2.997415161132812e+02, 2.997415161132812e+02, 2.997415161132812e+02, 2.997415161132812e+02, 2.997415161132812e+02, 2.997415161132812e+02, 2.997415161132812e+02, 2.997415161132812e+02, 2.997415161132812e+02, 2.997415161132812e+02, 2.997415161132812e+02, 3.026630520290798e+02, 3.029274291992188e+02, 3.032151184082031e+02, 3.03078362358941e+02, 3.032037556966146e+02, 3.032131890190972e+02, 3.032126668294271e+02, 3.0302685546875e+02, 3.031861843532986e+02, 3.03045905219184e+02, 3.032153828938802e+02, 3.029517178005642e+02, 3.032437540690104e+02, 3.031488037109375e+02, 3.032519870334202e+02, 3.028664008246528e+02, 3.032142944335938e+02, 3.026327006022136e+02, 2.99836666531033e+02, 2.985971577962239e+02, 2.966207377115886e+02, 2.958135952419705e+02, 2.952578430175781e+02, 2.951641099717882e+02, 2.950580444335938e+02, 2.960299987792969e+02, 2.952173156738281e+02, 2.955768703884548e+02, 2.955915730794271e+02, 3.034792853461371e+02, 3.031609090169271e+02, 3.030744832356771e+02, 3.03168958875868e+02, 3.030994330512153e+02, 3.031918334960938e+02, 3.029573465983073e+02, 3.031334194607205e+02, 3.030595601399739e+02, 3.032026706271702e+02, 3.030104743109809e+02, 3.031759643554688e+02, 3.057472161187066e+02, 3.067300652398004e+02, 3.080120849609375e+02, 3.078919304741754e+02, 3.071237691243489e+02, 3.040349019368489e+02, 3.071390957302517e+02, 3.05968994140625e+02, 3.008857421875e+02, 2.989105021158854e+02, 3.031704983181423e+02, 3.05344482421875e+02, 3.077722744411892e+02, 3.086579386393229e+02, 3.104686686197917e+02, 3.107575785319011e+02, 3.107275221082899e+02, 3.085185750325521e+02, 3.096358744303386e+02, 3.060349934895833e+02, 3.039185180664062e+02, 3.023673570421007e+02, 3.01292961968316e+02, 3.006912027994792e+02, 2.993406236436632e+02, 2.985871412489149e+02, 2.980579935709636e+02, 2.977375284830729e+02, 2.985225965711805e+02, 2.975119934082031e+02, 3.027685546875e+02, 3.031639980740017e+02, 3.029517313639323e+02, 3.032058275010851e+02, 3.031592814127604e+02, 3.032112935384114e+02, 3.03152103000217e+02, 3.031882731119792e+02, 3.029213256835938e+02, 3.031535068088108e+02, 3.031410319010417e+02, 3.031365661621094e+02, 3.031742858886719e+02, 3.031742858886719e+02, 3.031742858886719e+02, 3.031742858886719e+02, 3.031742858886719e+02, 3.031742858886719e+02, 3.031742858886719e+02]
struct.TSensor[2]=[2.931499938964844e+02, 3.00378187391493e+02, 3.01087405734592e+02, 3.014363708496094e+02, 3.016015353732639e+02, 3.016718410915798e+02, 3.016947326660156e+02, 3.016937052408854e+02, 3.016812608506945e+02, 3.016638488769531e+02, 3.016448025173611e+02, 3.016264851888021e+02, 3.016838480631511e+02, 3.016751776801215e+02, 3.016802944607205e+02, 3.016404317220052e+02, 3.017772623697917e+02, 3.017335611979167e+02, 3.018448181152344e+02, 3.018095601399739e+02, 3.017962002224392e+02, 3.017404276529948e+02, 3.017795511881511e+02, 3.016939019097222e+02, 3.016474304199219e+02, 3.015865648057726e+02, 3.016391194661458e+02, 3.015729675292969e+02, 3.012955186631945e+02, 3.002963155110677e+02, 2.992144165039062e+02, 2.977378777398004e+02, 2.967146335177952e+02, 2.960338745117188e+02, 2.955323316786024e+02, 2.952773607042101e+02, 2.953984375e+02, 2.949866875542535e+02, 2.948711717393663e+02, 2.949605509440104e+02, 2.983198547363281e+02, 2.999179585774739e+02, 3.008623860677083e+02, 3.012990926106771e+02, 3.015965406629774e+02, 3.01709228515625e+02, 3.01741939968533e+02, 3.01759518093533e+02, 3.017032979329427e+02, 3.016647067599827e+02, 3.016593899197048e+02, 3.016436055501302e+02, 3.027068142361111e+02, 3.036787007649739e+02, 3.045731811523438e+02, 3.055054490831163e+02, 3.049629143608941e+02, 3.039473571777344e+02, 3.050062323676215e+02, 3.045048285590278e+02, 3.018330891927083e+02, 3.002498779296875e+02, 3.014700995551215e+02, 3.028768615722656e+02, 3.042427910698785e+02, 3.058228624131945e+02, 3.070147603352864e+02, 3.080868496365017e+02, 3.084263543023004e+02, 3.078466084798177e+02, 3.079348653157552e+02, 3.066272142198351e+02, 3.05187744140625e+02, 3.038961690266927e+02, 3.025516255696614e+02, 3.019382731119792e+02, 3.007639058430989e+02, 2.999971584743923e+02, 2.991443379720052e+02, 2.98860354953342e+02, 2.99099856906467e+02, 2.984601135253906e+02, 3.003980678982205e+02, 3.01038323296441e+02, 3.013350830078125e+02, 3.015003458658854e+02, 3.015567321777344e+02, 3.016114196777344e+02, 3.016036716037327e+02, 3.016312120225695e+02, 3.016391906738281e+02, 3.017326151529948e+02, 3.017970716688368e+02, 3.019250183105469e+02, 3.023225368923611e+02, 3.025490417480469e+02, 3.027695414225261e+02, 3.029847547743055e+02, 3.031920369466146e+02, 3.033893127441406e+02, 3.035754699707031e+02]
heaSys.heaSche.TdegC[3].y=[2.997743225097656e+02, 2.997743225097656e+02, 2.997743225097656e+02, 2.997743225097656e+02, 2.997743225097656e+02, 2.997743225097656e+02, 2.997743225097656e+02, 2.997743225097656e+02, 2.997743225097656e+02, 2.997743225097656e+02, 2.997743225097656e+02, 3.02930168999566e+02, 3.031438090006511e+02, 3.031362609863281e+02, 3.031385837131077e+02, 3.031478474934896e+02, 3.031436869303386e+02, 3.031433749728733e+02, 3.031524047851562e+02, 3.031480882432726e+02, 3.031511027018229e+02, 3.031505737304688e+02, 3.030699462890625e+02, 3.031499532063802e+02, 3.031288452148438e+02, 3.031443549262153e+02, 3.029015367296007e+02, 3.038079833984375e+02, 3.024598083496094e+02, 2.994956292046441e+02, 2.984579366048177e+02, 2.963550618489583e+02, 2.956574537489149e+02, 2.950015462239583e+02, 2.950739237467448e+02, 2.947861056857639e+02, 2.961797180175781e+02, 2.950216403537327e+02, 2.956040412055121e+02, 2.953513793945312e+02, 3.036381666395399e+02, 3.031558193630642e+02, 3.031571858723958e+02, 3.031485561794705e+02, 3.031413743760851e+02, 3.031607971191406e+02, 3.031738586425781e+02, 3.031502007378472e+02, 3.031642862955729e+02, 3.031515943739149e+02, 3.031690911187066e+02, 3.031526285807292e+02, 3.061023593478733e+02, 3.068106011284722e+02, 3.081710205078125e+02, 3.077520446777344e+02, 3.075915425618489e+02, 3.037330118815104e+02, 3.073641459147136e+02, 3.059669325086805e+02, 3.006717020670573e+02, 2.986086324055989e+02, 3.034354553222656e+02, 3.053403015136719e+02, 3.085636393229167e+02, 3.087740444607205e+02, 3.114782613118489e+02, 3.108324381510417e+02, 3.108883361816406e+02, 3.082302754720052e+02, 3.105557420518663e+02, 3.057198079427083e+02, 3.037047119140625e+02, 3.020441792805989e+02, 3.014859517415364e+02, 3.004310607910156e+02, 2.991788838704427e+02, 2.983324211968316e+02, 2.982880045572917e+02, 2.975054253472222e+02, 2.984278361002604e+02, 2.972750854492188e+02, 3.033182101779514e+02, 3.031497938368055e+02, 3.030288696289062e+02, 3.03162360297309e+02, 3.03216315375434e+02, 3.031557718912761e+02, 3.031449110243055e+02, 3.031498480902778e+02, 3.031077270507812e+02, 3.031326463487413e+02, 3.041793891059028e+02, 3.031500854492188e+02, 3.031549072265625e+02, 3.031549072265625e+02, 3.031549072265625e+02, 3.031549072265625e+02, 3.031549072265625e+02, 3.031549072265625e+02, 3.031549072265625e+02]
struct.TSensor[3]=[2.931499938964844e+02, 3.031465691460504e+02, 3.031473388671875e+02, 3.031475524902344e+02, 3.031476135253906e+02, 3.031476135253906e+02, 3.031475830078125e+02, 3.031475830078125e+02, 3.031475524902344e+02, 3.031475219726562e+02, 3.031474914550781e+02, 3.031474609375e+02, 3.031481221516927e+02, 3.031475219726562e+02, 3.031477932400173e+02, 3.031474914550781e+02, 3.03148912217882e+02, 3.031476440429688e+02, 3.031488037109375e+02, 3.031478271484375e+02, 3.031482883029514e+02, 3.031476440429688e+02, 3.031483425564236e+02, 3.031476135253906e+02, 3.03147705078125e+02, 3.031473558213976e+02, 3.031482103135851e+02, 3.031473388671875e+02, 3.022822265625e+02, 2.999625176323785e+02, 2.991687418619792e+02, 2.975495978461371e+02, 2.96776363796658e+02, 2.960290832519531e+02, 2.957194247775608e+02, 2.952017550998264e+02, 2.958503723144531e+02, 2.949980570475261e+02, 2.950888197157118e+02, 2.949226786295573e+02, 3.030029839409722e+02, 3.031461147732205e+02, 3.031486409505208e+02, 3.031474609375e+02, 3.031494310167101e+02, 3.031478881835938e+02, 3.031482713487413e+02, 3.031478135850695e+02, 3.031478271484375e+02, 3.031476440429688e+02, 3.0314794921875e+02, 3.031476440429688e+02, 3.064048156738281e+02, 3.074264729817708e+02, 3.073677978515625e+02, 3.075547247992621e+02, 3.083801947699653e+02, 3.040211588541667e+02, 3.086109042697483e+02, 3.075231051974827e+02, 3.01881591796875e+02, 3.003350084092882e+02, 3.054100070529514e+02, 3.068463134765625e+02, 3.096938578287761e+02, 3.098744845920139e+02, 3.123530883789062e+02, 3.121976894802517e+02, 3.123779907226562e+02, 3.092933553059896e+02, 3.121191134982639e+02, 3.070946146647136e+02, 3.054233093261719e+02, 3.039161919487847e+02, 3.033617146809896e+02, 3.021476338704427e+02, 3.010052795410156e+02, 3.001599222819011e+02, 3.003856811523438e+02, 2.992709214952257e+02, 2.999055989583333e+02, 2.987663269042969e+02, 3.031469624837239e+02, 3.031471862792969e+02, 3.031477355957031e+02, 3.031474880642361e+02, 3.031476101345486e+02, 3.031475219726562e+02, 3.031476135253906e+02, 3.031475830078125e+02, 3.031481323242188e+02, 3.031478644476996e+02, 3.035963677300347e+02, 3.031485188802083e+02, 3.038279995388455e+02, 3.040453559027778e+02, 3.042679036458333e+02, 3.044906785753038e+02, 3.047073194715712e+02, 3.049143981933594e+02, 3.051103210449219e+02]
heaSys.heaSche.TdegC[4].y=[2.99871826171875e+02, 2.99871826171875e+02, 2.99871826171875e+02, 2.99871826171875e+02, 2.99871826171875e+02, 2.99871826171875e+02, 2.99871826171875e+02, 2.99871826171875e+02, 2.99871826171875e+02, 2.99871826171875e+02, 2.99871826171875e+02, 3.028327433268229e+02, 3.032151184082031e+02, 3.031512620713976e+02, 3.031538560655382e+02, 3.031556599934896e+02, 3.032718370225695e+02, 3.031378682454427e+02, 3.032116394042969e+02, 3.031583692762587e+02, 3.033137308756511e+02, 3.031635437011719e+02, 3.031355828179254e+02, 3.031445685492621e+02, 3.031247456868489e+02, 3.031439175075955e+02, 3.0300537109375e+02, 3.030937805175781e+02, 3.02628899468316e+02, 2.998594224717882e+02, 2.986151835123698e+02, 2.967021009657118e+02, 2.958927273220486e+02, 2.952815144856771e+02, 2.951417541503906e+02, 2.949697740342882e+02, 2.958978881835938e+02, 2.951258443196614e+02, 2.954678955078125e+02, 2.954807535807292e+02, 3.030375162760417e+02, 3.031507873535156e+02, 3.031756998697917e+02, 3.031411946614583e+02, 3.031812845865886e+02, 3.031546630859375e+02, 3.032029317220052e+02, 3.031513231065538e+02, 3.03158935546875e+02, 3.031547648111979e+02, 3.031243726942274e+02, 3.031501261393229e+02, 3.057310621473524e+02, 3.06626207139757e+02, 3.079546813964844e+02, 3.078349372016059e+02, 3.071077134874132e+02, 3.040570271809896e+02, 3.071795281304254e+02, 3.059310370551215e+02, 3.010067036946614e+02, 2.990037841796875e+02, 3.031640930175781e+02, 3.052535095214844e+02, 3.076239217122396e+02, 3.085827806260851e+02, 3.102722880045573e+02, 3.106931932237413e+02, 3.107215440538195e+02, 3.085177510579427e+02, 3.095633917914496e+02, 3.060313585069445e+02, 3.039961853027344e+02, 3.024514363606771e+02, 3.013216925726996e+02, 3.007687784830729e+02, 2.994232618543837e+02, 2.986694641113281e+02, 2.980366821289062e+02, 2.977483893500434e+02, 2.98484368218316e+02, 2.975355224609375e+02, 3.031500379774305e+02, 3.031457316080729e+02, 3.030693766276042e+02, 3.031535034179688e+02, 3.031649983723958e+02, 3.031503499348958e+02, 3.031416117350261e+02, 3.031473422580295e+02, 3.031635131835938e+02, 3.031445617675781e+02, 3.031718241373698e+02, 3.031441752115886e+02, 3.031453552246094e+02, 3.031453552246094e+02, 3.031453552246094e+02, 3.031453552246094e+02, 3.031453552246094e+02, 3.031453552246094e+02, 3.031453552246094e+02]
struct.TSensor[4]=[2.931499938964844e+02, 3.031448533799913e+02, 3.031464402940538e+02, 3.031469116210938e+02, 3.031470642089844e+02, 3.031470947265625e+02, 3.031470947265625e+02, 3.031470947265625e+02, 3.031470642089844e+02, 3.031470642089844e+02, 3.031470336914062e+02, 3.031470336914062e+02, 3.031481221516927e+02, 3.031472473144531e+02, 3.031474914550781e+02, 3.031471557617188e+02, 3.031489664713542e+02, 3.031474609375e+02, 3.031487121582031e+02, 3.031477355957031e+02, 3.031482984754774e+02, 3.031475219726562e+02, 3.031480373806423e+02, 3.031473117404514e+02, 3.031473490397136e+02, 3.031470031738281e+02, 3.031476236979167e+02, 3.031469116210938e+02, 3.022823350694445e+02, 3.007825758192274e+02, 2.99794921875e+02, 2.983431159125434e+02, 2.973824971516927e+02, 2.965668741861979e+02, 2.960179985894097e+02, 2.955377705891927e+02, 2.956928405761719e+02, 2.95068596733941e+02, 2.949867994520399e+02, 2.950231526692708e+02, 3.002202419704861e+02, 3.031435750325521e+02, 3.031476033528646e+02, 3.0314697265625e+02, 3.031487630208333e+02, 3.031476440429688e+02, 3.031480746799045e+02, 3.031477355957031e+02, 3.031476135253906e+02, 3.031473693847656e+02, 3.031476745605469e+02, 3.031473388671875e+02, 3.050938381618923e+02, 3.060124172634548e+02, 3.056935729980469e+02, 3.067127380371094e+02, 3.071780497233073e+02, 3.046503702799479e+02, 3.074573771158854e+02, 3.068056403266059e+02, 3.027350972493489e+02, 3.012398342556423e+02, 3.042234191894531e+02, 3.054892272949219e+02, 3.069327121310764e+02, 3.081775241427952e+02, 3.09470947265625e+02, 3.103686862521702e+02, 3.108828464084202e+02, 3.090545145670573e+02, 3.105978834364149e+02, 3.07634758843316e+02, 3.0623828125e+02, 3.049179348415798e+02, 3.037154405381945e+02, 3.028957621256511e+02, 3.017531907823351e+02, 3.009122178819445e+02, 3.001011149088542e+02, 2.996929016113281e+02, 3.000286797417535e+02, 2.992151794433594e+02, 3.031454366048177e+02, 3.031465759277344e+02, 3.031471659342448e+02, 3.031471218532986e+02, 3.031472439236111e+02, 3.03147216796875e+02, 3.031472473144531e+02, 3.031472778320312e+02, 3.031476135253906e+02, 3.031476813422309e+02, 3.031481662326389e+02, 3.031481831868489e+02, 3.035929226345486e+02, 3.03814449734158e+02, 3.040398356119792e+02, 3.042638719346788e+02, 3.04481458875868e+02, 3.046895141601562e+02, 3.048865356445312e+02]
struct.TSensor[5]=[2.931499938964844e+02, 2.969356011284722e+02, 2.966794908311632e+02, 2.964471130371094e+02, 2.962166951497396e+02, 2.959962904188368e+02, 2.957728474934896e+02, 2.955496012369792e+02, 2.953355475531684e+02, 2.951499633789062e+02, 2.951497802734375e+02, 2.951496887207031e+02, 2.951498311360677e+02, 2.951495361328125e+02, 2.951497802734375e+02, 2.951495666503906e+02, 2.951943800184462e+02, 2.951492614746094e+02, 2.952164916992188e+02, 2.951498413085938e+02, 2.951852383083767e+02, 2.951496683756511e+02, 2.951498718261719e+02, 2.951493259006077e+02, 2.951493326822917e+02, 2.951490342881945e+02, 2.951493767632379e+02, 2.951490173339844e+02, 2.951349419487847e+02, 2.950001695421007e+02, 2.951832784016927e+02, 2.950464477539062e+02, 2.950923122829861e+02, 2.949544677734375e+02, 2.950391133626302e+02, 2.947833930121528e+02, 2.948703918457031e+02, 2.946788363986545e+02, 2.947258029513889e+02, 2.944941101074219e+02, 2.9450048828125e+02, 2.951488003200955e+02, 2.951505025227864e+02, 2.951496887207031e+02, 2.953808119032118e+02, 2.952392883300781e+02, 2.954452446831597e+02, 2.953961758083767e+02, 2.952513834635417e+02, 2.951498413085938e+02, 2.951498718261719e+02, 2.951498413085938e+02, 2.951786702473958e+02, 2.950966525607639e+02, 2.955387573242188e+02, 2.957178276909722e+02, 2.960682678222656e+02, 2.961308288574219e+02, 2.961999308268229e+02, 2.962001071506077e+02, 2.956264546712239e+02, 2.952113884819879e+02, 2.951402045355903e+02, 2.947835998535156e+02, 2.950960150824653e+02, 2.953781297471788e+02, 2.962216084798177e+02, 2.966618211534288e+02, 2.969876878526476e+02, 2.970465087890625e+02, 2.973394198947483e+02, 2.974012891981337e+02, 2.974595336914062e+02, 2.974301113552517e+02, 2.972092861599392e+02, 2.970590209960938e+02, 2.96681145562066e+02, 2.962834642198351e+02, 2.959939880371094e+02, 2.958470628526476e+02, 2.957052001953125e+02, 2.956932373046875e+02, 2.951496887207031e+02, 2.951495056152344e+02, 2.951496378580729e+02, 2.951495971679688e+02, 2.95149658203125e+02, 2.951495361328125e+02, 2.951495971679688e+02, 2.951496887207031e+02, 2.951499328613281e+02, 2.951916944715712e+02, 2.954342346191406e+02, 2.956589152018229e+02, 2.959084099663629e+02, 2.961539510091146e+02, 2.964091695149739e+02, 2.96662367078993e+02, 2.969075826009114e+02, 2.97141845703125e+02, 2.973637084960938e+02]
heaSys.heaSche.TdegC[5].y=[2.95154541015625e+02, 2.95154541015625e+02, 2.95154541015625e+02, 2.95154541015625e+02, 2.95154541015625e+02, 2.95154541015625e+02, 2.95154541015625e+02, 2.95154541015625e+02, 2.95154541015625e+02, 2.95154541015625e+02, 2.95154541015625e+02, 2.951514010959202e+02, 2.951507771809896e+02, 2.951469048394097e+02, 2.951542222764757e+02, 2.951512044270833e+02, 2.952439676920573e+02, 2.95141604953342e+02, 2.952870788574219e+02, 2.951521199544271e+02, 2.952401597764757e+02, 2.951516011555989e+02, 2.95148674858941e+02, 2.951487392849392e+02, 2.951475423177083e+02, 2.951466606987847e+02, 2.951491156684028e+02, 2.951117553710938e+02, 2.951506924099392e+02, 2.951417338053386e+02, 2.951452128092448e+02, 2.95154544406467e+02, 2.951424763997396e+02, 2.951372680664062e+02, 2.951528116861979e+02, 2.95151607937283e+02, 2.951491394042969e+02, 2.951535949707031e+02, 2.951548258463542e+02, 2.951520284016927e+02, 2.951545511881511e+02, 2.951609361436632e+02, 2.953994649251302e+02, 2.954758673773871e+02, 2.955855916341146e+02, 2.957141418457031e+02, 2.958246290418837e+02, 2.959639451768663e+02, 2.957486572265625e+02, 2.955277947319879e+02, 2.954687228732639e+02, 2.954164733886719e+02, 2.955001085069445e+02, 2.956902194552952e+02, 2.961376953125e+02, 2.964449191623264e+02, 2.964661085340712e+02, 2.965964864095052e+02, 2.965398966471354e+02, 2.964988132052952e+02, 2.956641337076823e+02, 2.951496141221788e+02, 2.951512349446614e+02, 2.951499938964844e+02, 2.953776346842448e+02, 2.960283372667101e+02, 2.966080017089844e+02, 2.972698703342014e+02, 2.974525112575955e+02, 2.974011637369792e+02, 2.973997701009114e+02, 2.975360039605035e+02, 2.972183227539062e+02, 2.970083821614583e+02, 2.965835130479601e+02, 2.965709126790364e+02, 2.959723612467448e+02, 2.955472378200955e+02, 2.951423238118489e+02, 2.951471659342448e+02, 2.951483154296875e+02, 2.951487426757812e+02, 2.951575080023871e+02, 2.951480034722222e+02, 2.95154052734375e+02, 2.951626349555121e+02, 2.951501905653212e+02, 2.951500244140625e+02, 2.951516452365452e+02, 2.951518012152778e+02, 2.951689147949219e+02, 2.955332370334202e+02, 2.955308702256945e+02, 2.959816385904948e+02, 2.95889404296875e+02, 2.95889404296875e+02, 2.95889404296875e+02, 2.95889404296875e+02, 2.95889404296875e+02, 2.95889404296875e+02, 2.95889404296875e+02]
struct.TSensor[6]=[2.931499938964844e+02, 2.969418029785156e+02, 2.967150302463108e+02, 2.965537211100261e+02, 2.964131401909722e+02, 2.962624138726129e+02, 2.961078592936198e+02, 2.959537285698785e+02, 2.958035142686632e+02, 2.95659912109375e+02, 2.955330369737413e+02, 2.954287414550781e+02, 2.956117451985677e+02, 2.953711412217882e+02, 2.95460211859809e+02, 2.953484395345052e+02, 2.958071594238281e+02, 2.953220655653212e+02, 2.959190979003906e+02, 2.956128946940104e+02, 2.958681233723958e+02, 2.955585632324219e+02, 2.956928812662761e+02, 2.95307135687934e+02, 2.951859232584636e+02, 2.951497972276476e+02, 2.952748277452257e+02, 2.951496887207031e+02, 2.953402201334636e+02, 2.952513359917535e+02, 2.954556274414062e+02, 2.952594061957465e+02, 2.953786349826389e+02, 2.952368062337239e+02, 2.953062337239583e+02, 2.950925971137153e+02, 2.951841430664062e+02, 2.948924119737413e+02, 2.949051988389757e+02, 2.946463521321614e+02, 2.947053765190972e+02, 2.951495361328125e+02, 2.954854329427083e+02, 2.953885531955295e+02, 2.958148362901476e+02, 2.957283020019531e+02, 2.960386182996962e+02, 2.959793463812934e+02, 2.958257853190104e+02, 2.95625013563368e+02, 2.957532382541233e+02, 2.956103922526042e+02, 2.958038228352864e+02, 2.958030700683594e+02, 2.96435302734375e+02, 2.965497572157118e+02, 2.970671590169271e+02, 2.969972330729167e+02, 2.971551140679254e+02, 2.970608961317274e+02, 2.964791666666667e+02, 2.959206102159288e+02, 2.957263895670573e+02, 2.956069641113281e+02, 2.960278218587239e+02, 2.963866611056858e+02, 2.973222452799479e+02, 2.977393222384983e+02, 2.980569932725695e+02, 2.980851440429688e+02, 2.984635484483507e+02, 2.984998338487413e+02, 2.984639587402344e+02, 2.983135443793403e+02, 2.98108161078559e+02, 2.978694763183594e+02, 2.973614908854167e+02, 2.968722093370226e+02, 2.964451599121094e+02, 2.960076429578993e+02, 2.957085130479601e+02, 2.956920471191406e+02, 2.953431091308594e+02, 2.953114420572917e+02, 2.954000752766927e+02, 2.953303120930989e+02, 2.953572862413195e+02, 2.953514099121094e+02, 2.95297356499566e+02, 2.954130622016059e+02, 2.955397338867188e+02, 2.958307156032986e+02, 2.960860731336805e+02, 2.964858093261719e+02, 2.967019348144531e+02, 2.969454752604167e+02, 2.971879374186198e+02, 2.974232550726996e+02, 2.97648668077257e+02, 2.978629760742188e+02, 2.980656433105469e+02]
heaSys.heaSche.TdegC[6].y=[2.954591979980469e+02, 2.954591979980469e+02, 2.954591979980469e+02, 2.954591979980469e+02, 2.954591979980469e+02, 2.954591979980469e+02, 2.954591979980469e+02, 2.954591979980469e+02, 2.954591979980469e+02, 2.954591979980469e+02, 2.954591979980469e+02, 2.955227695041233e+02, 2.957923583984375e+02, 2.957061462402344e+02, 2.956512518988715e+02, 2.954332173665364e+02, 2.957140129937066e+02, 2.954229024251302e+02, 2.956398315429688e+02, 2.955661892361111e+02, 2.957978515625e+02, 2.956359151204427e+02, 2.956908535427517e+02, 2.953812086317274e+02, 2.952647094726562e+02, 2.951482103135851e+02, 2.951785854763455e+02, 2.951382141113281e+02, 2.951515875922309e+02, 2.951482916937934e+02, 2.951490885416667e+02, 2.951494479709202e+02, 2.951527947319879e+02, 2.951462809244792e+02, 2.95151363796658e+02, 2.951479865180121e+02, 2.951411743164062e+02, 2.951542188856337e+02, 2.951564534505208e+02, 2.951481119791667e+02, 2.951529303656684e+02, 2.952069295247396e+02, 2.955927225748698e+02, 2.956660427517361e+02, 2.957851121690538e+02, 2.959401550292969e+02, 2.961097852918837e+02, 2.961854790581597e+02, 2.961495666503906e+02, 2.959325561523438e+02, 2.959359673394097e+02, 2.958600260416667e+02, 2.960679355197483e+02, 2.963277418348524e+02, 2.966926879882812e+02, 2.970447319878472e+02, 2.971388244628906e+02, 2.971946411132812e+02, 2.971961703830295e+02, 2.971456671820746e+02, 2.963222249348958e+02, 2.955274217393663e+02, 2.953038330078125e+02, 2.956175537109375e+02, 2.958252733018663e+02, 2.965680033365886e+02, 2.971255086263021e+02, 2.978757222493489e+02, 2.981737094455295e+02, 2.982734781901042e+02, 2.982682189941406e+02, 2.983179219563802e+02, 2.979937438964844e+02, 2.976878763834636e+02, 2.972891947428386e+02, 2.971529744466146e+02, 2.966026645236545e+02, 2.961447211371528e+02, 2.956649780273438e+02, 2.9530908203125e+02, 2.951644354926215e+02, 2.951498718261719e+02, 2.951538933648004e+02, 2.951500210232205e+02, 2.952548319498698e+02, 2.95333987765842e+02, 2.953195461697048e+02, 2.954143981933594e+02, 2.954111328125e+02, 2.955629442003038e+02, 2.956679382324219e+02, 2.959912957085504e+02, 2.960502827962239e+02, 2.963864949544271e+02, 2.963084411621094e+02, 2.963084411621094e+02, 2.963084411621094e+02, 2.963084411621094e+02, 2.963084411621094e+02, 2.963084411621094e+02, 2.963084411621094e+02]
struct.TSensor[7]=[2.931499938964844e+02, 2.976544596354167e+02, 2.97686272515191e+02, 2.976186014811198e+02, 2.974948832194011e+02, 2.973462151421441e+02, 2.97189208984375e+02, 2.970334574381511e+02, 2.968845520019531e+02, 2.967452697753906e+02, 2.966169942220052e+02, 2.965012546115452e+02, 2.964449666341146e+02, 2.963361172146267e+02, 2.963130967881945e+02, 2.962394816080729e+02, 2.963321024576823e+02, 2.961886054144965e+02, 2.963435668945312e+02, 2.963137749565972e+02, 2.963811882866754e+02, 2.963185424804688e+02, 2.963761935763889e+02, 2.962488369411892e+02, 2.961407877604167e+02, 2.95992190890842e+02, 2.959503851996528e+02, 2.957701110839844e+02, 2.958826192220052e+02, 2.95699710422092e+02, 2.955349731445312e+02, 2.953245307074653e+02, 2.953370734320746e+02, 2.952339172363281e+02, 2.952225443522136e+02, 2.95069573296441e+02, 2.950548706054688e+02, 2.94879136827257e+02, 2.948506876627604e+02, 2.946509602864583e+02, 2.945960489908854e+02, 2.951495937771267e+02, 2.954251607259114e+02, 2.95630374484592e+02, 2.959601881239149e+02, 2.961015319824219e+02, 2.963137919108073e+02, 2.964131096733941e+02, 2.964334818522136e+02, 2.964175821940104e+02, 2.964145033094618e+02, 2.963977355957031e+02, 2.965557013617621e+02, 2.968065965440538e+02, 2.972832946777344e+02, 2.976793958875868e+02, 2.978490058051215e+02, 2.980084533691406e+02, 2.980522291395399e+02, 2.981313307020399e+02, 2.978097839355469e+02, 2.973540242513021e+02, 2.969786071777344e+02, 2.969844055175781e+02, 2.97275882297092e+02, 2.976931728786892e+02, 2.98310791015625e+02, 2.988967861599392e+02, 2.993440416124132e+02, 2.996366780598958e+02, 2.998095465766059e+02, 2.999048868815104e+02, 2.997886657714844e+02, 2.995438707139757e+02, 2.991775682237413e+02, 2.989047241210938e+02, 2.984944288465712e+02, 2.980747545030382e+02, 2.976319376627604e+02, 2.972578837076823e+02, 2.969849921332465e+02, 2.966568298339844e+02, 2.963573744032118e+02, 2.963334655761719e+02, 2.963046061197917e+02, 2.962843051486545e+02, 2.962561747233073e+02, 2.962359415690104e+02, 2.961935865614149e+02, 2.962213168674045e+02, 2.962372131347656e+02, 2.963590969509548e+02, 2.964808180067274e+02, 2.967739359537761e+02, 2.970952351888021e+02, 2.973863593207465e+02, 2.976672058105469e+02, 2.979353976779514e+02, 2.981891649034288e+02, 2.984280395507812e+02, 2.986513671875e+02]
heaSys.heaSche.TdegC[7].y=[2.96263427734375e+02, 2.96263427734375e+02, 2.96263427734375e+02, 2.96263427734375e+02, 2.96263427734375e+02, 2.96263427734375e+02, 2.96263427734375e+02, 2.96263427734375e+02, 2.96263427734375e+02, 2.96263427734375e+02, 2.96263427734375e+02, 2.962425842285156e+02, 2.963945210774739e+02, 2.964496697319879e+02, 2.964606255425347e+02, 2.964639892578125e+02, 2.965338134765625e+02, 2.964749586317274e+02, 2.965295104980469e+02, 2.965325859917535e+02, 2.96605953640408e+02, 2.966092631022136e+02, 2.966123284233941e+02, 2.965487433539496e+02, 2.964447224934896e+02, 2.963434143066406e+02, 2.962869364420573e+02, 2.961744689941406e+02, 2.960701395670573e+02, 2.957579311794705e+02, 2.953584798177083e+02, 2.951451992458767e+02, 2.951424628363715e+02, 2.951470642089844e+02, 2.951522894965278e+02, 2.951522555881077e+02, 2.951587219238281e+02, 2.951524454752604e+02, 2.951497565375434e+02, 2.951533406575521e+02, 2.952301364474827e+02, 2.957107103135851e+02, 2.960041605631511e+02, 2.961971944173177e+02, 2.963538038465712e+02, 2.965180053710938e+02, 2.966541951497396e+02, 2.967628682454427e+02, 2.968300984700521e+02, 2.968152160644531e+02, 2.967881910536024e+02, 2.967921854654948e+02, 2.969112141927083e+02, 2.972941284179688e+02, 2.976505432128906e+02, 2.980945739746094e+02, 2.979377950032552e+02, 2.980881652832031e+02, 2.980507134331597e+02, 2.980714382595486e+02, 2.975535380045573e+02, 2.969226718478733e+02, 2.965559455023871e+02, 2.968380737304688e+02, 2.970881618923611e+02, 2.976688435872396e+02, 2.980881144205729e+02, 2.987601487901476e+02, 2.99132581922743e+02, 2.994072672526042e+02, 2.992886216905382e+02, 2.993033820258246e+02, 2.989508361816406e+02, 2.985686408148871e+02, 2.980962253146702e+02, 2.978739725748698e+02, 2.974313320583767e+02, 2.970308973524305e+02, 2.965588073730469e+02, 2.962494947645399e+02, 2.961024441189236e+02, 2.958006286621094e+02, 2.958540717230903e+02, 2.961243184407552e+02, 2.962321879069011e+02, 2.963092888726129e+02, 2.963377143012153e+02, 2.963837890625e+02, 2.964018792046441e+02, 2.964659830729167e+02, 2.965070190429688e+02, 2.966405707465278e+02, 2.966910027398004e+02, 2.969098510742188e+02, 2.969032592773438e+02, 2.969032592773438e+02, 2.969032592773438e+02, 2.969032592773438e+02, 2.969032592773438e+02, 2.969032592773438e+02, 2.969032592773438e+02]
heaSys.Qhea[1]=[1.975e+03, 1.500091525607639e+03, 1.259654378255208e+03, 1.186632405598958e+03, 1.165121053059896e+03, 1.161855875651042e+03, 1.165330118815104e+03, 1.171224704318576e+03, 1.177756930881076e+03, 1.184187255859375e+03, 1.189647420247396e+03, 1.192004584418403e+03, 6.388419392903646e+02, 1.107149020724826e+03, 9.462458157009548e+02, 1.146166666666667e+03, 1.460030924479167e+02, 1.102959431966146e+03, 3.213755187988281e+02, 9.270937025282118e+02, 6.002679714626736e+02, 1.005672729492188e+03, 7.328223266601562e+02, 1.158743815104167e+03, 1.108853068033854e+03, 1.288893690321181e+03, 9.231424628363716e+02, 1.27218701171875e+03, 3.721138874689738e+00, 3.67002002398173e+00, 3.888568798700968e+00, 4.03113055229187e+00, 3.857529587215847e+00, 3.535365502039591e+00, 4.141806337568495e+00, 4.000012318293254e+00, 3.938359975814819e+00, 3.794501066207886e+00, 4.033551745944553e+00, 3.847039620081584e+00, 1.799867513020833e+03, 1.416303371853299e+03, 2.656871337890625e+02, 9.642996758355034e+02, 1.268980526394314e+02, 8.3437451171875e+02, 6.264497409396702e+02, 8.443688490125868e+02, 9.247927042643229e+02, 1.087322116427951e+03, 8.951630249023438e+02, 1.072349365234375e+03, 1.79985498046875e+03, 1.79975543891059e+03, 3.901853084564209e+00, 4.029849152565002e+02, 1.800012220594618e+03, 4.138351440429688e+00, 1.800154256184896e+03, 1.799837320963542e+03, 3.811973810195923e+00, 3.791929589377509e+00, 1.799779690212674e+03, 1.799428100585938e+03, 1.799679144965278e+03, 1.800058024088542e+03, 1.799945638020833e+03, 1.799740614149306e+03, 1.799954237196181e+03, 3.765749851862589e+00, 1.799984239366319e+03, 3.477728896670871e+00, 4.231503486633301e+00, 4.10546875e+00, 3.430997769037882e+00, 4.045747041702271e+00, 3.918411334355672e+00, 3.808463308546278e+00, 3.81222661336263e+00, 3.906562911139594e+00, 4.121158281962077e+00, 3.920814990997314e+00, 1.495789428710938e+03, 1.278249972873264e+03, 1.061505167643229e+03, 1.151126424153646e+03, 1.084013441297743e+03, 1.143331787109375e+03, 1.093151801215278e+03, 1.080745496961806e+03, 8.500623779296875e+02, 8.518026936848959e+02, 5.881249321831597e+02, 6.791155192057291e+02, 1.076171997070312e+03, 1.076171997070312e+03, 1.076171997070312e+03, 1.076171997070312e+03, 1.076171997070312e+03, 1.076171997070312e+03, 1.076171997070312e+03]
heaSys.heaSche.Pel_IDEAL[1]=[1.832202880859375e+03, 1.832202880859375e+03, 1.832202880859375e+03, 1.832202880859375e+03, 1.832202880859375e+03, 1.832202880859375e+03, 1.832202880859375e+03, 1.832202880859375e+03, 1.832202880859375e+03, 1.832202880859375e+03, 1.832202880859375e+03, 1.947222520616319e+03, 2.726523946126302e+02, 1.47767626953125e+03, 1.008759887695312e+03, 1.352717244466146e+03, 3.851435210969713e+00, 1.354211154513889e+03, 3.73984169960022e+00, 1.163608723958333e+03, 1.100137630038791e+02, 1.283353068033854e+03, 6.912016330295139e+02, 1.465353108723958e+03, 1.226174112955729e+03, 1.510863661024306e+03, 6.689734632703993e+02, 9.00289794921875e+02, 3.721138874689738e+00, 3.67002002398173e+00, 3.888568798700968e+00, 4.03113055229187e+00, 3.857529587215847e+00, 3.535365502039591e+00, 4.141806337568495e+00, 4.000012318293254e+00, 3.938359975814819e+00, 3.794501066207886e+00, 4.033551745944553e+00, 3.847039620081584e+00, 1.799867513020833e+03, 1.460135660807292e+03, 3.700684388478597e+00, 1.121155164930556e+03, 3.690000904930963e+00, 1.036303466796875e+03, 1.664480887518989e+02, 9.851815456814236e+02, 9.363943074544271e+02, 1.284705078125e+03, 8.172040473090278e+02, 1.225471435546875e+03, 1.79985498046875e+03, 1.79975543891059e+03, 3.901853084564209e+00, 4.029849152565002e+02, 1.800012220594618e+03, 4.138351440429688e+00, 1.800154256184896e+03, 1.799837320963542e+03, 3.811973810195923e+00, 3.791929589377509e+00, 1.799779690212674e+03, 1.799428100585938e+03, 1.799679144965278e+03, 1.800058024088542e+03, 1.799945638020833e+03, 1.799740614149306e+03, 1.799954237196181e+03, 3.765749851862589e+00, 1.799984239366319e+03, 3.477728896670871e+00, 4.231503486633301e+00, 4.10546875e+00, 3.430997769037882e+00, 4.045747041702271e+00, 3.918411334355672e+00, 3.808463308546278e+00, 3.81222661336263e+00, 3.906562911139594e+00, 4.121158281962077e+00, 3.920814990997314e+00, 1.829982191297743e+03, 1.521341267903646e+03, 9.095154012044271e+02, 1.370043999565972e+03, 1.091281412760417e+03, 1.352484944661458e+03, 1.107396999782986e+03, 1.257471842447917e+03, 5.92395751953125e+02, 1.049224717881944e+03, 2.554434390597873e+02, 1.015377319335938e+03, 1.076171997070312e+03, 1.076171997070312e+03, 1.076171997070312e+03, 1.076171997070312e+03, 1.076171997070312e+03, 1.076171997070312e+03, 1.076171997070312e+03]
heaSys.Qhea[3]=[7.5e+02, 3.418176845974392e+02, 2.672112019856771e+02, 2.457397664388021e+02, 2.394181518554688e+02, 2.386892428927951e+02, 2.402209777832031e+02, 2.426512078179254e+02, 2.453449011908637e+02, 2.480116729736328e+02, 2.505182325575087e+02, 2.527250637478299e+02, 1.878454284667969e+02, 2.46834721883138e+02, 2.213198411729601e+02, 2.495821278889974e+02, 1.081492377387153e+02, 2.349413469102648e+02, 1.206442413330078e+02, 2.177815551757812e+02, 1.710308854844835e+02, 2.349491017659505e+02, 1.644494951036241e+02, 2.400122273763021e+02, 2.293445231119792e+02, 2.642029317220052e+02, 1.788085293240017e+02, 2.647274475097656e+02, 1.001074822743734e+01, 9.83742978837755e+00, 9.601400375366211e+00, 9.519094149271647e+00, 9.585663795471191e+00, 9.66518529256185e+00, 9.309705628289116e+00, 9.360679944356283e+00, 9.378019332885742e+00, 9.847430123223198e+00, 1.022967963748508e+01, 9.887352307637533e+00, 4.999909057617188e+02, 3.897994147406684e+02, 1.362810414632162e+02, 2.527970971001519e+02, 5.605334938897027e+01, 2.126668701171875e+02, 1.724887000189887e+02, 2.186035715738932e+02, 2.15941660563151e+02, 2.368721025254991e+02, 2.037152930365668e+02, 2.36515879313151e+02, 5.000098843044705e+02, 4.999979722764757e+02, 9.566512107849121e+00, 1.18480712890625e+02, 5.000377977159288e+02, 9.038625717163086e+00, 5.000889451768663e+02, 4.999916449652778e+02, 8.963774045308432e+00, 9.491825633578831e+00, 5.000062696668837e+02, 4.999195556640625e+02, 5.00016604953342e+02, 5.000530598958333e+02, 5.000093078613281e+02, 4.998594936794705e+02, 4.999817199707031e+02, 9.444955507914225e+00, 5.000227932400173e+02, 9.997639656066895e+00, 9.51969051361084e+00, 9.167121145460341e+00, 9.21886126200358e+00, 9.048268636067709e+00, 9.086102061801487e+00, 9.009578280978733e+00, 9.457995732625326e+00, 9.527658250596788e+00, 9.98153633541531e+00, 9.653515815734863e+00, 3.039433186848958e+02, 2.821625671386719e+02, 2.275481872558594e+02, 2.522510579427083e+02, 2.384534657796224e+02, 2.470871073404948e+02, 2.398154873318142e+02, 2.409053192138672e+02, 1.88130126953125e+02, 2.135154758029514e+02, 0e+00, 1.480205281575521e+02, 2.273497772216797e+02, 2.273497772216797e+02, 2.273497772216797e+02, 2.273497772216797e+02, 2.273497772216797e+02, 2.273497772216797e+02, 2.273497772216797e+02]
heaSys.heaSche.Pel_IDEAL[3]=[6.529138793945312e+02, 6.529138793945312e+02, 6.529138793945312e+02, 6.529138793945312e+02, 6.529138793945312e+02, 6.529138793945312e+02, 6.529138793945312e+02, 6.529138793945312e+02, 6.529138793945312e+02, 6.529138793945312e+02, 6.529138793945312e+02, 7.29192369249132e+02, 2.893183390299479e+02, 2.864266425238715e+02, 1.967096201578776e+02, 2.672375081380208e+02, 4.011805089314779e+01, 2.637550218370226e+02, 8.027382659912109e+01, 2.625664672851562e+02, 1.259518373277452e+02, 2.762430928548177e+02, 2.140645226372613e+02, 2.643975423177083e+02, 2.074988657633463e+02, 2.910273098415798e+02, 2.04717525906033e+02, 1.717235565185547e+02, 1.001074822743734e+01, 9.83742978837755e+00, 9.601400375366211e+00, 9.519094149271647e+00, 9.585663795471191e+00, 9.66518529256185e+00, 9.309705628289116e+00, 9.360679944356283e+00, 9.378019332885742e+00, 9.847430123223198e+00, 1.022967963748508e+01, 9.887352307637533e+00, 4.999909057617188e+02, 3.297927754720052e+02, 3.959134292602539e+01, 2.89707027859158e+02, 1.528154373168945e+01, 2.726466369628906e+02, 7.566426510281033e+01, 2.487258046468099e+02, 2.291477610270182e+02, 2.686624111599392e+02, 1.799872029622396e+02, 2.523026224772135e+02, 5.000098843044705e+02, 4.999979722764757e+02, 9.566512107849121e+00, 1.18480712890625e+02, 5.000377977159288e+02, 9.038625717163086e+00, 5.000889451768663e+02, 4.999916449652778e+02, 8.963774045308432e+00, 9.491825633578831e+00, 5.000062696668837e+02, 4.999195556640625e+02, 5.00016604953342e+02, 5.000530598958333e+02, 5.000093078613281e+02, 4.998594936794705e+02, 4.999817199707031e+02, 9.444955507914225e+00, 5.000227932400173e+02, 9.997639656066895e+00, 9.51969051361084e+00, 9.167121145460341e+00, 9.21886126200358e+00, 9.048268636067709e+00, 9.086102061801487e+00, 9.009578280978733e+00, 9.457995732625326e+00, 9.527658250596788e+00, 9.98153633541531e+00, 9.653515815734863e+00, 8.622950236002605e+01, 3.498629726833767e+02, 1.822058308919271e+02, 2.956475050184462e+02, 2.33125239054362e+02, 2.948767293294271e+02, 2.637545979817708e+02, 2.72444098578559e+02, 2.376811981201172e+01, 2.66777825249566e+02, 4.355816602706909e+00, 2.231080881754557e+02, 2.273497772216797e+02, 2.273497772216797e+02, 2.273497772216797e+02, 2.273497772216797e+02, 2.273497772216797e+02, 2.273497772216797e+02, 2.273497772216797e+02]
heaSys.Qhea[4]=[7.5e+02, 5.143280504014757e+02, 3.558849656846788e+02, 3.100472310384114e+02, 2.950722893608941e+02, 2.906861707899305e+02, 2.902074788411458e+02, 2.911821865505642e+02, 2.926107482910156e+02, 2.940990295410156e+02, 2.954919060601129e+02, 2.966593356662327e+02, 1.864894307454427e+02, 2.741619228786892e+02, 2.515233391655816e+02, 2.836134948730469e+02, 1.037751524183485e+02, 2.525493638780382e+02, 1.276351165771484e+02, 2.27679701063368e+02, 1.706836954752604e+02, 2.469857432047526e+02, 1.955353613959418e+02, 2.683775058322483e+02, 2.649765523274739e+02, 2.988051079644097e+02, 2.381074964735243e+02, 3.076114807128906e+02, 9.599583877457513e-01, 9.694700108634101e-01, 9.927230676015218e-01, 9.771479699346755e-01, 9.841848413149515e-01, 8.842723170916239e-01, 1.011302067173852e+00, 1.045485748185052e+00, 1.005138278007507e+00, 9.731321930885315e-01, 1.05796406004164e+00, 9.846790035565695e-01, 5.000967983669705e+02, 6.421065538194445e+02, 2.398362782796224e+02, 3.034681193033854e+02, 1.245619964599609e+02, 2.344335021972656e+02, 1.934101155598958e+02, 2.266791178385417e+02, 2.383740895589193e+02, 2.632732408311632e+02, 2.334871537950304e+02, 2.666061706542969e+02, 5.000074971516927e+02, 4.999283515082465e+02, 1.397427678108215e+00, 1.1204209751553e+02, 5.000408698187934e+02, 1.073804219563802e+00, 5.001113077799479e+02, 4.999710049099392e+02, 9.949536323547363e-01, 9.817858669492934e-01, 4.999091152615017e+02, 4.999146728515625e+02, 4.999361945258246e+02, 5.000139872233073e+02, 4.999700317382812e+02, 5.000246887207031e+02, 4.998998582628038e+02, 1.126166423161824e+00, 5.000322842068142e+02, 8.948204451137118e-01, 1.094631671905518e+00, 1.050877465142144e+00, 8.664110435379876e-01, 1.034764051437378e+00, 1.012566553221808e+00, 9.790288739734225e-01, 1.011754810810089e+00, 1.016105850537618e+00, 1.04619824886322e+00, 1.049198031425476e+00, 4.566280585394965e+02, 3.433945922851562e+02, 2.829320373535156e+02, 2.886979132758246e+02, 2.761900600857205e+02, 2.792165730794271e+02, 2.74191897922092e+02, 2.727113410101996e+02, 2.389260406494141e+02, 2.324255099826389e+02, 1.83885732014974e+02, 1.817150166829427e+02, 2.450659942626953e+02, 2.450659942626953e+02, 2.450659942626953e+02, 2.450659942626953e+02, 2.450659942626953e+02, 2.450659942626953e+02, 2.450659942626953e+02]
heaSys.heaSche.Pel_IDEAL[4]=[6.7473095703125e+02, 6.7473095703125e+02, 6.7473095703125e+02, 6.7473095703125e+02, 6.7473095703125e+02, 6.7473095703125e+02, 6.7473095703125e+02, 6.7473095703125e+02, 6.7473095703125e+02, 6.7473095703125e+02, 6.7473095703125e+02, 7.563562961154514e+02, 2.142824554443359e+02, 3.102371487087673e+02, 2.978282911512587e+02, 2.873998107910156e+02, 1.120461066563924e+00, 2.797241685655382e+02, 7.11297607421875e+01, 2.708055521647136e+02, 1.86304429796007e+02, 2.745662434895833e+02, 2.912228054470486e+02, 2.795084974500868e+02, 2.998457234700521e+02, 3.062941792805989e+02, 2.940026346842448e+02, 1.791123046875e+02, 9.599583877457513e-01, 9.694700108634101e-01, 9.927230676015218e-01, 9.771479699346755e-01, 9.841848413149515e-01, 8.842723170916239e-01, 1.011302067173852e+00, 1.045485748185052e+00, 1.005138278007507e+00, 9.731321930885315e-01, 1.05796406004164e+00, 9.846790035565695e-01, 5.000967983669705e+02, 4.354048970540364e+02, 5.556234995524088e+01, 3.113610602484809e+02, 2.572029834323459e+01, 2.719609375e+02, 2.189127790662977e+02, 2.582200385199653e+02, 2.788397216796875e+02, 2.755746731228298e+02, 2.870612250434028e+02, 2.726972961425781e+02, 5.000074971516927e+02, 4.999283515082465e+02, 1.397427678108215e+00, 1.1204209751553e+02, 5.000408698187934e+02, 1.073804219563802e+00, 5.001113077799479e+02, 4.999710049099392e+02, 9.949536323547363e-01, 9.817858669492934e-01, 4.999091152615017e+02, 4.999146728515625e+02, 4.999361945258246e+02, 5.000139872233073e+02, 4.999700317382812e+02, 5.000246887207031e+02, 4.998998582628038e+02, 1.126166423161824e+00, 5.000322842068142e+02, 8.948204451137118e-01, 1.094631671905518e+00, 1.050877465142144e+00, 8.664110435379876e-01, 1.034764051437378e+00, 1.012566553221808e+00, 9.790288739734225e-01, 1.011754810810089e+00, 1.016105850537618e+00, 1.04619824886322e+00, 1.049198031425476e+00, 5.887699381510416e+02, 3.849117702907986e+02, 3.130439961751302e+02, 3.030356987847222e+02, 2.922485249837239e+02, 2.820123494466146e+02, 2.795901319715712e+02, 2.753977966308594e+02, 2.920945129394531e+02, 2.48879136827257e+02, 1.635620608859592e+02, 2.297624969482422e+02, 2.450659942626953e+02, 2.450659942626953e+02, 2.450659942626953e+02, 2.450659942626953e+02, 2.450659942626953e+02, 2.450659942626953e+02, 2.450659942626953e+02]
heaSys.heaSche.Pel_IDEAL[5]=[-8.98396372795105e-01, -8.98396372795105e-01, -8.98396372795105e-01, -8.98396372795105e-01, -8.98396372795105e-01, -8.98396372795105e-01, -8.98396372795105e-01, -8.98396372795105e-01, -8.98396372795105e-01, -8.98396372795105e-01, -8.98396372795105e-01, -8.345592220624288e-01, -1.094837856292725e+01, -1.579194980197483e+01, -8.406349658966064e+00, -1.501177215576172e+01, -5.386964109208849e+00, -3.070842912462022e+01, -5.749712944030762e+00, -2.363928010728624e+01, -9.498944812350803e+00, -3.119009971618652e+01, -1.925462701585558e+01, -1.878280046251085e+01, -4.37747065226237e+00, -5.741100311279297e+00, -1.093129303720262e+00, -1.568125152587891e+01, 1.040262603759766e+01, 2.632699796888564e+01, 4.313343811035156e+01, 6.835009511311848e+01, 9.285723707411024e+01, 8.888693237304688e+01, 9.518837229410808e+01, 8.466955820719402e+01, 7.506573486328125e+01, 7.622516208224826e+01, 6.915196990966797e+01, 6.587427266438802e+01, 2.516512235005696e+01, -2.080164464314779e+01, 1.062746747334798e+01, -2.800645277235243e+01, 7.576911873287624e+00, -2.564285469055176e+01, -1.396310276455349e+00, -2.045783869425456e+01, -2.557629712422689e+01, -3.517827563815646e+01, -2.614377551608615e+01, -2.694548034667969e+01, -1.33455990685357e+01, -4.677644856770834e+01, -1.211525344848633e+01, -3.792041524251302e+01, -6.82242907418145e+00, -3.206850814819336e+01, -2.224804751078288e+01, -3.20345884958903e+01, -5.551817576090495e+01, -3.48643438551161e+01, -7.972897317674425e+00, -4.983417892456055e+01, -1.999738311767578e+01, -4.770196363661024e+01, 1.025315125783285e+01, -2.388886155022515e+01, -2.590687306722005e+01, -4.620501454671224e+01, -1.607958666483561e+01, -4.083320575290256e+01, -1.987872314453125e+01, -1.849700440300835e+01, -6.965548409356011e+00, -2.092738405863444e+01, -2.169252353244358e+01, -2.773180982801649e+01, -4.368976434071858e+00, 1.148255125681559e+01, 1.668723731570774e+01, 3.396221542358398e+01, 1.867845005459256e+01, -8.257864846123589e+00, -1.457650979359945e+01, -1.638609462314182e+01, -1.303499126434326e+01, -1.706249809265137e+01, -1.29287559721205e+01, -1.618680466545953e+01, -6.086662769317627e+00, -1.909201516045464e+01, 6.857298851013184e+00, -1.294235293070475e+01, -1.12687931060791e+01, -1.12687931060791e+01, -1.12687931060791e+01, -1.12687931060791e+01, -1.12687931060791e+01, -1.12687931060791e+01, -1.12687931060791e+01]
heaSys.Qhea[5]=[7.5e+02, -4.460639572143555e+01, -4.460639572143555e+01, -4.460639572143555e+01, -4.460639572143555e+01, -4.460639572143555e+01, -4.460639572143555e+01, -4.460639572143555e+01, -4.460639572143555e+01, -4.178474807739258e+01, -2.284184137980143e+01, -1.288326125674778e+01, -1.689466349283854e+01, -4.33570745256212e+00, -9.512738121880425e+00, -1.12154237429301e+00, -1.402664184570312e+01, 5.160930368635389e+00, -1.494820880889893e+01, -1.808742438422309e+01, -1.856462987263997e+01, -1.355242347717285e+01, -2.007503212822808e+01, 1.506933894422319e+00, 7.55428949991862e+00, 2.075371191236708e+01, 1.249531343248155e+01, 3.481674957275391e+01, 1.040262603759766e+01, 2.632699796888564e+01, 4.313343811035156e+01, 6.835009511311848e+01, 9.285723707411024e+01, 8.888693237304688e+01, 9.518837229410808e+01, 8.466955820719402e+01, 7.506573486328125e+01, 7.622516208224826e+01, 6.915196990966797e+01, 6.587427266438802e+01, 2.516512235005696e+01, 7.387102508544922e+01, 1.924097418785095e+00, -7.059155676099989e+00, -1.416056240598361e+00, -3.576244735717773e+01, -1.099680540296766e+01, -3.129597918192546e+01, -3.661311213175455e+01, -2.958522796630859e+01, -2.506937980651855e+01, -1.936862881978353e+01, -1.33455990685357e+01, -4.677644856770834e+01, -1.211525344848633e+01, -3.792041524251302e+01, -6.82242907418145e+00, -3.206850814819336e+01, -2.224804751078288e+01, -3.20345884958903e+01, -5.551817576090495e+01, -3.48643438551161e+01, -7.972897317674425e+00, -4.983417892456055e+01, -1.999738311767578e+01, -4.770196363661024e+01, 1.025315125783285e+01, -2.388886155022515e+01, -2.590687306722005e+01, -4.620501454671224e+01, -1.607958666483561e+01, -4.083320575290256e+01, -1.987872314453125e+01, -1.849700440300835e+01, -6.965548409356011e+00, -2.092738405863444e+01, -2.169252353244358e+01, -2.773180982801649e+01, -4.368976434071858e+00, 1.148255125681559e+01, 1.668723731570774e+01, 3.396221542358398e+01, -1.049821779463026e+01, -2.009285052617391e+00, -6.452341715494792e+00, -4.76284466849433e+00, -5.247862550947401e+00, -1.767938335736593e+00, -4.622820715109507e-01, -4.523167663150364e+00, -1.073776054382324e+01, -2.922794935438368e+01, 2.45965666241116e+00, -2.38291384379069e+01, -1.12687931060791e+01, -1.12687931060791e+01, -1.12687931060791e+01, -1.12687931060791e+01, -1.12687931060791e+01, -1.12687931060791e+01, -1.12687931060791e+01]
heaSys.Qhea[6]=[7.5e+02, 0e+00, 0e+00, 0e+00, 0e+00, 0e+00, 0e+00, 0e+00, 0e+00, 0e+00, 0e+00, 0e+00, 0e+00, 0e+00, 0e+00, 0e+00, 0e+00, 0e+00, 0e+00, 0e+00, 0e+00, 0e+00, 0e+00, 0e+00, 0e+00, 1.978010368347168e+01, 0e+00, 3.013002967834473e+01, 8.375078201293945e+00, 3.517358567979601e+01, 3.065868377685547e+01, 7.03780025906033e+01, 7.574361843532986e+01, 7.842931365966797e+01, 6.35745357937283e+01, 7.201771291097005e+01, 2.961342620849609e+01, 5.925784259372287e+01, 2.96458502875434e+01, 5.684692001342773e+01, 4.393418365054661e+00, 4.551815202501085e+01, 0e+00, 0e+00, 0e+00, 0e+00, 0e+00, 0e+00, 0e+00, 0e+00, 0e+00, 0e+00, 8.416564994388156e-01, 7.716224590937296e-01, 9.52853798866272e-01, 9.077511297331916e-01, 6.593133939637078e-01, 1.017178972562154e+00, 7.516319884194268e-01, 6.692745950486925e-01, 9.402742385864258e-01, 9.271143939759996e-01, 7.298420800103081e-01, 7.416840791702271e-01, 7.806434300210741e-01, 7.828782664404975e-01, 8.392439484596252e-01, 6.90659138891432e-01, 8.475990229182773e-01, 9.562441309293112e-01, 7.720607320467631e-01, 8.505154119597541e-01, 1.042111396789551e+00, 9.955918921364678e-01, 8.168973326683044e-01, 9.885510206222534e-01, 9.511100914743211e-01, 9.219625062412686e-01, 9.43829079469045e-01, 9.696067571640015e-01, 4.102711412641737e+00, 2.725464820861816e+01, 0e+00, 0e+00, 0e+00, 0e+00, 0e+00, 0e+00, 0e+00, 0e+00, 0e+00, 0e+00, 0e+00, 0e+00, 8.514999747276306e-01, 8.514999747276306e-01, 8.514999747276306e-01, 8.514999747276306e-01, 8.514999747276306e-01, 8.514999747276306e-01, 8.514999747276306e-01]
heaSys.heaSche.Pel_IDEAL[6]=[6.414999961853027e-01, 6.414999961853027e-01, 6.414999961853027e-01, 6.414999961853027e-01, 6.414999961853027e-01, 6.414999961853027e-01, 6.414999961853027e-01, 6.414999961853027e-01, 6.414999961853027e-01, 6.414999961853027e-01, 6.414999961853027e-01, 5.637077556716071e-01, 8.288944363594055e-01, 8.090947932667203e-01, 7.646678355005052e-01, 8.574405113855997e-01, 9.236059387524923e-01, 8.407445086373223e-01, 9.760252237319946e-01, 7.905506160524156e-01, 9.015504916508993e-01, 8.152259389559428e-01, 7.962058981259664e-01, 8.977580732769437e-01, 8.525000015894572e-01, 7.172546916537815e+00, 9.025453329086304e-01, 4.24285364151001e+00, 8.375078201293945e+00, 3.517358567979601e+01, 3.065868377685547e+01, 7.03780025906033e+01, 7.574361843532986e+01, 7.842931365966797e+01, 6.35745357937283e+01, 7.201771291097005e+01, 2.961342620849609e+01, 5.925784259372287e+01, 2.96458502875434e+01, 5.684692001342773e+01, 4.393418365054661e+00, 8.198534515168932e-01, 9.503834446271261e-01, 8.376047677463956e-01, 9.123669995201958e-01, 9.468863010406494e-01, 8.202339741918776e-01, 9.073164131906297e-01, 8.080288767814636e-01, 8.689974678887261e-01, 8.709011475245158e-01, 7.693395415941874e-01, 8.416564994388156e-01, 7.716224590937296e-01, 9.52853798866272e-01, 9.077511297331916e-01, 6.593133939637078e-01, 1.017178972562154e+00, 7.516319884194268e-01, 6.692745950486925e-01, 9.402742385864258e-01, 9.271143939759996e-01, 7.298420800103081e-01, 7.416840791702271e-01, 7.806434300210741e-01, 7.828782664404975e-01, 8.392439484596252e-01, 6.90659138891432e-01, 8.475990229182773e-01, 9.562441309293112e-01, 7.720607320467631e-01, 8.505154119597541e-01, 1.042111396789551e+00, 9.955918921364678e-01, 8.168973326683044e-01, 9.885510206222534e-01, 9.511100914743211e-01, 9.219625062412686e-01, 9.43829079469045e-01, 9.696067571640015e-01, 4.102711412641737e+00, 2.725464820861816e+01, 7.936586168077257e+00, 2.937664376364814e+00, 8.910453319549561e-01, 8.657487299707201e-01, 8.907120360268487e-01, 8.843346834182739e-01, 8.896610140800476e-01, 8.333342141575284e-01, 8.083950877189636e-01, 7.970688078138564e-01, 8.681218359205458e-01, 8.014073371887207e-01, 8.514999747276306e-01, 8.514999747276306e-01, 8.514999747276306e-01, 8.514999747276306e-01, 8.514999747276306e-01, 8.514999747276306e-01, 8.514999747276306e-01]
