last-generated=2023-05-02
statistics-initialization=
{
  "nonlinear": "2, 8, 8, 8",
  "numerical Jacobians": "0"
}
statistics-simulation=
{
  "linear": "0, 0, 0, 0, 0, 0, 0, 0, 0, 0, 0, 0, 0, 0, 0, 0, 0, 0, 0, 0, 0, 0, 0, 0, 0, 0, 0,   0, 0, 0, 0, 0, 0, 0, 0, 0, 4, 4, 4, 0, 0, 0, 0, 0, 0, 4, 4, 4, 0, 0, 0, 0, 0,   4, 4, 4, 0, 0, 0",
  "nonlinear": "1",
  "number of continuous time states": "132",
  "numerical Jacobians": "0"
}
time=[0e+00, 2e+06]
structure.TSensor[1]=[2.931499938964844e+02, 2.925654907226562e+02, 2.924126892089844e+02, 2.921793823242188e+02, 2.918732299804688e+02, 2.9158935546875e+02, 2.914381408691406e+02, 2.918473205566406e+02, 2.913289184570312e+02, 2.910777282714844e+02, 2.908237915039062e+02, 2.91007080078125e+02, 2.906974792480469e+02, 2.903992614746094e+02, 2.901550598144531e+02, 2.901736450195312e+02, 2.899483642578125e+02, 2.896900329589844e+02, 2.895091552734375e+02, 2.894185791015625e+02, 2.893865661621094e+02, 2.891074523925781e+02, 2.888818969726562e+02, 2.886860656738281e+02, 2.888035278320312e+02, 2.885405883789062e+02, 2.883546447753906e+02, 2.881313171386719e+02, 2.880992736816406e+02, 2.880025024414062e+02, 2.878884582519531e+02, 2.877799072265625e+02, 2.878162536621094e+02, 2.880947265625e+02, 2.876635437011719e+02, 2.874417724609375e+02, 2.872341918945312e+02, 2.876059265136719e+02, 2.873561706542969e+02, 2.87102783203125e+02, 2.868804931640625e+02, 2.868636169433594e+02, 2.867327575683594e+02, 2.864811706542969e+02, 2.862893981933594e+02, 2.862004699707031e+02, 2.863608093261719e+02, 2.861522827148438e+02, 2.860159606933594e+02, 2.858825073242188e+02, 2.859409484863281e+02, 2.858299560546875e+02, 2.857314758300781e+02, 2.856512756347656e+02, 2.8566943359375e+02, 2.855980529785156e+02, 2.855025329589844e+02, 2.853876037597656e+02, 2.8552294921875e+02, 2.858417663574219e+02, 2.853763732910156e+02, 2.85184326171875e+02, 2.851258239746094e+02, 2.857462158203125e+02, 2.853376770019531e+02, 2.851979675292969e+02, 2.850829467773438e+02, 2.853124084472656e+02, 2.851513671875e+02, 2.849683227539062e+02, 2.848505249023438e+02, 2.847926025390625e+02, 2.850981750488281e+02, 2.84635498046875e+02, 2.844365234375e+02, 2.843102111816406e+02, 2.84828369140625e+02, 2.844105529785156e+02, 2.841676940917969e+02, 2.839377136230469e+02, 2.846652221679688e+02, 2.845611877441406e+02, 2.841225280761719e+02, 2.838532409667969e+02, 2.843812561035156e+02, 2.84785400390625e+02, 2.841005249023438e+02, 2.838067932128906e+02, 2.837705688476562e+02, 2.84542724609375e+02, 2.841010131835938e+02, 2.838258972167969e+02, 2.836199645996094e+02, 2.835322265625e+02, 2.833514709472656e+02, 2.831898803710938e+02, 2.830137939453125e+02, 2.832698059082031e+02, 2.835905456542969e+02, 2.83080078125e+02, 2.829052429199219e+02]
structure.TSensor[2]=[2.931499938964844e+02, 2.925605163574219e+02, 2.924493713378906e+02, 2.922829284667969e+02, 2.920343322753906e+02, 2.917979125976562e+02, 2.916842346191406e+02, 2.921665954589844e+02, 2.916249084472656e+02, 2.913489379882812e+02, 2.910928649902344e+02, 2.912984008789062e+02, 2.909776000976562e+02, 2.906385498046875e+02, 2.90373779296875e+02, 2.903844909667969e+02, 2.901592407226562e+02, 2.898553466796875e+02, 2.896492309570312e+02, 2.895400695800781e+02, 2.895022888183594e+02, 2.891847839355469e+02, 2.889275817871094e+02, 2.887090454101562e+02, 2.888274536132812e+02, 2.885399169921875e+02, 2.883197021484375e+02, 2.880775451660156e+02, 2.880337524414062e+02, 2.879303283691406e+02, 2.877971496582031e+02, 2.87672119140625e+02, 2.876916809082031e+02, 2.879968566894531e+02, 2.875160827636719e+02, 2.872654113769531e+02, 2.870540161132812e+02, 2.874653015136719e+02, 2.872091979980469e+02, 2.869182739257812e+02, 2.866910400390625e+02, 2.866821899414062e+02, 2.865679016113281e+02, 2.862975463867188e+02, 2.860956420898438e+02, 2.860021057128906e+02, 2.861755065917969e+02, 2.859466552734375e+02, 2.857857666015625e+02, 2.856371765136719e+02, 2.856986694335938e+02, 2.855702514648438e+02, 2.854598999023438e+02, 2.853726501464844e+02, 2.853905639648438e+02, 2.853212890625e+02, 2.852190551757812e+02, 2.8509912109375e+02, 2.852388916015625e+02, 2.855852661132812e+02, 2.850944213867188e+02, 2.848878479003906e+02, 2.848382263183594e+02, 2.855024108886719e+02, 2.850806884765625e+02, 2.849242858886719e+02, 2.848157958984375e+02, 2.850711669921875e+02, 2.849291381835938e+02, 2.847208251953125e+02, 2.846019287109375e+02, 2.845528259277344e+02, 2.848875732421875e+02, 2.844084777832031e+02, 2.841875610351562e+02, 2.840598449707031e+02, 2.846328735351562e+02, 2.84179931640625e+02, 2.838968505859375e+02, 2.836596984863281e+02, 2.844465942382812e+02, 2.843427124023438e+02, 2.83818115234375e+02, 2.835224914550781e+02, 2.840800476074219e+02, 2.845306396484375e+02, 2.837706604003906e+02, 2.834304504394531e+02, 2.833916015625e+02, 2.842430725097656e+02, 2.837525634765625e+02, 2.834086303710938e+02, 2.831957092285156e+02, 2.831202087402344e+02, 2.829432067871094e+02, 2.827729187011719e+02, 2.825877380371094e+02, 2.828434143066406e+02, 2.832033996582031e+02, 2.82618896484375e+02, 2.824035949707031e+02]
structure.TSensor[3]=[2.931499938964844e+02, 2.925091857910156e+02, 2.922498168945312e+02, 2.918776550292969e+02, 2.914173583984375e+02, 2.909774475097656e+02, 2.906727905273438e+02, 2.911196594238281e+02, 2.904776611328125e+02, 2.900830688476562e+02, 2.89700927734375e+02, 2.898560791015625e+02, 2.89495849609375e+02, 2.890923767089844e+02, 2.887488708496094e+02, 2.886985473632812e+02, 2.884671020507812e+02, 2.881200256347656e+02, 2.878713989257812e+02, 2.87739501953125e+02, 2.877425231933594e+02, 2.874558410644531e+02, 2.872137756347656e+02, 2.869894409179688e+02, 2.871463623046875e+02, 2.868794555664062e+02, 2.866592407226562e+02, 2.864049682617188e+02, 2.863553771972656e+02, 2.862629089355469e+02, 2.861734008789062e+02, 2.861134033203125e+02, 2.862171325683594e+02, 2.866680603027344e+02, 2.862468566894531e+02, 2.86000732421875e+02, 2.857567443847656e+02, 2.862227478027344e+02, 2.859939575195312e+02, 2.856821899414062e+02, 2.853999633789062e+02, 2.853371276855469e+02, 2.852013854980469e+02, 2.848861083984375e+02, 2.846257934570312e+02, 2.844804382324219e+02, 2.84659423828125e+02, 2.844707336425781e+02, 2.843690490722656e+02, 2.842602844238281e+02, 2.843829956054688e+02, 2.842898864746094e+02, 2.842265625e+02, 2.841837768554688e+02, 2.842510681152344e+02, 2.842407836914062e+02, 2.842072143554688e+02, 2.8413818359375e+02, 2.843228759765625e+02, 2.847980346679688e+02, 2.843206176757812e+02, 2.840770263671875e+02, 2.839591979980469e+02, 2.847004699707031e+02, 2.842763366699219e+02, 2.841085510253906e+02, 2.839736633300781e+02, 2.842467651367188e+02, 2.841361083984375e+02, 2.839050598144531e+02, 2.837485656738281e+02, 2.83670166015625e+02, 2.840496520996094e+02, 2.835540466308594e+02, 2.832640686035156e+02, 2.830474243164062e+02, 2.836629638671875e+02, 2.83192138671875e+02, 2.828446655273438e+02, 2.825052795410156e+02, 2.833193054199219e+02, 2.832560119628906e+02, 2.827044067382812e+02, 2.823093872070312e+02, 2.828247375488281e+02, 2.833300476074219e+02, 2.825687866210938e+02, 2.821573486328125e+02, 2.820200500488281e+02, 2.829422302246094e+02, 2.825098571777344e+02, 2.821302795410156e+02, 2.8182666015625e+02, 2.816694946289062e+02, 2.814251708984375e+02, 2.812005004882812e+02, 2.809722290039062e+02, 2.81240234375e+02, 2.817275695800781e+02, 2.811991271972656e+02, 2.809736328125e+02]
