last-generated=2021-09-17
statistics-simulation=
{
  "linear": "0",
  "nonlinear": " ",
  "number of continuous time states": "6",
  "numerical Jacobians": "0"
}
time=[0e+00, 1.728e+05]
TSet.y=[2.891499938964844e+02, 2.891499938964844e+02, 2.891499938964844e+02, 2.891499938964844e+02, 2.891499938964844e+02, 2.891499938964844e+02, 2.891499938964844e+02, 2.891499938964844e+02, 2.891499938964844e+02, 2.891499938964844e+02, 2.891499938964844e+02, 2.891499938964844e+02, 2.891499938964844e+02, 2.891499938964844e+02, 2.891499938964844e+02, 2.931499938964844e+02, 2.931499938964844e+02, 2.931499938964844e+02, 2.931499938964844e+02, 2.931499938964844e+02, 2.931499938964844e+02, 2.931499938964844e+02, 2.931499938964844e+02, 2.931499938964844e+02, 2.931499938964844e+02, 2.931499938964844e+02, 2.931499938964844e+02, 2.931499938964844e+02, 2.931499938964844e+02, 2.931499938964844e+02, 2.931499938964844e+02, 2.931499938964844e+02, 2.931499938964844e+02, 2.931499938964844e+02, 2.931499938964844e+02, 2.931499938964844e+02, 2.931499938964844e+02, 2.931499938964844e+02, 2.931499938964844e+02, 2.931499938964844e+02, 2.891499938964844e+02, 2.891499938964844e+02, 2.891499938964844e+02, 2.891499938964844e+02, 2.891499938964844e+02, 2.891499938964844e+02, 2.891499938964844e+02, 2.891499938964844e+02, 2.891499938964844e+02, 2.891499938964844e+02, 2.891499938964844e+02, 2.891499938964844e+02, 2.891499938964844e+02, 2.891499938964844e+02, 2.891499938964844e+02, 2.891499938964844e+02, 2.891499938964844e+02, 2.891499938964844e+02, 2.891499938964844e+02, 2.891499938964844e+02, 2.891499938964844e+02, 2.891499938964844e+02, 2.891499938964844e+02, 2.891499938964844e+02, 2.891499938964844e+02, 2.931499938964844e+02, 2.931499938964844e+02, 2.931499938964844e+02, 2.931499938964844e+02, 2.931499938964844e+02, 2.931499938964844e+02, 2.931499938964844e+02, 2.931499938964844e+02, 2.931499938964844e+02, 2.931499938964844e+02, 2.931499938964844e+02, 2.931499938964844e+02, 2.931499938964844e+02, 2.931499938964844e+02, 2.931499938964844e+02, 2.931499938964844e+02, 2.931499938964844e+02, 2.931499938964844e+02, 2.931499938964844e+02, 2.931499938964844e+02, 2.931499938964844e+02, 2.931499938964844e+02, 2.931499938964844e+02, 2.931499938964844e+02, 2.931499938964844e+02, 2.891499938964844e+02, 2.891499938964844e+02, 2.891499938964844e+02, 2.891499938964844e+02, 2.891499938964844e+02, 2.891499938964844e+02, 2.891499938964844e+02, 2.891499938964844e+02, 2.891499938964844e+02, 2.891499938964844e+02, 2.891499938964844e+02]
TOut.y=[2.901499938964844e+02, 2.901894226074219e+02, 2.903070983886719e+02, 2.905011291503906e+02, 2.907684631347656e+02, 2.911049194335938e+02, 2.915051574707031e+02, 2.91962890625e+02, 2.924708557128906e+02, 2.930211181640625e+02, 2.936049194335938e+02, 2.942131042480469e+02, 2.948360595703125e+02, 2.954639587402344e+02, 2.960869140625e+02, 2.966950988769531e+02, 2.972789001464844e+02, 2.978291320800781e+02, 2.983371276855469e+02, 2.987948303222656e+02, 2.991950988769531e+02, 2.995315246582031e+02, 2.997988891601562e+02, 2.99992919921875e+02, 3.001105651855469e+02, 3.001499938964844e+02, 3.001105651855469e+02, 2.99992919921875e+02, 2.997988891601562e+02, 2.995315246582031e+02, 2.991950988769531e+02, 2.987948303222656e+02, 2.983371276855469e+02, 2.978291320800781e+02, 2.972789001464844e+02, 2.966950988769531e+02, 2.960869140625e+02, 2.954639587402344e+02, 2.948360595703125e+02, 2.942131042480469e+02, 2.936049194335938e+02, 2.930211181640625e+02, 2.924708557128906e+02, 2.91962890625e+02, 2.915051574707031e+02, 2.911049194335938e+02, 2.907684631347656e+02, 2.905011291503906e+02, 2.903070983886719e+02, 2.901894226074219e+02, 2.901499938964844e+02, 2.901894226074219e+02, 2.903070983886719e+02, 2.905011291503906e+02, 2.907684631347656e+02, 2.911049194335938e+02, 2.915051574707031e+02, 2.91962890625e+02, 2.924708557128906e+02, 2.930211181640625e+02, 2.936049194335938e+02, 2.942131042480469e+02, 2.948360595703125e+02, 2.954639587402344e+02, 2.960869140625e+02, 2.966950988769531e+02, 2.972789001464844e+02, 2.978291320800781e+02, 2.983371276855469e+02, 2.987948303222656e+02, 2.991950988769531e+02, 2.995315246582031e+02, 2.997988891601562e+02, 2.99992919921875e+02, 3.001105651855469e+02, 3.001499938964844e+02, 3.001105651855469e+02, 2.99992919921875e+02, 2.997988891601562e+02, 2.995315246582031e+02, 2.991950988769531e+02, 2.987948303222656e+02, 2.983371276855469e+02, 2.978291320800781e+02, 2.972789001464844e+02, 2.966950988769531e+02, 2.960869140625e+02, 2.954639587402344e+02, 2.948360595703125e+02, 2.942131042480469e+02, 2.936049194335938e+02, 2.930211181640625e+02, 2.924708557128906e+02, 2.91962890625e+02, 2.915051574707031e+02, 2.911049194335938e+02, 2.907684631347656e+02, 2.905011291503906e+02, 2.903070983886719e+02, 2.901894226074219e+02, 2.901499938964844e+02]
TVol.T=[2.891499938964844e+02, 2.890717468261719e+02, 2.891900329589844e+02, 2.891500854492188e+02, 2.891499938964844e+02, 2.891499938964844e+02, 2.891499938964844e+02, 2.891499938964844e+02, 2.891499938964844e+02, 2.891499938964844e+02, 2.891499938964844e+02, 2.891499938964844e+02, 2.891499938964844e+02, 2.891499938964844e+02, 2.891499938964844e+02, 2.894725952148438e+02, 2.902336120605469e+02, 2.909750061035156e+02, 2.916949768066406e+02, 2.923909912109375e+02, 2.930599365234375e+02, 2.931500244140625e+02, 2.931499938964844e+02, 2.931499938964844e+02, 2.931499938964844e+02, 2.931499938964844e+02, 2.931499938964844e+02, 2.931499938964844e+02, 2.931499938964844e+02, 2.931499938964844e+02, 2.931499938964844e+02, 2.931499938964844e+02, 2.931499938964844e+02, 2.931499938964844e+02, 2.931499938964844e+02, 2.931499938964844e+02, 2.931499938964844e+02, 2.931499938964844e+02, 2.931499938964844e+02, 2.931499938964844e+02, 2.923056030273438e+02, 2.903829956054688e+02, 2.890553283691406e+02, 2.891507568359375e+02, 2.891499938964844e+02, 2.891499938964844e+02, 2.891499938964844e+02, 2.891499938964844e+02, 2.891499938964844e+02, 2.891499938964844e+02, 2.891499938964844e+02, 2.891499938964844e+02, 2.891499938964844e+02, 2.891499938964844e+02, 2.891499938964844e+02, 2.891499938964844e+02, 2.891499938964844e+02, 2.891499938964844e+02, 2.891499938964844e+02, 2.891499938964844e+02, 2.891499938964844e+02, 2.891499938964844e+02, 2.891499938964844e+02, 2.891499938964844e+02, 2.891499938964844e+02, 2.894725952148438e+02, 2.902336120605469e+02, 2.909750061035156e+02, 2.916949768066406e+02, 2.923909912109375e+02, 2.930599365234375e+02, 2.931500244140625e+02, 2.931499938964844e+02, 2.931499938964844e+02, 2.931499938964844e+02, 2.931499938964844e+02, 2.931499938964844e+02, 2.931499938964844e+02, 2.931499938964844e+02, 2.931499938964844e+02, 2.931499938964844e+02, 2.931499938964844e+02, 2.931499938964844e+02, 2.931499938964844e+02, 2.931499938964844e+02, 2.931499938964844e+02, 2.931499938964844e+02, 2.931499938964844e+02, 2.931499938964844e+02, 2.931499938964844e+02, 2.923056030273438e+02, 2.903829956054688e+02, 2.890553283691406e+02, 2.891507568359375e+02, 2.891499938964844e+02, 2.891499938964844e+02, 2.891499938964844e+02, 2.891499938964844e+02, 2.891499938964844e+02, 2.891499938964844e+02, 2.891499938964844e+02]
THeaOut.T=[2.891499938964844e+02, 2.890716552734375e+02, 2.8918994140625e+02, 2.891495056152344e+02, 2.891492919921875e+02, 2.891491394042969e+02, 2.891489562988281e+02, 2.891487426757812e+02, 2.891485290527344e+02, 2.891482849121094e+02, 2.891480407714844e+02, 2.891477661132812e+02, 2.891474914550781e+02, 2.89147216796875e+02, 2.891469421386719e+02, 2.894721374511719e+02, 2.90233154296875e+02, 2.90974609375e+02, 2.91694580078125e+02, 2.923905944824219e+02, 2.930595703125e+02, 2.931471862792969e+02, 2.931470642089844e+02, 2.9314697265625e+02, 2.931469116210938e+02, 2.931469116210938e+02, 2.931469116210938e+02, 2.9314697265625e+02, 2.931470642089844e+02, 2.931471862792969e+02, 2.931473388671875e+02, 2.931474914550781e+02, 2.93147705078125e+02, 2.931479187011719e+02, 2.931481628417969e+02, 2.931484375e+02, 2.931487121582031e+02, 2.931489868164062e+02, 2.931492614746094e+02, 2.931495361328125e+02, 2.922979125976562e+02, 2.903752136230469e+02, 2.890551147460938e+02, 2.891495056152344e+02, 2.891489562988281e+02, 2.891491394042969e+02, 2.891492919921875e+02, 2.891494140625e+02, 2.891494750976562e+02, 2.891495361328125e+02, 2.891495666503906e+02, 2.891495361328125e+02, 2.891494750976562e+02, 2.891494140625e+02, 2.891492919921875e+02, 2.891491394042969e+02, 2.891489562988281e+02, 2.891487426757812e+02, 2.891485290527344e+02, 2.891482849121094e+02, 2.891480407714844e+02, 2.891477661132812e+02, 2.891474914550781e+02, 2.89147216796875e+02, 2.891469421386719e+02, 2.894721374511719e+02, 2.90233154296875e+02, 2.90974609375e+02, 2.91694580078125e+02, 2.923905944824219e+02, 2.930595703125e+02, 2.931471862792969e+02, 2.931470642089844e+02, 2.9314697265625e+02, 2.931469116210938e+02, 2.931469116210938e+02, 2.931469116210938e+02, 2.9314697265625e+02, 2.931470642089844e+02, 2.931471862792969e+02, 2.931473388671875e+02, 2.931474914550781e+02, 2.93147705078125e+02, 2.931479187011719e+02, 2.931481628417969e+02, 2.931484375e+02, 2.931487121582031e+02, 2.931489868164062e+02, 2.931492614746094e+02, 2.931495361328125e+02, 2.922979125976562e+02, 2.903752136230469e+02, 2.890551147460938e+02, 2.891494750976562e+02, 2.891489562988281e+02, 2.891491394042969e+02, 2.891492919921875e+02, 2.891494140625e+02, 2.891494750976562e+02, 2.891495361328125e+02, 2.891495666503906e+02]
coo.TSet=[2.831499938964844e+02, 3.031499938964844e+02, 3.003883972167969e+02, 2.891494750976562e+02, 2.891492919921875e+02, 2.891491394042969e+02, 2.891489562988281e+02, 2.891487426757812e+02, 2.891485290527344e+02, 2.891482849121094e+02, 2.891480407714844e+02, 2.891477661132812e+02, 2.891474914550781e+02, 2.89147216796875e+02, 2.891469421386719e+02, 3.031499938964844e+02, 3.031499938964844e+02, 3.031499938964844e+02, 3.031499938964844e+02, 3.031499938964844e+02, 3.031499938964844e+02, 2.931471862792969e+02, 2.931470642089844e+02, 2.9314697265625e+02, 2.931469116210938e+02, 2.931469116210938e+02, 2.931469116210938e+02, 2.9314697265625e+02, 2.931470642089844e+02, 2.931471862792969e+02, 2.931473388671875e+02, 2.931474914550781e+02, 2.93147705078125e+02, 2.931479187011719e+02, 2.931481628417969e+02, 2.931484375e+02, 2.931487121582031e+02, 2.931489868164062e+02, 2.931492614746094e+02, 2.931495361328125e+02, 2.831499938964844e+02, 2.831499938964844e+02, 2.962586975097656e+02, 2.891494445800781e+02, 2.891489562988281e+02, 2.891491394042969e+02, 2.891492919921875e+02, 2.891494140625e+02, 2.891494750976562e+02, 2.891495361328125e+02, 2.891495666503906e+02, 2.891495361328125e+02, 2.891494750976562e+02, 2.891494140625e+02, 2.891492919921875e+02, 2.891491394042969e+02, 2.891489562988281e+02, 2.891487426757812e+02, 2.891485290527344e+02, 2.891482849121094e+02, 2.891480407714844e+02, 2.891477661132812e+02, 2.891474914550781e+02, 2.89147216796875e+02, 2.891469421386719e+02, 3.031499938964844e+02, 3.031499938964844e+02, 3.031499938964844e+02, 3.031499938964844e+02, 3.031499938964844e+02, 3.031499938964844e+02, 2.931471862792969e+02, 2.931470642089844e+02, 2.9314697265625e+02, 2.931469116210938e+02, 2.931469116210938e+02, 2.931469116210938e+02, 2.9314697265625e+02, 2.931470642089844e+02, 2.931471862792969e+02, 2.931473388671875e+02, 2.931474914550781e+02, 2.93147705078125e+02, 2.931479187011719e+02, 2.931481628417969e+02, 2.931484375e+02, 2.931487121582031e+02, 2.931489868164062e+02, 2.931492614746094e+02, 2.931495361328125e+02, 2.831499938964844e+02, 2.831499938964844e+02, 2.962588195800781e+02, 2.891494140625e+02, 2.891489562988281e+02, 2.891491394042969e+02, 2.891492919921875e+02, 2.891494140625e+02, 2.891494750976562e+02, 2.891495361328125e+02, 2.891495666503906e+02]
coo.Q_flow=[-0e+00, -1.129679977893829e-01, -1.129679977893829e-01, -6.825704193115234e+01, -8.092337036132812e+01, -9.774559020996094e+01, -1.177577667236328e+02, -1.406435089111328e+02, -1.660408782958984e+02, -1.935528564453125e+02, -2.227440948486328e+02, -2.531535797119141e+02, -2.843018188476562e+02, -3.15697509765625e+02, -3.468458251953126e+02, -1.129679977893829e-01, -1.129679977893829e-01, -1.129679977893829e-01, -1.129679977893829e-01, -1.129679977893829e-01, -1.129679977893829e-01, -3.192242736816406e+02, -3.324441833496094e+02, -3.42144287109375e+02, -3.480276794433594e+02, -3.499999389648438e+02, -3.480299682617188e+02, -3.421529541015625e+02, -3.324678955078124e+02, -3.190780944824219e+02, -3.022586364746094e+02, -2.822505798339844e+02, -2.593583679199219e+02, -2.339644012451172e+02, -2.064677886962889e+02, -1.772997436523439e+02, -1.46853515625e+02, -1.157239227294922e+02, -8.4283935546875e+01, -5.317063522338867e+01, -9.998870239257812e+02, -9.998870239257812e+02, -1.129679977893829e-01, -1.444383087158203e+02, -1.177744445800781e+02, -9.774580383300781e+01, -8.092961883544922e+01, -6.756404876708984e+01, -5.78524169921875e+01, -5.196866226196289e+01, -4.999777603149414e+01, -5.196963500976562e+01, -5.785310363769531e+01, -6.755432891845703e+01, -8.088842010498047e+01, -9.770736694335953e+01, -1.177746353149416e+02, -1.406432189941404e+02, -1.660391235351562e+02, -1.935567932128906e+02, -2.227459564208984e+02, -2.531558990478516e+02, -2.843102111816406e+02, -3.157151184082031e+02, -3.468445434570312e+02, -1.129679977893829e-01, -1.129679977893829e-01, -1.129679977893829e-01, -1.129679977893829e-01, -1.129679977893829e-01, -1.129679977893829e-01, -3.192244873046875e+02, -3.324445495605469e+02, -3.421459045410156e+02, -3.480287475585938e+02, -3.500000610351562e+02, -3.480286865234375e+02, -3.421458435058594e+02, -3.324441833496094e+02, -3.190767517089844e+02, -3.022542114257812e+02, -2.822422180175781e+02, -2.593560791015625e+02, -2.339567565917969e+02, -2.064448547363281e+02, -1.772542877197266e+02, -1.468453826904297e+02, -1.156976699829102e+02, -8.430239105224609e+01, -5.315234375e+01, -9.998870239257812e+02, -9.998870239257812e+02, -1.129679977893829e-01, -1.455753784179688e+02, -1.177577819824219e+02, -9.774571228027344e+01, -8.092330932617188e+01, -6.755579376220703e+01, -5.785332870483398e+01, -5.196282196044922e+01, -4.999412536621094e+01]
