last-generated=2019-08-31
statistics-initialization=
{
  "nonlinear": "8, 5",
  "numerical Jacobians": "0"
}
statistics-simulation=
{
  "linear": "0, 0, 0, 0, 0, 0, 0, 0, 0, 0, 0, 0, 0, 5, 5, 0, 0, 0, 0, 0",
  "nonlinear": "1",
  "number of continuous time states": "37",
  "numerical Jacobians": "0"
}
structure.TSensor[1]=[2.931499938964844e+02, 2.959150390625e+02, 2.948719787597656e+02, 2.939678955078125e+02, 2.932376708984375e+02, 2.958203735351562e+02, 2.9486279296875e+02, 2.939630432128906e+02, 2.932295837402344e+02, 2.9577392578125e+02, 2.948007202148438e+02, 2.938951721191406e+02, 2.931601257324219e+02, 2.956684875488281e+02, 2.946566772460938e+02, 2.937695007324219e+02, 2.942529602050781e+02, 2.9548974609375e+02, 2.944558715820312e+02, 2.935958251953125e+02, 2.953591003417969e+02, 2.952220458984375e+02, 2.942064514160156e+02, 2.933880310058594e+02, 2.957278442382812e+02, 2.948964538574219e+02, 2.939292907714844e+02, 2.931620178222656e+02, 2.955787353515625e+02, 2.945484313964844e+02, 2.936623840332031e+02, 2.948941650390625e+02, 2.954254150390625e+02, 2.945134887695312e+02, 2.937696533203125e+02, 2.931795654296875e+02, 2.958744506835938e+02, 2.949478149414062e+02, 2.94126220703125e+02, 2.934858093261719e+02, 2.954170532226562e+02, 2.956369323730469e+02, 2.947290954589844e+02, 2.940063781738281e+02, 2.934340209960938e+02, 2.955567016601562e+02, 2.956781921386719e+02, 2.947579956054688e+02, 2.940156555175781e+02, 2.934356384277344e+02, 2.955453491210938e+02, 2.9561181640625e+02, 2.946703796386719e+02, 2.939075317382812e+02, 2.933244018554688e+02, 2.959299926757812e+02, 2.952249755859375e+02, 2.942961120605469e+02, 2.93561279296875e+02, 2.948440551757812e+02, 2.955347595214844e+02, 2.945415649414062e+02, 2.937281188964844e+02, 2.934660339355469e+02, 2.956649475097656e+02, 2.946613159179688e+02, 2.938012084960938e+02, 2.931510620117188e+02, 2.956639709472656e+02, 2.946517944335938e+02, 2.9376904296875e+02, 2.938083801269531e+02, 2.955421142578125e+02, 2.945054626464844e+02, 2.936294555664062e+02, 2.950538940429688e+02, 2.952875061035156e+02, 2.942507629394531e+02, 2.934075927734375e+02, 2.956881408691406e+02, 2.949038696289062e+02, 2.939091186523438e+02, 2.933081665039062e+02, 2.954860229492188e+02, 2.944154663085938e+02, 2.934927368164062e+02, 2.9557470703125e+02, 2.948811645507812e+02, 2.938359069824219e+02, 2.9443505859375e+02, 2.952160339355469e+02, 2.940955810546875e+02, 2.931684265136719e+02, 2.953909301757812e+02, 2.942645874023438e+02, 2.932774963378906e+02, 2.954625549316406e+02, 2.943724365234375e+02, 2.933507385253906e+02, 2.954789733886719e+02, 2.944237365722656e+02]
time=[0e+00, 1e+05]
heating.QHeaSys=[0e+00, 1.35962841796875e+03, 7.714630126953125e+02, 4.695440673828125e+02, 3.02239501953125e+02, 1.512447265625e+03, 8.438424072265625e+02, 5.072490234374998e+02, 3.232384033203125e+02, 1.509151977539062e+03, 8.426054077148438e+02, 5.067618713378906e+02, 3.230130920410156e+02, 1.419269287109375e+03, 7.996071166992181e+02, 4.838899536132812e+02, 2.269241455078125e+03, 1.286806640625e+03, 7.349085083007812e+02, 4.491978149414062e+02, 2.14182373046875e+03, 1.126154907226562e+03, 6.543421020507812e+02, 4.053234558105469e+02, 1.766339233398438e+03, 9.634822998046875e+02, 5.706688842773438e+02, 3.588787231445312e+02, 1.439240234374997e+03, 8.097684936523455e+02, 4.890842895507812e+02, 2.24761669921875e+03, 1.202537109375e+03, 6.89498046875e+02, 4.220164184570312e+02, 2.722159118652344e+02, 1.4276357421875e+03, 8.0141943359375e+02, 4.830183715820312e+02, 3.075159606933594e+02, 2.1354951171875e+03, 1.115368530273438e+03, 6.459599609375e+02, 3.98340087890625e+02, 2.585386962890625e+02, 2.082860595703125e+03, 1.093073364257812e+03, 6.352080688476562e+02, 3.931769409179688e+02, 2.559673461914062e+02, 2.083226318359375e+03, 1.0945478515625e+03, 6.365916748046875e+02, 3.945134582519531e+02, 2.569701843261719e+02, 1.75396374511718e+03, 9.549094848632776e+02, 5.653485717773459e+02, 3.552632751464856e+02, 2.245978515625e+03, 1.202360961914062e+03, 6.919432373046875e+02, 4.25294189453125e+02, 2.29136865234375e+03, 1.356683837890625e+03, 7.686661376953125e+02, 4.670162048339844e+02, 2.991718139648438e+02, 1.4043740234375e+03, 7.9232666015625e+02, 4.799916687011719e+02, 2.283515380859375e+03, 1.335638671875e+03, 7.591213989257812e+02, 4.623752746582031e+02, 2.2413798828125e+03, 1.181752075195312e+03, 6.827432250976562e+02, 4.211015319824219e+02, 1.8272451171875e+03, 9.915670776367188e+02, 5.857172241210938e+02, 2.246296875e+03, 1.406836547851562e+03, 7.949761962890625e+02, 4.823657836914062e+02, 1.940158203125e+03, 1.043276245117188e+03, 6.13302490234375e+02, 2.265318359375e+03, 1.29231982421875e+03, 7.398442993164062e+02, 4.534471435546875e+02, 1.492748291015625e+03, 8.383380737304688e+02, 5.065694580078125e+02, 1.633077026367188e+03, 9.054452514648438e+02, 5.422196655273438e+02, 1.72722265625e+03, 9.49916015625e+02]
