last-generated=2015-08-14
statistics-simulation=
{
  "numerical Jacobians": "0", 
  "nonlinear": "1", 
  "number of continuous time states": "43", 
  "linear": "0, 0, 0, 5, 0, 0, 0, 0, 0, 0, 0, 0, 0, 0, 6, 2"
}
zone.TSensor=[294.72607421875, 292.213592529296875, 291.441314697265625, 290.739990234375, 290.2188720703125, 289.9481201171875, 289.66009521484375, 289.261810302734375, 288.82177734375, 288.342010498046875, 287.825775146484375, 287.3074951171875, 286.802093505859375, 286.4263916015625, 286.12969970703125, 285.760406494140625, 285.339263916015625, 284.90130615234375, 284.452880859375, 284.04534912109375, 283.6766357421875, 283.388519287109375, 283.30828857421875, 283.243438720703125, 283.07080078125, 282.85284423828125, 282.600433349609375, 282.3121337890625, 282.001068115234375, 281.674591064453125, 281.4742431640625, 281.497039794921875, 281.408843994140625, 281.1339111328125, 280.775543212890625, 280.372100830078125, 279.95458984375, 279.529632568359375, 279.1265869140625, 279.15118408203125, 279.593994140625, 279.615081787109375, 279.4486083984375, 279.24114990234375, 279.008697509765625, 278.752716064453125, 278.501708984375, 278.30328369140625, 278.21405029296875, 278.312347412109375, 278.19805908203125, 277.990692138671875, 277.77471923828125, 277.557464599609375, 277.363250732421875, 277.184295654296875, 277.156890869140625, 277.33245849609375, 277.388397216796875, 277.301727294921875, 277.177490234375, 277.012939453125, 276.7938232421875, 276.53399658203125, 276.2916259765625, 276.28033447265625, 276.34893798828125, 276.268951416015625, 276.09613037109375, 275.90972900390625, 275.70159912109375, 275.494171142578125, 275.29229736328125, 275.1517333984375, 275.19482421875, 275.231658935546875, 275.145294189453125, 275.0399169921875, 274.9110107421875, 274.787872314453125, 274.6658935546875, 274.553009033203125, 274.578887939453125, 274.773040771484375, 274.88909912109375, 274.905548095703125, 274.870697021484375, 274.807281494140625, 274.73590087890625, 274.67413330078125, 274.66595458984375, 275.00677490234375, 275.4918212890625, 275.6856689453125, 275.6878662109375, 275.57098388671875, 275.3126220703125, 274.8817138671875, 274.38787841796875, 273.991241455078125, 273.82720947265625]
zone1.TSensor=[295.462860107421875, 292.1331787109375, 291.402557373046875, 290.9781494140625, 292.225921630859375, 293.383331298828125, 292.122650146484375, 290.8818359375, 289.9027099609375, 289.086578369140625, 288.41644287109375, 287.80621337890625, 287.582000732421875, 288.68365478515625, 288.560272216796875, 287.328704833984375, 286.362884521484375, 285.5296630859375, 284.944305419921875, 284.442413330078125, 284.0379638671875, 284.683441162109375, 285.589080810546875, 285.13330078125, 284.24884033203125, 283.570343017578125, 283.044891357421875, 282.57867431640625, 282.172027587890625, 281.9412841796875, 283.822540283203125, 285.1292724609375, 283.709991455078125, 282.447662353515625, 281.51715087890625, 280.848388671875, 280.254730224609375, 279.757904052734375, 280.068756103515625, 284.05780029296875, 285.193023681640625, 282.815521240234375, 281.3502197265625, 280.371551513671875, 279.68450927734375, 279.16363525390625, 278.802825927734375, 279.1380615234375, 281.45001220703125, 281.420013427734375, 279.946868896484375, 279.010223388671875, 278.3721923828125, 277.91656494140625, 277.57684326171875, 277.511505126953125, 279.23101806640625, 280.245452880859375, 279.113311767578125, 278.26080322265625, 277.683502197265625, 277.205810546875, 276.79473876953125, 276.4195556640625, 276.982086181640625, 278.804840087890625, 278.947235107421875, 277.7608642578125, 276.9378662109375, 276.38214111328125, 275.953033447265625, 275.618255615234375, 275.374114990234375, 276.488739013671875, 277.979339599609375, 277.285736083984375, 276.348907470703125, 275.70465087890625, 275.274932861328125, 274.957489013671875, 274.730010986328125, 274.817535400390625, 276.707427978515625, 277.634613037109375, 276.58758544921875, 275.828369140625, 275.32708740234375, 274.996429443359375, 274.789520263671875, 274.6500244140625, 276.10791015625, 280.108978271484375, 280.0716552734375, 278.192779541015625, 276.989105224609375, 276.17681884765625, 275.37896728515625, 274.73736572265625, 274.316986083984375, 276.550933837890625, 277.9495849609375]
time=[0., 1000000.]
