last-generated=2026-03-31
statistics-initialization=
{
  "nonlinear": "1, 1",
  "numerical Jacobians": "0"
}
statistics-simulation=
{
  "linear": " ",
  "nonlinear": "0, 0",
  "number of continuous time states": "1",
  "numerical Jacobians": "0"
}
time=[0e+00, 7.2e+03]
valSte.m_flow=[3.387052193284035e-02, 3.387052193284035e-02, 3.387052193284035e-02, 3.387052193284035e-02, 3.387052193284035e-02, 3.387052193284035e-02, 3.387052193284035e-02, 3.387052193284035e-02, 3.387052193284035e-02, 3.387052193284035e-02, 3.387052193284035e-02, 3.387052193284035e-02, 3.387052193284035e-02, 3.387052193284035e-02, 3.387052193284035e-02, 3.387052193284035e-02, 3.387052193284035e-02, 3.387052193284035e-02, 3.387052193284035e-02, 3.387052193284035e-02, 3.387052193284035e-02, 3.387052193284035e-02, 3.387052193284035e-02, 3.387052193284035e-02, 3.387052193284035e-02, 3.387052193284035e-02, 3.387052193284035e-02, 3.387052193284035e-02, 3.387052193284035e-02, 3.387052193284035e-02, 3.387052193284035e-02, 3.387052193284035e-02, 3.387052193284035e-02, 3.387052193284035e-02, 3.387052193284035e-02, 3.387052193284035e-02, 3.387052193284035e-02, 3.387052193284035e-02, 3.387052193284035e-02, 3.387052193284035e-02, 3.387052193284035e-02, 3.386542946100235e-02, 3.383130207657814e-02, 3.37432362139225e-02, 3.358061984181404e-02, 3.33268791437149e-02, 3.296925500035286e-02, 3.24985608458519e-02, 3.190894052386284e-02, 3.119763545691967e-02, 3.036474622786045e-02, 2.941299043595791e-02, 2.834747172892094e-02, 2.717542834579945e-02, 2.590600959956645e-02, 2.45500337332487e-02, 2.311974018812179e-02, 2.162856422364712e-02, 2.009089663624763e-02, 1.852183416485786e-02, 1.693695597350597e-02, 1.535207685083151e-02, 1.378301437944174e-02, 1.224534586071968e-02, 1.075417082756758e-02, 9.323877282440662e-03, 7.967900484800339e-03, 6.698482669889927e-03, 5.526439752429724e-03, 4.460919182747602e-03, 3.509164787828922e-03, 2.67627602443099e-03, 1.964971655979753e-03, 1.375350751914084e-03, 9.046550840139389e-04, 5.447156727313995e-04, 1.97075612959452e-04, 3.998430111096241e-05, 4.255183739587665e-06, 1.686328943151238e-07, 2.68877897724451e-08, 2.68877897724451e-08, 2.68877897724451e-08, 2.68877897724451e-08, 2.68877897724451e-08, 2.68877897724451e-08, 2.68877897724451e-08, 2.68877897724451e-08, 2.68877897724451e-08, 2.68877897724451e-08, 2.68877897724451e-08, 2.68877897724451e-08, 2.68877897724451e-08, 2.68877897724451e-08, 2.68877897724451e-08, 2.68877897724451e-08, 2.68877897724451e-08, 2.68877897724451e-08, 2.68877897724451e-08, 2.68877897724451e-08, 2.68877897724451e-08]
valDyn.m_flow=[3.387052193284035e-02, 3.387052193284035e-02, 3.387052193284035e-02, 3.387052193284035e-02, 3.387052193284035e-02, 3.387052193284035e-02, 3.387052193284035e-02, 3.387052193284035e-02, 3.387052193284035e-02, 3.387052193284035e-02, 3.387052193284035e-02, 3.387052193284035e-02, 3.387052193284035e-02, 3.387052193284035e-02, 3.387052193284035e-02, 3.387052193284035e-02, 3.387052193284035e-02, 3.387052193284035e-02, 3.387052193284035e-02, 3.387052193284035e-02, 3.387052193284035e-02, 3.387052193284035e-02, 3.387052193284035e-02, 3.387052193284035e-02, 3.387052193284035e-02, 3.387052193284035e-02, 3.387052193284035e-02, 3.387052193284035e-02, 3.387052193284035e-02, 3.387052193284035e-02, 3.387052193284035e-02, 3.387052193284035e-02, 3.387052193284035e-02, 3.387052193284035e-02, 3.387052193284035e-02, 3.387052193284035e-02, 3.387052193284035e-02, 3.387052193284035e-02, 3.387008979916573e-02, 3.386871889233589e-02, 3.386734798550606e-02, 3.386491164565086e-02, 3.383134305477142e-02, 3.374492004513741e-02, 3.358380869030952e-02, 3.333182632923126e-02, 3.297627344727516e-02, 3.250745311379433e-02, 3.192004188895226e-02, 3.121091052889824e-02, 3.037985973060131e-02, 2.9429841786623e-02, 2.836640365421772e-02, 2.71957591176033e-02, 2.592787705361842e-02, 2.457326464354991e-02, 2.314407937228679e-02, 2.16538067907095e-02, 2.011680789291859e-02, 1.854814402759075e-02, 1.696338318288326e-02, 1.537840906530619e-02, 1.38089545071125e-02, 1.227063592523336e-02, 1.077856495976448e-02, 9.34714637696743e-03, 7.989836856722832e-03, 6.718894001096487e-03, 5.545160733163357e-03, 4.477810114622116e-03, 3.52411181665957e-03, 2.689193235710263e-03, 1.975836465135217e-03, 1.384192612022161e-03, 9.115455904975533e-04, 5.503378924913704e-04, 2.015052014030516e-04, 4.125252235098742e-05, 4.452484972716775e-06, 1.79623071971946e-07, 2.719080072211e-08, 2.97524938019933e-08, 2.665233544973944e-08, 2.674302557181818e-08, 2.672587839924745e-08, 2.689635358876785e-08, 2.689703748615102e-08, 2.688711120413245e-08, 2.688733502509422e-08, 2.688755884605598e-08, 2.688778266701775e-08, 2.688778621973142e-08, 2.688778621973142e-08, 2.688778799608826e-08, 2.688778799608826e-08, 2.688778799608826e-08, 2.68877897724451e-08, 2.68877897724451e-08, 2.68877897724451e-08, 2.68877897724451e-08, 2.68877897724451e-08]
