last-generated=2024-10-31
statistics-initialization=
{
  "nonlinear": "6, 6, 2",
  "numerical Jacobians": "0"
}
statistics-simulation=
{
  "linear": "0, 0, 0, 0, 0, 0, 0, 0, 0, 0, 0, 0, 0, 0, 0, 0, 0, 0, 0, 0, 0, 0, 0, 0, 0, 0, 0,   0, 0, 0, 0, 0",
  "nonlinear": "2, 1",
  "number of continuous time states": "95",
  "numerical Jacobians": "0"
}
time=[0e+00, 1.2096e+06]
Level.intFlo.crackOrOperableDoor.m1_flow=[3.783491207286716e-03, 3.959342837333679e-03, 3.920897375792265e-03, 3.873995272442698e-03, 3.697631880640984e-03, 3.621370298787951e-03, 3.619430121034384e-03, 4.193410277366638e-03, 4.256962798535824e-03, 4.312292207032442e-03, 4.227468278259039e-03, 3.895093221217394e-03, 4.077249672263861e-03, 4.189037252217531e-03, 4.222196992486715e-03, 4.306842107325792e-03, 4.398344084620476e-03, 4.391392227262259e-03, 4.206197336316109e-03, 4.11379337310791e-03, 4.16896166279912e-03, 4.674090538173914e-03, 4.634863696992397e-03, 4.662801977247e-03, 4.515168722718954e-03, 4.327825736254454e-03, 4.560051951557398e-03, 4.633331205695868e-03, 4.467888735234737e-03, 4.385368898510933e-03, 4.139994271099567e-03, 3.941576927900314e-03, 3.9113056845963e-03, 3.944769967347383e-03, 4.169368650764228e-03, 4.348461981862783e-03, 4.546116571873426e-03, 4.553741775453091e-03, 4.464069381356239e-03, 4.323814064264297e-03, 4.186330828815699e-03, 4.238001070916653e-03, 4.277748987078667e-03, 4.253322724252939e-03, 4.500214010477066e-03, 4.281080327928066e-03, 3.933493979275227e-03, 3.66243883036077e-03, 3.247204702347517e-03, 3.460903419181705e-03, 3.204640001058578e-03, 3.380896290764213e-03, 3.990174271166325e-03, 3.830460133031011e-03, 3.122616792097688e-03, 3.380138194188476e-03, 3.502855775877847e-03, 3.948514815419914e-03, 4.530078265815973e-03, 4.408042412251234e-03, 4.299526568502188e-03, 4.108399152755737e-03, 3.844933351501822e-03, 4.223435651510954e-03, 4.461073316633701e-03, 4.536966327577829e-03, 4.727533087134361e-03, 4.640602506697178e-03, 4.40489640459418e-03, 4.276796709746124e-03, 4.511919803917408e-03, 4.717337433248758e-03, 4.764487501233816e-03, 4.723569843918085e-03, 4.457225557416677e-03, 3.892287844792008e-03, 3.626729128882289e-03, 3.683932358399034e-03, 3.876821603626013e-03, 3.99297010153532e-03, 3.999225795269012e-03, 4.155152477324007e-03, 3.688538912683734e-03, 3.602256532758474e-03, 3.486208384856582e-03, 3.51065187714994e-03, 3.658462548628449e-03, 3.524582134559751e-03, 3.36641538888216e-03, 3.185047535225749e-03, 3.211149945855141e-03, 3.072999184951186e-03, 3.01080197095871e-03, 2.998616313561797e-03, 3.433660604059696e-03, 3.547423984855413e-03, 3.838467644527555e-03, 3.600175492465496e-03, 3.734363941475749e-03, 4.232125822454691e-03, 4.380417987704277e-03]
Level.intFlo.crackOrOperableDoor.doo.dpAB[1]=[2.431348548270762e-06, 2.65920243691653e-06, 2.604574547149241e-06, 2.540502464398742e-06, 2.31330341193825e-06, 2.218788722530007e-06, 2.215412678197026e-06, 2.971908543258906e-06, 3.0607043299824e-06, 3.139124601148069e-06, 3.015651600435376e-06, 2.559725544415414e-06, 2.804386895149946e-06, 2.959874109365046e-06, 3.006716724485159e-06, 3.128108801320195e-06, 3.262597601860762e-06, 3.252556780353189e-06, 2.984117600135505e-06, 2.854663762263954e-06, 2.931221388280392e-06, 3.684996045194566e-06, 3.621069481596351e-06, 3.666937118396163e-06, 3.438777639530599e-06, 3.159759216941893e-06, 3.507142537273467e-06, 3.618944901973009e-06, 3.366309101693333e-06, 3.239285433664918e-06, 2.89078161586076e-06, 2.621862222440541e-06, 2.582411980256438e-06, 2.627159119583666e-06, 2.935164957307281e-06, 3.173670847900212e-06, 3.489854861982167e-06, 3.500623279251158e-06, 3.363486030139029e-06, 3.155219019390643e-06, 2.957414835691452e-06, 3.030902007594704e-06, 3.088338417001069e-06, 3.052889951504767e-06, 3.417313564568758e-06, 3.093053237535059e-06, 2.611777745187283e-06, 2.265427610836923e-06, 1.781008904799819e-06, 2.01952934730798e-06, 1.735330442897975e-06, 1.931693986989558e-06, 2.690765541046858e-06, 2.479806425981224e-06, 1.646651071496308e-06, 1.929307472892106e-06, 2.071974449791031e-06, 2.631757524795833e-06, 3.460343577899039e-06, 3.278924850746989e-06, 3.119072061963379e-06, 2.842949470505118e-06, 2.493819920346141e-06, 3.008448402397335e-06, 3.355075023137033e-06, 3.470020601525903e-06, 3.767258021980524e-06, 3.629887942224741e-06, 3.270281013101335e-06, 3.082546754740181e-06, 3.43039573635906e-06, 3.749926690943539e-06, 3.825887688435614e-06, 3.761218977160752e-06, 3.350054612383246e-06, 2.555403625592589e-06, 2.219981979578733e-06, 2.290806150995195e-06, 2.538086846470833e-06, 2.692671841941774e-06, 2.701155608519912e-06, 2.915345248766241e-06, 2.297310857102286e-06, 2.191474777646363e-06, 2.052838681265712e-06, 2.083514118567109e-06, 2.261484041810036e-06, 2.099375706166029e-06, 1.915308530442417e-06, 1.714841346256435e-06, 1.743421307764947e-06, 1.596185029484332e-06, 1.533451722934842e-06, 1.521257217973471e-06, 1.992419129237533e-06, 2.126049366779625e-06, 2.488595782779157e-06, 2.189044607803226e-06, 2.354950993321836e-06, 3.023262252099812e-06, 3.238426870666444e-06]
Level.intFlo.crackOrOperableDoor.doo.dpAB[2]=[2.431348548270762e-06, 2.65920243691653e-06, 2.604574547149241e-06, 2.540502464398742e-06, 2.31330341193825e-06, 2.218788722530007e-06, 2.215412678197026e-06, 2.971908543258906e-06, 3.0607043299824e-06, 3.139124601148069e-06, 3.015651600435376e-06, 2.559725544415414e-06, 2.804386895149946e-06, 2.959874109365046e-06, 3.006716724485159e-06, 3.128108801320195e-06, 3.262597601860762e-06, 3.252556780353189e-06, 2.984117600135505e-06, 2.854663762263954e-06, 2.931221388280392e-06, 3.684996045194566e-06, 3.621069481596351e-06, 3.666937118396163e-06, 3.438777639530599e-06, 3.159759216941893e-06, 3.507142537273467e-06, 3.618944901973009e-06, 3.366309101693333e-06, 3.239285433664918e-06, 2.89078161586076e-06, 2.621862222440541e-06, 2.582411980256438e-06, 2.627159119583666e-06, 2.935164957307281e-06, 3.173670847900212e-06, 3.489854861982167e-06, 3.500623279251158e-06, 3.363486030139029e-06, 3.155219019390643e-06, 2.957414835691452e-06, 3.030902007594704e-06, 3.088338417001069e-06, 3.052889951504767e-06, 3.417313564568758e-06, 3.093053237535059e-06, 2.611777745187283e-06, 2.265427610836923e-06, 1.781008904799819e-06, 2.01952934730798e-06, 1.735330442897975e-06, 1.931693986989558e-06, 2.690765541046858e-06, 2.479806425981224e-06, 1.646651071496308e-06, 1.929307472892106e-06, 2.071974449791031e-06, 2.631757524795833e-06, 3.460343577899039e-06, 3.278924850746989e-06, 3.119072061963379e-06, 2.842949470505118e-06, 2.493819920346141e-06, 3.008448402397335e-06, 3.355075023137033e-06, 3.470020601525903e-06, 3.767258021980524e-06, 3.629887942224741e-06, 3.270281013101335e-06, 3.082546754740181e-06, 3.43039573635906e-06, 3.749926690943539e-06, 3.825887688435614e-06, 3.761218977160752e-06, 3.350054612383246e-06, 2.555403625592589e-06, 2.219981979578733e-06, 2.290806150995195e-06, 2.538086846470833e-06, 2.692671841941774e-06, 2.701155608519912e-06, 2.915345248766241e-06, 2.297310857102286e-06, 2.191474777646363e-06, 2.052838681265712e-06, 2.083514118567109e-06, 2.261484041810036e-06, 2.099375706166029e-06, 1.915308530442417e-06, 1.714841346256435e-06, 1.743421307764947e-06, 1.596185029484332e-06, 1.533451722934842e-06, 1.521257217973471e-06, 1.992419129237533e-06, 2.126049366779625e-06, 2.488595782779157e-06, 2.189044607803226e-06, 2.354950993321836e-06, 3.023262252099812e-06, 3.238426870666444e-06]
