last-generated=2024-09-13
statistics-initialization=
{
  "nonlinear": "9",
  "numerical Jacobians": "0"
}
statistics-simulation=
{
  "linear": " ",
  "nonlinear": "9",
  "numerical Jacobians": "0"
}
time=[0e+00, 1e+00]
sin.ports[1].m_flow=[2.079205363988876e-01, 2.079205363988876e-01, 2.079205363988876e-01, 2.079205363988876e-01, 2.079205363988876e-01, 2.079205363988876e-01, 2.079205363988876e-01, 2.079205363988876e-01, 2.079205363988876e-01, 2.079205363988876e-01, 2.079205363988876e-01, 2.079205363988876e-01, 2.079205363988876e-01, 2.079205363988876e-01, 2.079205363988876e-01, 2.079205363988876e-01, 2.079205363988876e-01, 2.079205363988876e-01, 2.079205363988876e-01, 2.079205363988876e-01, 2.079205363988876e-01, 2.079205363988876e-01, 2.079205363988876e-01, 2.079205363988876e-01, 2.079205363988876e-01, 2.079205363988876e-01, 2.079205363988876e-01, 2.079205363988876e-01, 2.079205363988876e-01, 2.079205363988876e-01, 2.079205363988876e-01, 2.079205363988876e-01, 2.079205363988876e-01, 2.079205363988876e-01, 2.079205363988876e-01, 2.079205363988876e-01, 2.079205363988876e-01, 2.079205363988876e-01, 2.079205363988876e-01, 2.079205363988876e-01, 2.079205363988876e-01, 2.079205363988876e-01, 2.079205363988876e-01, 2.079205363988876e-01, 2.079205363988876e-01, 2.079205363988876e-01, 2.079205363988876e-01, 2.079205363988876e-01, 2.079205363988876e-01, 2.079205363988876e-01, 2.079205363988876e-01, -9.959377863857211e-13, -5.963045146703206e-13, -3.570293645299643e-13, -2.137672130504945e-13, -1.279902572972476e-13, -7.66324561888911e-14, -4.358852727202833e-14, -2.609804981813917e-14, -1.562585918010695e-14, -9.355803506294916e-15, -5.60166190749421e-15, -3.353920356861388e-15, -2.008114963127834e-15, -1.202332042858598e-15, -7.198802890756612e-16, -4.310200226548398e-16, -2.580674812190903e-16, -1.545144467411807e-16, -9.251346375925552e-17, -5.539120101370282e-17, -3.31647429558321e-17, -1.985700918023751e-17, -1.188911807067793e-17, -7.118450357705567e-18, -4.262077057500914e-18, -2.551861756691707e-18, -1.527893194567394e-18, -9.148056808643422e-19, -5.477293409886386e-19, -3.279456326897697e-19, -1.963530700930075e-19, -1.175637790486146e-19, -7.038974291147432e-20, -4.214492111192075e-20, -2.523378454359093e-20, -1.51083912455272e-20, -9.045947726825677e-21, -5.41614030458001e-21, -3.24284159416399e-21, -1.94160813940242e-21, -1.162515544386729e-21, -6.960406497283697e-22, -4.167450273827447e-22, -2.495205123389505e-22, -1.493970798487417e-22, -8.944950711802848e-23, -5.355686567500269e-23, -3.206645575057062e-23, -1.919936182177504e-23, -1.149536157469292e-23]
