last-generated=2022-04-28
statistics-initialization=
{
  "nonlinear": "7",
  "numerical Jacobians": "0"
}
statistics-simulation=
{
  "linear": "0, 0, 0, 0, 0, 0, 0, 0, 0, 4, 0, 0",
  "nonlinear": "1",
  "number of continuous time states": "28",
  "numerical Jacobians": "0"
}
time=[1e+07, 1.1e+07]
zone.TSensor=[2.931499938964844e+02, 2.929620056152344e+02, 2.926721496582031e+02, 2.923556518554688e+02, 2.920359497070312e+02, 2.917296142578125e+02, 2.916600646972656e+02, 2.918568420410156e+02, 2.918360900878906e+02, 2.916719055175781e+02, 2.914530334472656e+02, 2.911475830078125e+02, 2.90812744140625e+02, 2.904520874023438e+02, 2.901557312011719e+02, 2.901325378417969e+02, 2.902364501953125e+02, 2.902750244140625e+02, 2.902233276367188e+02, 2.900347290039062e+02, 2.897156066894531e+02, 2.89342529296875e+02, 2.890071411132812e+02, 2.890723571777344e+02, 2.895460205078125e+02, 2.897559509277344e+02, 2.898370361328125e+02, 2.8975439453125e+02, 2.895502624511719e+02, 2.893183898925781e+02, 2.890954895019531e+02, 2.889156494140625e+02, 2.888688049316406e+02, 2.889743347167969e+02, 2.891519165039062e+02, 2.891776733398438e+02, 2.890182189941406e+02, 2.887240905761719e+02, 2.883920288085938e+02, 2.880892333984375e+02, 2.879922485351562e+02, 2.882854614257812e+02, 2.88606201171875e+02, 2.886142272949219e+02, 2.884566955566406e+02, 2.882155151367188e+02, 2.879078674316406e+02, 2.875729370117188e+02, 2.872922058105469e+02, 2.873888854980469e+02, 2.877963562011719e+02, 2.881264343261719e+02, 2.882331237792969e+02, 2.882244262695312e+02, 2.880131225585938e+02, 2.876696166992188e+02, 2.872954711914062e+02, 2.871718139648438e+02, 2.877406005859375e+02, 2.883478393554688e+02, 2.886979370117188e+02, 2.888062438964844e+02, 2.8873974609375e+02, 2.885885925292969e+02, 2.883903198242188e+02, 2.881723327636719e+02, 2.882484741210938e+02, 2.887058410644531e+02, 2.890671691894531e+02, 2.891893310546875e+02, 2.891699829101562e+02, 2.889228820800781e+02, 2.885724182128906e+02, 2.88201904296875e+02, 2.879453735351562e+02, 2.882917175292969e+02, 2.888463439941406e+02, 2.891554260253906e+02, 2.893215637207031e+02, 2.892793579101562e+02, 2.890547485351562e+02, 2.887942810058594e+02, 2.884785461425781e+02, 2.884543762207031e+02, 2.890075378417969e+02, 2.896067504882812e+02, 2.899720153808594e+02, 2.901613159179688e+02, 2.901741943359375e+02, 2.899693603515625e+02, 2.897464904785156e+02, 2.89561279296875e+02, 2.898190002441406e+02, 2.905724487304688e+02, 2.911991271972656e+02, 2.915258483886719e+02, 2.917087707519531e+02, 2.916039733886719e+02, 2.914454040527344e+02, 2.912995910644531e+02, 2.9126416015625e+02]
