last-generated=2025-08-20
statistics-simulation=
{
  "linear": " ",
  "nonlinear": "0, 1, 1, 1, 1, 1, 1, 1, 1, 1, 1",
  "number of continuous time states": "11",
  "numerical Jacobians": "0"
}
time=[0e+00, 8.64e+04]
pvtCol.vol[3].T=[2.931499938964844e+02, 2.908443298339844e+02, 2.889145812988281e+02, 2.87887939453125e+02, 2.880719299316406e+02, 2.885897521972656e+02, 2.889386596679688e+02, 2.888826293945312e+02, 2.886326599121094e+02, 2.8857861328125e+02, 2.886540832519531e+02, 2.887109375e+02, 2.886768188476562e+02, 2.885087585449219e+02, 2.8815576171875e+02, 2.875672302246094e+02, 2.866830749511719e+02, 2.85143310546875e+02, 2.830118713378906e+02, 2.819329223632812e+02, 2.817731628417969e+02, 2.817813110351562e+02, 2.818649597167969e+02, 2.820093994140625e+02, 2.821159057617188e+02, 2.820531311035156e+02, 2.820262451171875e+02, 2.821210327148438e+02, 2.822351684570312e+02, 2.822577514648438e+02, 2.822434997558594e+02, 2.821820373535156e+02, 2.821335754394531e+02, 2.823297424316406e+02, 2.827622985839844e+02, 2.839100646972656e+02, 2.875001831054688e+02, 2.9280810546875e+02, 2.960148620605469e+02, 2.974436950683594e+02, 2.983209228515625e+02, 2.990347900390625e+02, 2.996722717285156e+02, 3.001865234375e+02, 3.005484619140625e+02, 3.008900451660156e+02, 3.013182678222656e+02, 3.018158264160156e+02, 3.02560791015625e+02, 3.037571411132812e+02, 3.057583312988281e+02, 3.068031921386719e+02, 2.975052490234375e+02, 2.910582275390625e+02, 2.891250915527344e+02, 2.884336853027344e+02, 2.880431823730469e+02, 2.877803039550781e+02, 2.876759338378906e+02, 2.876767883300781e+02, 2.877659301757812e+02, 2.878404541015625e+02, 2.878400573730469e+02, 2.877516174316406e+02, 2.876515808105469e+02, 2.876268310546875e+02, 2.875706176757812e+02, 2.880672912597656e+02, 2.888771057128906e+02, 2.887827758789062e+02, 2.884908142089844e+02, 2.885013122558594e+02, 2.887322082519531e+02, 2.890089416503906e+02, 2.892743530273438e+02, 2.894754638671875e+02, 2.895615539550781e+02, 2.895443420410156e+02, 2.894554138183594e+02, 2.893014831542969e+02, 2.890845947265625e+02, 2.888223876953125e+02, 2.884970703125e+02, 2.878498229980469e+02, 2.863354187011719e+02, 2.839853820800781e+02, 2.826862487792969e+02, 2.824497985839844e+02, 2.824545288085938e+02, 2.825101928710938e+02, 2.825724792480469e+02, 2.82612060546875e+02, 2.826142272949219e+02, 2.82580810546875e+02, 2.825295715332031e+02, 2.82444091796875e+02, 2.823383178710938e+02, 2.822051696777344e+02, 2.8201318359375e+02, 2.817181091308594e+02, 2.811726379394531e+02]
pvtCol.vol[6].T=[2.931499938964844e+02, 2.908686828613281e+02, 2.895747375488281e+02, 2.897187805175781e+02, 2.901953430175781e+02, 2.904966430664062e+02, 2.906553649902344e+02, 2.904929504394531e+02, 2.903194274902344e+02, 2.9034814453125e+02, 2.904175720214844e+02, 2.904466247558594e+02, 2.904014282226562e+02, 2.902523498535156e+02, 2.899524536132812e+02, 2.894477844238281e+02, 2.88634033203125e+02, 2.868931579589844e+02, 2.843188781738281e+02, 2.821577758789062e+02, 2.809518737792969e+02, 2.806704406738281e+02, 2.807289428710938e+02, 2.809269409179688e+02, 2.811442565917969e+02, 2.811340026855469e+02, 2.810745544433594e+02, 2.811659545898438e+02, 2.81355712890625e+02, 2.81451416015625e+02, 2.814618530273438e+02, 2.813983764648438e+02, 2.81333984375e+02, 2.815529174804688e+02, 2.821585083007812e+02, 2.856425476074219e+02, 2.915325012207031e+02, 2.94409423828125e+02, 2.954181823730469e+02, 2.959865417480469e+02, 2.964408569335938e+02, 2.968422546386719e+02, 2.972124633789062e+02, 2.975032958984375e+02, 2.977162475585938e+02, 2.979501342773438e+02, 2.982603454589844e+02, 2.986260070800781e+02, 2.992448425292969e+02, 3.003210144042969e+02, 3.023957214355469e+02, 3.068772583007812e+02, 3.087221069335938e+02, 3.025643005371094e+02, 2.962530517578125e+02, 2.936566772460938e+02, 2.926358642578125e+02, 2.920381164550781e+02, 2.917547607421875e+02, 2.917055969238281e+02, 2.918139953613281e+02, 2.919476318359375e+02, 2.919703369140625e+02, 2.91824462890625e+02, 2.915725402832031e+02, 2.912881774902344e+02, 2.909669494628906e+02, 2.907939147949219e+02, 2.9076123046875e+02, 2.901806030273438e+02, 2.900884094238281e+02, 2.902576599121094e+02, 2.90447021484375e+02, 2.9064013671875e+02, 2.90814697265625e+02, 2.909308471679688e+02, 2.909608154296875e+02, 2.909315490722656e+02, 2.908587951660156e+02, 2.907406921386719e+02, 2.905757141113281e+02, 2.903796081542969e+02, 2.901185607910156e+02, 2.894474792480469e+02, 2.876916198730469e+02, 2.855960693359375e+02, 2.83484130859375e+02, 2.822044982910156e+02, 2.818889770507812e+02, 2.819177551269531e+02, 2.820224609375e+02, 2.8211572265625e+02, 2.821453857421875e+02, 2.820991821289062e+02, 2.820155029296875e+02, 2.818894348144531e+02, 2.817214660644531e+02, 2.815185546875e+02, 2.8125439453125e+02, 2.808930358886719e+02, 2.803600769042969e+02]
pvtCol.vol[9].T=[2.931499938964844e+02, 2.919099731445312e+02, 2.920855407714844e+02, 2.922943725585938e+02, 2.924087219238281e+02, 2.924665222167969e+02, 2.924901123046875e+02, 2.924105224609375e+02, 2.923802490234375e+02, 2.924033813476562e+02, 2.92423095703125e+02, 2.924265441894531e+02, 2.924046020507812e+02, 2.92346435546875e+02, 2.922307434082031e+02, 2.920284729003906e+02, 2.916329650878906e+02, 2.89790283203125e+02, 2.862177429199219e+02, 2.833229064941406e+02, 2.811323547363281e+02, 2.800259704589844e+02, 2.798070678710938e+02, 2.799562072753906e+02, 2.802138366699219e+02, 2.803087158203125e+02, 2.80274658203125e+02, 2.8033642578125e+02, 2.805286865234375e+02, 2.806922912597656e+02, 2.807581481933594e+02, 2.807247924804688e+02, 2.806793823242188e+02, 2.809288635253906e+02, 2.869224548339844e+02, 2.923117065429688e+02, 2.934023132324219e+02, 2.936692504882812e+02, 2.938257446289062e+02, 2.939520263671875e+02, 2.940613403320312e+02, 2.941625671386719e+02, 2.942571105957031e+02, 2.943276977539062e+02, 2.943871154785156e+02, 2.944614562988281e+02, 2.945617370605469e+02, 2.946871948242188e+02, 2.949344177246094e+02, 2.954234313964844e+02, 2.969301452636719e+02, 3.03061279296875e+02, 3.085571594238281e+02, 3.100872802734375e+02, 3.050184936523438e+02, 2.996774597167968e+02, 2.971744384765625e+02, 2.960274353027344e+02, 2.954876403808594e+02, 2.95327392578125e+02, 2.954022827148438e+02, 2.955521240234375e+02, 2.95595703125e+02, 2.954187316894531e+02, 2.950384216308594e+02, 2.944660034179688e+02, 2.938140258789062e+02, 2.929316101074219e+02, 2.923546752929688e+02, 2.922313537597656e+02, 2.923115844726562e+02, 2.923723449707031e+02, 2.9242919921875e+02, 2.924866027832031e+02, 2.925345153808594e+02, 2.925608825683594e+02, 2.925618286132812e+02, 2.925494689941406e+02, 2.925239868164062e+02, 2.924841003417969e+02, 2.924288635253906e+02, 2.923640441894531e+02, 2.92255615234375e+02, 2.918230590820312e+02, 2.896106262207031e+02, 2.869178161621094e+02, 2.8466943359375e+02, 2.827570495605469e+02, 2.816856384277344e+02, 2.814372863769531e+02, 2.815108642578125e+02, 2.816481323242188e+02, 2.817188415527344e+02, 2.816828308105469e+02, 2.815819091796875e+02, 2.814363708496094e+02, 2.812397766113281e+02, 2.809995727539062e+02, 2.807064208984375e+02, 2.803367614746094e+02, 2.798478088378906e+02]
pvtCol.m_flow=[0e+00, -2.155720628798008e-02, -3.021528758108616e-02, -3.645369410514832e-02, -4.120320454239845e-02, -4.479279369115829e-02, -4.737095534801483e-02, -4.90114763379097e-02, -4.975084215402603e-02, -4.960326850414276e-02, -4.856601729989052e-02, -4.661840572953224e-02, -4.371388256549835e-02, -3.975974023342133e-02, -3.456542268395423e-02, -2.768347039818764e-02, -1.763041131198406e-02, 1.247890200465921e-02, 2.483467012643814e-02, 3.249537944793701e-02, 3.818024322390556e-02, 4.251907020807266e-02, 4.575988277792931e-02, 4.801961034536362e-02, 4.935698211193085e-02, 4.980000108480453e-02, 4.935698211193085e-02, 4.801961034536362e-02, 4.575988277792929e-02, 4.251907020807266e-02, 3.818024322390556e-02, 3.249537944793701e-02, 2.483467012643814e-02, 1.247890200465918e-02, -1.763041131198411e-02, -2.76834703981876e-02, -3.456542268395424e-02, -3.975974023342133e-02, -4.371388256549835e-02, -4.661840572953224e-02, -4.856601729989052e-02, -4.960326850414276e-02, -4.975084215402603e-02, -4.90114763379097e-02, -4.737095534801483e-02, -4.479279369115829e-02, -4.120320454239845e-02, -3.645369410514832e-02, -3.021528758108616e-02, -2.155720628798008e-02, -2.717570215389454e-16, 2.155720628798008e-02, 3.021528758108616e-02, 3.645369410514832e-02, 4.120320454239845e-02, 4.479279369115832e-02, 4.737095534801485e-02, 4.901147633790968e-02, 4.975084215402603e-02, 4.960326850414276e-02, 4.856601729989052e-02, 4.661840572953224e-02, 4.371388256549835e-02, 3.975974023342133e-02, 3.456542268395424e-02, 2.768347039818764e-02, 1.763041131198406e-02, -1.247890200465918e-02, -2.483467012643821e-02, -3.249537944793696e-02, -3.818024322390552e-02, -4.251907020807266e-02, -4.575988277792931e-02, -4.801961034536362e-02, -4.935698211193085e-02, -4.980000108480453e-02, -4.935698211193085e-02, -4.801961034536362e-02, -4.575988277792931e-02, -4.251907020807266e-02, -3.818024322390556e-02, -3.249537944793701e-02, -2.483467012643814e-02, -1.247890200465918e-02, 1.763041131198406e-02, 2.768347039818764e-02, 3.456542268395424e-02, 3.975974023342133e-02, 4.371388256549835e-02, 4.661840572953224e-02, 4.856601729989052e-02, 4.960326850414276e-02, 4.975084215402603e-02, 4.90114763379097e-02, 4.737095534801483e-02, 4.479279369115829e-02, 4.120320454239845e-02, 3.645369410514832e-02, 3.021528758108616e-02, 2.155720628798008e-02, 5.095444220029675e-16]
