last-generated=2016-05-15
statistics-simulation=
{
  "numerical Jacobians": "0", 
  "nonlinear": "5, 1", 
  "number of continuous time states": "11", 
  "linear": "0, 0, 0, 5, 0, 0"
}
winNonLin.propsBus_a.surfRad.Q_flow=[0.00000386938108931645, 5.53225421905517578125, 2.02607564131418849129, 0.8522345423698425293, -0.06017340968052546646, 0.11819806198279061982, 0.84519237279891967773, 1.14238870143890380859, 1.43678243954976392338, 1.71070110797882080078, 1.20252434412638353756, 0.89192656675974524294, 0.60451084375381469727, 0.62963747978210449219, 0.84164720773696899414, 1.22694337368011474609, 1.42858640352884935787, 2.01450848579406738281, 1.39798843860626220703, 1.32195560137430834224, 1.13081224759419751713, -0.02992231585085391998, 0.20068907737731933594, 0.87809483210245764528, 1.07570362091064453125, 1.38288895289103197506, 1.4073930184046428149, 1.536006927490234375, 1.27076955636342359135, 1.99093310038248705318, 0.35642901062965393066, 0.75637640555699670042, 1.96286714076995849609, 2.46781420707702636719, 2.54046265284220362801, 2.00979185104370117188, 1.65777313709259033203, 1.43720332781473802974, 3.21069582303365086418, 5.56716299057006835938, 0.68782260020573926518, 2.2591124375661215673, 1.54268872737884521484, 1.15861789385477709224, 1.00585031509399414062, 0.73092573881149291992, 0.45548387368520099061, 0.28968380888303119081, 0.26151955127716064453, 1.26251999537150072506, 1.83684496084849047115, 1.86008870601654052734, 1.79635063807169603756, 1.53277842203776049068, 1.46105182170867919922, 2.15058509508768702645, 0.03934369732936222885, 0.40456739068031311035, 1.51727636655171704838, 1.84598926703135179928, 1.83170592784881591797, 2.1297636826833090673, 2.09145800272623683114, 2.09712958335876464844, 0.7034922043482462195, 0.75098693370819091797, 1.24661910533905029297, 1.79772802193959546635, 1.53996610641479492188, 1.34571254253387451172, 0.98061736424764001097, 0.82372711102167761599, 0.72427588701248168945, 0.09943055858214695786, 0.24953413506348928741, 1.27140259742736816406, 0.98741066455841064453, 1.16533807913462328365, 0.98931241035461425781, 0.99798901875813805784, 0.95653190215428673948, 1.02592539787292480469, -0.44685165087382000548, -0.16798185308774313262, 0.61111819744110107422, 0.76680292685826623167, 0.91910151640574133669, 0.95224934816360473633, 0.8893063664436340332, 0.68953506151835119997, -0.65574121475219726562, -1.02704354127248120854, 0.31666789452234900271, 1.72573542594909667969, 2.05666089057922363281, 2.11070561408996582031, 2.74823546409606933594, 1.95783543586730957031, 1.93177350362141919682, 0.93298357725143432617, 2.33302044868469238281]
winLin.propsBus_a.surfRad.Q_flow=[0.00000386938108931645, 5.49046834309895803727, 2.01627683639526367188, 0.85505890846252441406, -0.05346962809562683105, 0.12386077642440795898, 0.85098022222518920898, 1.14864555994669603756, 1.44336704413096117428, 1.71758103370666503906, 1.20943403244018554688, 0.89862519502639770508, 0.61061131954193115234, 0.63482326269149780273, 0.84653019905090332031, 1.23223793506622314453, 1.434268951416015625, 2.02085280418395996094, 1.40338003635406494141, 1.32683904965718579838, 1.13487430413564038822, -0.02868424542248249054, 0.20024786889553070068, 0.87934434413909912109, 1.07822370529174804688, 1.38713423411051439693, 1.41230154037475585938, 1.54187881946563720703, 1.2766194740931193774, 1.99621891975402832031, 0.35977596044540405273, 0.7593417962392171594, 1.96834190686543775151, 2.47462034225463867188, 2.54755703608194972176, 2.01689211527506495614, 1.66476166248321533203, 1.44405527909596753666, 3.21540037790934229989, 5.57161188125610351562, 0.69308085242907213619, 2.26487811406453465324, 1.54915285110473632812, 1.16536168257395433834, 1.01275710264841722896, 0.73772096633911132812, 0.46164635817209881408, 0.29433729251225787538, 0.26560172438621520996, 1.26770321528116869381, 1.84248721599578857422, 1.86593377590179443359, 1.80214838186899828365, 1.53810807069142652104, 1.46595609188079833984, 2.15453644593556736808, 0.03991419697801272537, 0.40485161542892456055, 1.52054603894551587651, 1.85124806563059496334, 1.83722817897796630859, 2.13621473312377929688, 2.0981006622314453125, 2.10370326042175292969, 0.70905333757400512695, 0.75484603643417358398, 1.25127696990966796875, 1.80309212207794189453, 1.54573500156402587891, 1.35158288478851318359, 0.98629597822825110232, 0.8288017114003499719, 0.72882288694381713867, 0.10155166437228520249, 0.25037393470605212586, 1.2743778228759765625, 0.99072957038879394531, 1.16907501220703125, 0.99280744791030883789, 1.00143861770629882812, 0.95979728301366173948, 1.02850365638732910156, -0.44838554660479229552, -0.16991628706455230713, 0.61202269792556762695, 0.76889413595199584961, 0.922062834103902218, 0.95557624101638793945, 0.89248434702555334841, 0.69221429030100500857, -0.65553873777389526367, -1.02898931503295898438, 0.31712776422500610352, 1.73089563846588134766, 2.06354633967081690926, 2.1179323991139731298, 2.7506465911865234375, 1.95889699459075927734, 1.93489329020182299068, 0.93785154819488525391, 2.33806300163269042969]
time=[0., 1000000.]
