last-generated=2023-10-23
statistics-initialization=
{
  "nonlinear": "7",
  "numerical Jacobians": "0"
}
statistics-simulation=
{
  "linear": "0, 0, 0, 0, 0, 0, 4, 0, 0, 0, 0, 0, 0, 0",
  "nonlinear": "1",
  "number of continuous time states": "34",
  "numerical Jacobians": "0"
}
time=[0e+00, 1e+05]
zone.phi=[6.920281648635864e-01, 8.936625719070435e-01, 8.980380892753601e-01, 7.404765486717224e-01, 7.47746467590332e-01, 8.698103427886963e-01, 8.022670745849609e-01, 6.904754638671874e-01, 8.111217617988586e-01, 9.199087619781494e-01, 7.642720341682434e-01, 7.284107804298401e-01, 8.782082796096802e-01, 8.564345836639404e-01, 7.150739431381223e-01, 7.831100225448608e-01, 9.025760889053345e-01, 7.795826196670532e-01, 6.703190207481384e-01, 8.419638276100159e-01, 8.860036730766296e-01, 7.319273352622986e-01, 7.531827688217163e-01, 8.96027684211731e-01, 8.220463395118713e-01, 6.975732445716858e-01, 8.322925567626953e-01, 9.532004594802856e-01, 7.809040546417232e-01, 7.417629361152641e-01, 9.094092845916748e-01, 8.936424255371094e-01, 7.498011589050293e-01, 8.336911201477051e-01, 9.680477976799011e-01, 8.343870639801025e-01, 7.163875102996826e-01, 9.036638140678406e-01, 9.541295170783997e-01, 7.934482097625732e-01, 8.220661282539368e-01, 9.798967242240906e-01, 9.058496356010437e-01, 7.78039813041687e-01, 9.250069856643677e-01, 1.056650400161743e+00, 8.782552480697632e-01, 8.406873345375061e-01, 1.021425604820251e+00, 1.009944200515747e+00, 8.647173643112183e-01, 9.591692686080933e-01, 1.108185768127441e+00, 9.767794609069824e-01, 8.602568507194519e-01, 1.062148690223695e+00, 1.118724465370177e+00, 9.519877433776865e-01, 9.814884066581711e-01, 1.143873572349548e+00, 1.058340668678284e+00, 9.091445803642273e-01, 1.047892332077026e+00, 1.171280026435852e+00, 9.664226174354553e-01, 9.110651612281799e-01, 1.087196588516235e+00, 1.057358264923096e+00, 8.823985457420349e-01, 9.634761214256287e-01, 1.102740406990051e+00, 9.383018016815186e-01, 7.896915674209595e-01, 9.916803240776062e-01, 1.043615579605103e+00, 8.536068201065063e-01, 8.803049325942993e-01, 1.055731892585754e+00, 9.595397710800171e-01, 8.000049591064453e-01, 9.623390436172485e-01, 1.106472015380859e+00, 8.854146003723145e-01, 8.295660614967346e-01, 1.031178116798401e+00, 1.004669904708862e+00, 8.181602358818054e-01, 9.164129495620728e-01, 1.079178094863892e+00, 9.05985414981842e-01, 7.510930299758911e-01, 9.802011251449585e-01, 1.034974575042725e+00, 8.19908082485199e-01, 8.440647721290588e-01, 1.033660292625427e+00, 9.291709065437317e-01, 7.574803829193115e-01, 9.381123185157776e-01, 1.099662303924561e+00, 8.649568557739258e-01]
zone.TSensor=[2.931499938964844e+02, 2.91441650390625e+02, 2.910733947753906e+02, 2.908383178710938e+02, 2.906797790527344e+02, 2.905310363769531e+02, 2.903650817871094e+02, 2.902267761230469e+02, 2.901231689453125e+02, 2.899968566894531e+02, 2.898415222167969e+02, 2.897307434082031e+02, 2.896333312988281e+02, 2.895128479003906e+02, 2.894080200195312e+02, 2.893318481445312e+02, 2.892355346679688e+02, 2.89109130859375e+02, 2.890072937011719e+02, 2.889382019042969e+02, 2.88829833984375e+02, 2.887198791503906e+02, 2.886460266113281e+02, 2.88561279296875e+02, 2.884446105957031e+02, 2.883484802246094e+02, 2.882855529785156e+02, 2.881989135742188e+02, 2.880801086425781e+02, 2.880039367675781e+02, 2.87932861328125e+02, 2.878281555175781e+02, 2.877474060058594e+02, 2.877306823730469e+02, 2.877218322753906e+02, 2.876847534179688e+02, 2.876630554199219e+02, 2.876675415039062e+02, 2.876222534179688e+02, 2.875639038085938e+02, 2.875169677734375e+02, 2.874617919921875e+02, 2.873760681152344e+02, 2.873098449707031e+02, 2.872737121582031e+02, 2.872122192382812e+02, 2.871198120117188e+02, 2.870733032226562e+02, 2.870314636230469e+02, 2.869522399902344e+02, 2.868860778808594e+02, 2.868564453125e+02, 2.868093566894531e+02, 2.867327270507812e+02, 2.866833801269531e+02, 2.866687927246094e+02, 2.866131896972656e+02, 2.865534973144531e+02, 2.865283508300781e+02, 2.864679565429688e+02, 2.863465881347656e+02, 2.862420043945312e+02, 2.861904907226562e+02, 2.861287231445312e+02, 2.860374450683594e+02, 2.859861755371094e+02, 2.859284362792969e+02, 2.858233642578125e+02, 2.857271118164062e+02, 2.856701965332031e+02, 2.85598876953125e+02, 2.8549560546875e+02, 2.854172058105469e+02, 2.853621520996094e+02, 2.852408752441406e+02, 2.851086120605469e+02, 2.850301513671875e+02, 2.849592895507812e+02, 2.848619995117188e+02, 2.847873229980469e+02, 2.847425537109375e+02, 2.846688537597656e+02, 2.845580749511719e+02, 2.844914855957031e+02, 2.844266662597656e+02, 2.843187255859375e+02, 2.842222290039062e+02, 2.841666564941406e+02, 2.841013488769531e+02, 2.840088195800781e+02, 2.839432983398438e+02, 2.839071655273438e+02, 2.838202209472656e+02, 2.837271118164062e+02, 2.836769714355469e+02, 2.836184997558594e+02, 2.835249633789062e+02, 2.834547424316406e+02, 2.834218139648438e+02, 2.833621215820312e+02, 2.832649230957031e+02]
zone.ppm=[4e+02, 2.013668823242188e+03, 2.541400634765625e+03, 1.628641357421875e+03, 1.859295288085938e+03, 2.850941162109375e+03, 2.34676611328125e+03, 1.51696923828125e+03, 2.399267578125e+03, 3.160751708984375e+03, 1.98399951171875e+03, 1.706935302734375e+03, 2.763529541015625e+03, 2.61539306640625e+03, 1.671092773437499e+03, 2.202438232421875e+03, 3.04781982421875e+03, 2.174468505859375e+03, 1.4181083984375e+03, 2.5978095703125e+03, 2.876562744140625e+03, 1.820940795898438e+03, 1.96962890625e+03, 2.914245849609375e+03, 2.383087890625e+03, 1.53780908203125e+03, 2.411225830078125e+03, 3.167612060546875e+03, 1.987936767578122e+03, 1.709196289062495e+03, 2.764825927734375e+03, 2.616137451171875e+03, 1.671519653320312e+03, 2.202681640625e+03, 3.04795947265625e+03, 2.17453955078125e+03, 1.418150268554688e+03, 2.597833251953125e+03, 2.876572509765625e+03, 1.820942016601562e+03, 1.969624389648438e+03, 2.91424658203125e+03, 2.383083251953125e+03, 1.537802001953125e+03, 2.411221923828125e+03, 3.16761083984375e+03, 1.987935180664062e+03, 1.709197509765625e+03, 2.76482373046875e+03, 2.616138916015625e+03, 1.6715234375e+03, 2.202684326171875e+03, 3.0479619140625e+03, 2.1745478515625e+03, 1.418156860351562e+03, 2.597836914062506e+03, 2.876574951171865e+03, 1.820941894531256e+03, 1.969630737304678e+03, 2.914246337890625e+03, 2.383087646484375e+03, 1.537806640625e+03, 2.411224609375e+03, 3.167607666015625e+03, 1.987929443359375e+03, 1.709192138671875e+03, 2.764816650390625e+03, 2.616134033203125e+03, 1.671517333984375e+03, 2.2026796875e+03, 3.047958984375e+03, 2.1745439453125e+03, 1.41815380859375e+03, 2.597830322265625e+03, 2.876573974609375e+03, 1.820943359375e+03, 1.969630981445312e+03, 2.914243896484375e+03, 2.38308447265625e+03, 1.537804809570312e+03, 2.41122265625e+03, 3.167611083984375e+03, 1.987931030273438e+03, 1.709193359375e+03, 2.764819091796875e+03, 2.616137939453125e+03, 1.671519653320312e+03, 2.2026806640625e+03, 3.04796044921875e+03, 2.174542724609375e+03, 1.418154541015625e+03, 2.597837158203125e+03, 2.8765751953125e+03, 1.820942260742188e+03, 1.969630737304688e+03, 2.91424560546875e+03, 2.383087646484375e+03, 1.537807006835938e+03, 2.411223388671875e+03, 3.167612060546875e+03, 1.98793212890625e+03]
