last-generated=2018-07-13
statistics-simulation=
{
  "linear": " ",
  "nonlinear": "1, 1",
  "number of continuous time states": "3",
  "numerical Jacobians": "0"
}
embeddedPipe.dp=[0e+00, 6.491030883789062e+01, 1.942923431396484e+02, 4.263028259277344e+02, 7.578717041015625e+02, 1.184174560546875e+03, 1.705211303710938e+03, 2.320982177734376e+03, 3.03148681640625e+03, 3.8367255859375e+03, 4.7366982421875e+03, 4.7366982421875e+03, 4.7366982421875e+03, 4.7366982421875e+03, 4.7366982421875e+03, 4.7366982421875e+03, 4.7366982421875e+03, 4.7366982421875e+03, 4.7366982421875e+03, 4.7366982421875e+03, 4.7366982421875e+03, 3.8367255859375e+03, 3.03148681640625e+03, 2.320982177734375e+03, 1.705211303710938e+03, 1.184174560546875e+03, 7.578717041015625e+02, 4.263028259277344e+02, 1.942923431396477e+02, 6.491030883789062e+01, 0e+00, 0e+00, 0e+00, 0e+00, 0e+00, 0e+00, 0e+00, 0e+00, 0e+00, 0e+00, 0e+00, 0e+00, 0e+00, 0e+00, 0e+00, 0e+00, 0e+00, 0e+00, 0e+00, 0e+00, 0e+00, 6.491030883789062e+01, 1.942923431396484e+02, 4.263028259277344e+02, 7.578717041015625e+02, 1.184174560546875e+03, 1.705211303710943e+03, 2.320982177734369e+03, 3.03148681640625e+03, 3.8367255859375e+03, 4.7366982421875e+03, 4.7366982421875e+03, 4.7366982421875e+03, 4.7366982421875e+03, 4.7366982421875e+03, 4.7366982421875e+03, 4.7366982421875e+03, 4.7366982421875e+03, 4.7366982421875e+03, 4.7366982421875e+03, 4.7366982421875e+03, 3.8367255859375e+03, 3.03148681640625e+03, 2.320982177734375e+03, 1.705211303710938e+03, 1.184174560546875e+03, 7.578717041015625e+02, 4.263028259277344e+02, 1.942923431396484e+02, 6.491030883789062e+01, 2.664164640009403e-07, 0e+00, 0e+00, 0e+00, 0e+00, 0e+00, 0e+00, 0e+00, 0e+00, 0e+00, 0e+00, 0e+00, 0e+00, 0e+00, 0e+00, 0e+00, 0e+00, 0e+00, 0e+00, 0e+00, 0e+00]
time=[0e+00, 1e+04]
embeddedPipe.m_flow=[0e+00, 1.000000014901161e-01, 2.000000029802322e-01, 3.00000011920929e-01, 4.000000059604645e-01, 5e-01, 6.000000238418579e-01, 6.999999880790712e-01, 8.00000011920929e-01, 8.999999761581421e-01, 1e+00, 1e+00, 1e+00, 1e+00, 1e+00, 1e+00, 1e+00, 1e+00, 1e+00, 1e+00, 1e+00, 8.999999761581421e-01, 8.00000011920929e-01, 6.99999988079071e-01, 6.000000238418579e-01, 5e-01, 4.000000059604645e-01, 3.00000011920929e-01, 2.000000029802318e-01, 1.000000014901161e-01, 0e+00, 0e+00, 0e+00, 0e+00, 0e+00, 0e+00, 0e+00, 0e+00, 0e+00, 0e+00, 0e+00, 0e+00, 0e+00, 0e+00, 0e+00, 0e+00, 0e+00, 0e+00, 0e+00, 0e+00, 0e+00, 1.000000014901161e-01, 2.000000029802322e-01, 3.00000011920929e-01, 4.000000059604645e-01, 5e-01, 6.000000238418588e-01, 6.999999880790702e-01, 8.00000011920929e-01, 8.999999761581421e-01, 1e+00, 1e+00, 1e+00, 1e+00, 1e+00, 1e+00, 1e+00, 1e+00, 1e+00, 1e+00, 1e+00, 8.999999761581421e-01, 8.00000011920929e-01, 6.99999988079071e-01, 6.000000238418579e-01, 5e-01, 4.000000059604645e-01, 3.00000011920929e-01, 2.000000029802322e-01, 1.000000014901161e-01, 5.00000152392488e-10, 0e+00, 0e+00, 0e+00, 0e+00, 0e+00, 0e+00, 0e+00, 0e+00, 0e+00, 0e+00, 0e+00, 0e+00, 0e+00, 0e+00, 0e+00, 0e+00, 0e+00, 0e+00, 0e+00, 0e+00]
embeddedPipe.R_c=[5.000000074505806e-02, 5.000000074505806e-02]
embeddedPipe.R_x_val=[1.653829775750637e-02, 1.653829775750637e-02]
embeddedPipe.R_w_val=[2.661453932523727e-02, 2.661453932523727e-02, 2.661453932523727e-02, 2.661453932523727e-02, 2.661453932523727e-02, 1.973566971719265e-02, 3.376244567334652e-03, 2.675783354789018e-03, 2.3823082447052e-03, 2.15028109960258e-03, 1.961942296475172e-03, 1.961942296475172e-03, 1.961942296475172e-03, 1.961942296475172e-03, 1.961942296475172e-03, 1.961942296475172e-03, 1.961942296475172e-03, 1.961942296475172e-03, 1.961942296475172e-03, 1.961942296475172e-03, 1.961942296475172e-03, 2.15028109960258e-03, 2.3823082447052e-03, 2.675783354789019e-03, 3.376244567334652e-03, 1.973566971719265e-02, 2.661453932523727e-02, 2.661453932523727e-02, 2.661453932523727e-02, 2.661453932523727e-02, 2.661453932523727e-02, 2.661453932523727e-02, 2.661453932523727e-02, 2.661453932523727e-02, 2.661453932523727e-02, 2.661453932523727e-02, 2.661453932523727e-02, 2.661453932523727e-02, 2.661453932523727e-02, 2.661453932523727e-02, 2.661453932523727e-02, 2.661453932523727e-02, 2.661453932523727e-02, 2.661453932523727e-02, 2.661453932523727e-02, 2.661453932523727e-02, 2.661453932523727e-02, 2.661453932523727e-02, 2.661453932523727e-02, 2.661453932523727e-02, 2.661453932523727e-02, 2.661453932523727e-02, 2.661453932523727e-02, 2.661453932523727e-02, 2.661453932523727e-02, 1.973566971719265e-02, 3.376244567334634e-03, 2.675783354789022e-03, 2.3823082447052e-03, 2.15028109960258e-03, 1.961942296475172e-03, 1.961942296475172e-03, 1.961942296475172e-03, 1.961942296475172e-03, 1.961942296475172e-03, 1.961942296475172e-03, 1.961942296475172e-03, 1.961942296475172e-03, 1.961942296475172e-03, 1.961942296475172e-03, 1.961942296475172e-03, 2.15028109960258e-03, 2.3823082447052e-03, 2.675783354789019e-03, 3.376244567334652e-03, 1.973566971719265e-02, 2.661453932523727e-02, 2.661453932523727e-02, 2.661453932523727e-02, 2.661453932523727e-02, 2.661453932523727e-02, 2.661453932523727e-02, 2.661453932523727e-02, 2.661453932523727e-02, 2.661453932523727e-02, 2.661453932523727e-02, 2.661453932523727e-02, 2.661453932523727e-02, 2.661453932523727e-02, 2.661453932523727e-02, 2.661453932523727e-02, 2.661453932523727e-02, 2.661453932523727e-02, 2.661453932523727e-02, 2.661453932523727e-02, 2.661453932523727e-02, 2.661453932523727e-02, 2.661453932523727e-02, 2.661453932523727e-02, 2.661453932523727e-02, 2.661453932523727e-02]
embeddedPipe.R_r_val=[1.578417792916298e-02, 1.578417792916298e-02]
embeddedPipe.heatPortEmb[2].T=[2.831499938964844e+02, 2.853315734863281e+02, 2.868579711914062e+02, 2.890448608398438e+02, 2.904922790527344e+02, 2.917321472167969e+02, 2.930845031738281e+02, 2.937181091308594e+02, 2.942266540527344e+02, 2.946309814453125e+02, 2.949613037109375e+02, 2.949794616699219e+02, 2.949794616699219e+02, 2.949794616699219e+02, 2.949794616699219e+02, 2.949794616699219e+02, 2.949794616699219e+02, 2.949794616699219e+02, 2.949794616699219e+02, 2.949794616699219e+02, 2.949794616699219e+02, 2.946793823242188e+02, 2.942935180664062e+02, 2.938158569335938e+02, 2.931910095214844e+02, 2.918255310058594e+02, 2.908533020019531e+02, 2.896412048339844e+02, 2.876421203613281e+02, 2.854250793457031e+02, 2.831499938964844e+02, 2.831499938964844e+02, 2.831499938964844e+02, 2.831499938964844e+02, 2.831499938964844e+02, 2.831499938964844e+02, 2.831499938964844e+02, 2.831499938964844e+02, 2.831499938964844e+02, 2.831499938964844e+02, 2.831499938964844e+02, 2.831499938964844e+02, 2.831499938964844e+02, 2.831499938964844e+02, 2.831499938964844e+02, 2.831499938964844e+02, 2.831499938964844e+02, 2.831499938964844e+02, 2.831499938964844e+02, 2.831499938964844e+02, 2.831499938964844e+02, 2.847055969238281e+02, 2.867157592773438e+02, 2.890372009277344e+02, 2.904928588867188e+02, 2.917318115234375e+02, 2.930840759277344e+02, 2.937180786132812e+02, 2.942266235351562e+02, 2.946311340332031e+02, 2.949610900878906e+02, 2.949794616699219e+02, 2.949794616699219e+02, 2.949794616699219e+02, 2.949794616699219e+02, 2.949794616699219e+02, 2.949794616699219e+02, 2.949794616699219e+02, 2.949794616699219e+02, 2.949794616699219e+02, 2.949794616699219e+02, 2.946793823242188e+02, 2.942935180664062e+02, 2.938158569335938e+02, 2.931910095214844e+02, 2.918255310058594e+02, 2.908533020019531e+02, 2.896412048339844e+02, 2.876421203613281e+02, 2.854250793457031e+02, 2.831499938964844e+02, 2.831499938964844e+02, 2.831499938964844e+02, 2.831499938964844e+02, 2.831499938964844e+02, 2.831499938964844e+02, 2.831499938964844e+02, 2.831499938964844e+02, 2.831499938964844e+02, 2.831499938964844e+02, 2.831499938964844e+02, 2.831499938964844e+02, 2.831499938964844e+02, 2.831499938964844e+02, 2.831499938964844e+02, 2.831499938964844e+02, 2.831499938964844e+02, 2.831499938964844e+02, 2.831499938964844e+02, 2.831499938964844e+02, 2.831499938964844e+02]
embeddedPipe.heatPortEmb[1].T=[2.831499938964844e+02, 2.890495910644531e+02, 2.922615051269531e+02, 2.942816162109375e+02, 2.946525268554688e+02, 2.95344482421875e+02, 2.96880859375e+02, 2.970839538574219e+02, 2.9721728515625e+02, 2.973231506347656e+02, 2.974092712402344e+02, 2.974092712402344e+02, 2.974092712402344e+02, 2.974092712402344e+02, 2.974092712402344e+02, 2.974092712402344e+02, 2.974092712402344e+02, 2.974092712402344e+02, 2.974092712402344e+02, 2.974092712402344e+02, 2.974092712402344e+02, 2.973231506347656e+02, 2.9721728515625e+02, 2.970839538574219e+02, 2.96880859375e+02, 2.95344482421875e+02, 2.946525268554688e+02, 2.942816162109375e+02, 2.922615051269531e+02, 2.890495910644531e+02, 2.831499938964844e+02, 2.831499938964844e+02, 2.831499938964844e+02, 2.831499938964844e+02, 2.831499938964844e+02, 2.831499938964844e+02, 2.831499938964844e+02, 2.831499938964844e+02, 2.831499938964844e+02, 2.831499938964844e+02, 2.831499938964844e+02, 2.831499938964844e+02, 2.831499938964844e+02, 2.831499938964844e+02, 2.831499938964844e+02, 2.831499938964844e+02, 2.831499938964844e+02, 2.831499938964844e+02, 2.831499938964844e+02, 2.831499938964844e+02, 2.831499938964844e+02, 2.890495910644531e+02, 2.922615051269531e+02, 2.942816162109375e+02, 2.946525268554688e+02, 2.95344482421875e+02, 2.96880859375e+02, 2.970839538574219e+02, 2.9721728515625e+02, 2.973231506347656e+02, 2.974092712402344e+02, 2.974092712402344e+02, 2.974092712402344e+02, 2.974092712402344e+02, 2.974092712402344e+02, 2.974092712402344e+02, 2.974092712402344e+02, 2.974092712402344e+02, 2.974092712402344e+02, 2.974092712402344e+02, 2.974092712402344e+02, 2.973231506347656e+02, 2.9721728515625e+02, 2.970839538574219e+02, 2.96880859375e+02, 2.95344482421875e+02, 2.946525268554688e+02, 2.942816162109375e+02, 2.922615051269531e+02, 2.890495910644531e+02, 2.831499938964844e+02, 2.831499938964844e+02, 2.831499938964844e+02, 2.831499938964844e+02, 2.831499938964844e+02, 2.831499938964844e+02, 2.831499938964844e+02, 2.831499938964844e+02, 2.831499938964844e+02, 2.831499938964844e+02, 2.831499938964844e+02, 2.831499938964844e+02, 2.831499938964844e+02, 2.831499938964844e+02, 2.831499938964844e+02, 2.831499938964844e+02, 2.831499938964844e+02, 2.831499938964844e+02, 2.831499938964844e+02, 2.831499938964844e+02, 2.831499938964844e+02]
fixedTemperature.T=[2.831499938964844e+02, 2.831499938964844e+02]
boundary.T=[3.031499938964844e+02, 3.031499938964844e+02]
