last-generated=2022-04-10
statistics-simulation=
{
  "linear": "0, 0",
  "nonlinear": " ",
  "number of continuous time states": "24",
  "numerical Jacobians": "0"
}
time=[0e+00, 1e+04]
embeddedPipe.dp=[0e+00, 1.70415640625e+05, 3.674310546875e+04, 2.24859140625e+04, 2.0191658203125e+04, 1.97695546875e+04, 1.9692048828125e+04, 1.967668359375e+04, 1.9671484375e+04, 1.9671291015625e+04, 1.9671205078125e+04, 1.9671185546875e+04, 1.9671166015625e+04, 1.9671162109375e+04, 1.967116015625e+04, 1.9671158203125e+04, 1.9671154296875e+04, 1.9671154296875e+04, 1.9671154296875e+04, 1.9671154296875e+04, 1.9671154296875e+04, 1.9671154296875e+04, 1.9671154296875e+04, 1.9671154296875e+04, 1.9671154296875e+04, 1.9671154296875e+04, 1.9671154296875e+04, 1.9671154296875e+04, 1.9671154296875e+04, 1.9671154296875e+04, 1.9671154296875e+04, 1.9671154296875e+04, 1.9671154296875e+04, 1.9671154296875e+04, 1.967115234375e+04, 1.967115234375e+04, 1.967115234375e+04, 9.182422485351562e+02, 7.608602905273438e+01, 1.366003608703613e+01, 2.621282815933228e+00, 4.646798372268677e-01, 5.546795949339867e-02, -2.15588640421629e-02, -3.054314106702805e-02, -2.126112207770348e-02, -1.178037561476231e-02, -5.31846983358264e-03, -4.283320158720016e-03, -3.248170949518681e-03, -2.213021507486701e-03, -1.177872065454721e-03, -5.934670916758478e-04, -5.336931208148599e-04, -4.73919149953872e-04, -4.141451499890536e-04, -3.543711500242347e-04, -2.945971791632479e-04, -2.348232083022594e-04, -1.750492228893563e-04, -1.152752374764532e-04, -5.550126661546528e-05, -3.467108763288707e-05, -3.289397864136845e-05, -3.111686964984983e-05, -2.933976065833122e-05, -2.75626516668126e-05, -2.578554267529398e-05, -2.400841913186012e-05, -2.223131014034154e-05, -2.04542011488229e-05, -1.867709215730429e-05, -1.689998316578567e-05, 1.20920283203125e+04, 1.8105990234375e+04, 1.937038671875e+04, 1.961116796875e+04, 1.9661150390625e+04, 1.966672265625e+04, 1.966903515625e+04, 1.9670173828125e+04, 1.967069140625e+04, 1.9670857421875e+04, 1.96710234375e+04, 1.9671068359375e+04, 1.9671083984375e+04, 1.9671099609375e+04, 1.96711171875e+04, 1.96711328125e+04, 1.967114453125e+04, 1.967114453125e+04, 1.9671146484375e+04, 1.9671146484375e+04, 1.9671146484375e+04, 1.96711484375e+04, 1.96711484375e+04, 1.9671150390625e+04, 1.9671150390625e+04, 1.967115234375e+04, 1.967115234375e+04, 1.967115234375e+04]
