last-generated=2022-04-10
statistics-simulation=
{
  "linear": " ",
  "nonlinear": " ",
  "number of continuous time states": "1",
  "numerical Jacobians": "0"
}
time=[0e+00, 6e+01]
senStr.port_a.m_flow=[1e+00, 9.800000198682163e-01, 9.599999801317882e-01, 9.399999960263539e-01, 9.200000198682181e-01, 8.999999761581421e-01, 8.799999920527108e-01, 8.600000079472923e-01, 8.399999801317788e-01, 8.199999960263665e-01, 8.00000011920929e-01, 7.79999968210894e-01, 7.599999841054343e-01, 7.400000158945657e-01, 7.200000158946351e-01, 6.99999988079071e-01, 6.800000198681517e-01, 6.600000198681959e-01, 6.399999920527331e-01, 6.199999920527772e-01, 6.000000238418579e-01, 5.799999960262938e-01, 5.599999960263381e-01, 5.400000278155198e-01, 5.199999682109193e-01, 5e-01, 4.800000019867583e-01, 4.600000337756495e-01, 4.399999721846254e-01, 4.199999741714786e-01, 4.000000059604645e-01, 3.800000079472228e-01, 3.600000397361141e-01, 3.399999781450899e-01, 3.199999801319429e-01, 3.00000011920929e-01, 2.800000139076874e-01, 2.600000158944457e-01, 2.399999692044879e-01, 2.1999998609236e-01, 2.000000029802322e-01, 1.800000198681045e-01, 1.600000218549101e-01, 1.399999751649524e-01, 1.199999846022203e-01, 1.000000014901161e-01, 8.000001092743132e-02, 6.000002409006062e-02, 3.9999973674789e-02, 1.999998683740042e-02, -2.442490654175344e-15, -1.999998683740042e-02, -3.9999973674789e-02, -6.000002409006062e-02, -7.999994735038643e-02, -1.000000014901161e-01, -1.200000481792654e-01, -1.39999975164548e-01, -1.600000218553142e-01, -1.799999562909882e-01, -2.000000029802322e-01, -2.200000496694763e-01, -2.399999692040838e-01, -2.600000158948497e-01, -2.799999503305237e-01, -3.00000011920929e-01, -3.200000437090118e-01, -3.399999781446858e-01, -3.600000397365184e-01, -3.799999443700592e-01, -4.000000059604645e-01, -4.200000377485471e-01, -4.39999972184221e-01, -4.600000337760537e-01, -4.799999384099737e-01, -5e-01, -5.200000317880829e-01, -5.399999960260792e-01, -5.60000027815779e-01, -5.799999324491305e-01, -6.000000238418579e-01, -6.200000556299408e-01, -6.399999602632921e-01, -6.600000516572576e-01, -6.799999562909882e-01, -6.99999988079071e-01, -7.200000794710408e-01, -7.399999841051502e-01, -7.600000158948498e-01, -7.799999205289592e-01, -8.00000011920929e-01, -8.200000437090118e-01, -8.399999483427424e-01, -8.600000397367079e-01, -8.799999443700592e-01, -8.999999761581421e-01, -9.200000675508695e-01, -9.39999972184221e-01, -9.600000039739208e-01, -9.799999682119171e-01, -1e+00]
senStr.s=[9.535916137695312e+01, 9.535916137695312e+01, 9.535916137695312e+01, 9.535916137695312e+01, 9.535916137695312e+01, 9.535916137695312e+01, 9.535916137695312e+01, 9.535916137695312e+01, 9.535916137695312e+01, 9.535916137695312e+01, 9.535916137695312e+01, 9.535916137695312e+01, 9.535916137695312e+01, 9.535916137695312e+01, 9.535916137695312e+01, 9.535916137695312e+01, 9.535916137695312e+01, 9.535916137695312e+01, 9.535916137695312e+01, 9.535916137695312e+01, 9.535916137695312e+01, 9.535916137695312e+01, 9.535916137695312e+01, 9.535916137695312e+01, 9.535916137695312e+01, 9.535916137695312e+01, 9.535916137695312e+01, 9.535916137695312e+01, 9.535916137695312e+01, 9.535916137695312e+01, 9.535916137695312e+01, 9.535916137695312e+01, 9.535916137695312e+01, 9.535916137695312e+01, 9.535916137695312e+01, 9.535916137695312e+01, 9.535916137695312e+01, 9.535916137695312e+01, 9.535916137695312e+01, 9.535916137695312e+01, 9.535916137695312e+01, 9.535916137695312e+01, 9.535916137695312e+01, 9.535916137695312e+01, 9.535916137695312e+01, 9.535916137695312e+01, 9.535916137695312e+01, 9.535916137695312e+01, 9.535916137695312e+01, 9.535916137695312e+01, 9.535915374755859e+01, 9.485721645507715e+01, 9.336075832272053e+01, 9.089607616692253e+01, 8.750668524674761e+01, 8.325209045410156e+01, 7.820565163932923e+01, 7.245231630207874e+01, 6.608667667538199e+01, 5.921029931489872e+01, 5.192862701416016e+01, 4.434894508043135e+01, 3.657753604035556e+01, 2.871680975466318e+01, 2.086396872817361e+01, 1.310864067077637e+01, 5.531645456349599e+00, -1.796185381485604e+00, -8.814878540931636e+00, -1.547537960754845e+01, -2.173989868164062e+01, -2.758130920187512e+01, -3.298270515054806e+01, -3.793668961244077e+01, -4.244417996636651e+01, -4.65135612487793e+01, -5.015933710675844e+01, -5.340107334700977e+01, -5.626227905814775e+01, -5.876917808086954e+01, -6.094989395141602e+01, -6.283326013625575e+01, -6.444833944356876e+01, -6.582371679147715e+01, -6.698688994170038e+01, -6.796390533447266e+01, -6.877885622059338e+01, -6.945399395721103e+01, -7.000958314517216e+01, -7.046375931390509e+01, -7.083258056640625e+01, -7.113008183856377e+01, -7.136846896188942e+01, -7.155823537781245e+01, -7.170830501275309e+01, -7.182622528076172e+01, -7.191827412649607e+01, -7.198967734751373e+01, -7.204469305268192e+01, -7.208679952583262e+01, -7.211881256103516e+01]
senFloSou.s=[9.535916137695312e+01, 9.535916137695312e+01]
