last-generated=2022-07-20
statistics-initialization=
{
  "nonlinear": "7",
  "numerical Jacobians": "0"
}
statistics-simulation=
{
  "linear": "0, 0, 0, 0, 0, 0, 0, 0, 0, 4, 0, 0",
  "nonlinear": "1",
  "number of continuous time states": "28",
  "numerical Jacobians": "0"
}
time=[1e+07, 1.1e+07]
zone.TSensor=[2.931499938964844e+02, 2.9300634765625e+02, 2.927036743164062e+02, 2.923843994140625e+02, 2.920615844726562e+02, 2.917611999511719e+02, 2.918304138183594e+02, 2.922846984863281e+02, 2.922458801269531e+02, 2.9196435546875e+02, 2.917042236328125e+02, 2.913858337402344e+02, 2.910429382324219e+02, 2.906760864257812e+02, 2.904062194824219e+02, 2.904955139160156e+02, 2.9070703125e+02, 2.907426147460938e+02, 2.906049499511719e+02, 2.903887634277344e+02, 2.900549011230469e+02, 2.896716613769531e+02, 2.89339599609375e+02, 2.900224304199219e+02, 2.910792236328125e+02, 2.914287719726562e+02, 2.916072998046875e+02, 2.90947021484375e+02, 2.906390686035156e+02, 2.903649291992188e+02, 2.901097412109375e+02, 2.89919189453125e+02, 2.905782775878906e+02, 2.90968994140625e+02, 2.913728332519531e+02, 2.91103271484375e+02, 2.906459350585938e+02, 2.902733459472656e+02, 2.898904418945312e+02, 2.895442504882812e+02, 2.898186950683594e+02, 2.9070361328125e+02, 2.913401184082031e+02, 2.913847351074219e+02, 2.906787414550781e+02, 2.902657470703125e+02, 2.898842163085938e+02, 2.894844665527344e+02, 2.891625671386719e+02, 2.898989562988281e+02, 2.908363342285156e+02, 2.913951416015625e+02, 2.913502197265625e+02, 2.907860717773438e+02, 2.904485473632812e+02, 2.900277709960938e+02, 2.89582763671875e+02, 2.895020751953125e+02, 2.908668823242188e+02, 2.918176574707031e+02, 2.922377624511719e+02, 2.918914489746094e+02, 2.915179138183594e+02, 2.912679748535156e+02, 2.909863891601562e+02, 2.906956481933594e+02, 2.907804565429688e+02, 2.914159545898438e+02, 2.918582153320312e+02, 2.91809814453125e+02, 2.915947265625e+02, 2.912647399902344e+02, 2.908401794433594e+02, 2.903985595703125e+02, 2.90096435546875e+02, 2.905462646484375e+02, 2.912712097167969e+02, 2.914982604980469e+02, 2.915021362304688e+02, 2.913335266113281e+02, 2.910485229492188e+02, 2.907281799316406e+02, 2.903551330566406e+02, 2.904954833984375e+02, 2.918243713378906e+02, 2.927803955078125e+02, 2.932222290039062e+02, 2.929002075195312e+02, 2.926449279785156e+02, 2.923529052734375e+02, 2.92062255859375e+02, 2.918194580078125e+02, 2.925950317382812e+02, 2.938988952636719e+02, 2.947517395019531e+02, 2.950613708496094e+02, 2.946263122558594e+02, 2.943392944335938e+02, 2.941017761230469e+02, 2.93878173828125e+02, 2.937896728515625e+02]
