last-generated=2019-03-29
statistics-initialization=
{
  "nonlinear": "7",
  "numerical Jacobians": "0"
}
statistics-simulation=
{
  "linear": "0, 0, 0, 0, 0, 5, 0, 0, 0, 0, 0, 0, 0",
  "nonlinear": "1",
  "number of continuous time states": "32",
  "numerical Jacobians": "0"
}
zone.ppm=[3.970194702148438e+02, 6.120099487304688e+02, 8.03804931640625e+02, 8.88399658203125e+02, 8.414384765625e+02, 7.35025146484375e+02, 6.985574340820312e+02, 6.660242919921875e+02, 8.109336547851562e+02, 8.90162841796875e+02, 9.272161865234375e+02, 9.08927001953125e+02, 7.5012841796875e+02, 7.11951904296875e+02, 6.779736328124999e+02, 7.79587890625e+02, 8.822744140625e+02, 9.217753295898438e+02, 9.490217895507812e+02, 7.777868041992188e+02, 7.193384399414062e+02, 6.845631713867188e+02, 7.424910888671875e+02, 8.72481201171875e+02, 9.150195922851562e+02, 9.44362060546875e+02, 8.0715283203125e+02, 7.267847290039062e+02, 6.912061157226561e+02, 7.044487915039056e+02, 8.619088134765625e+02, 9.077268676757812e+02, 9.393317260742188e+02, 8.38774658203125e+02, 7.344010620117188e+02, 6.980006713867188e+02, 6.655276489257812e+02, 8.505208129882812e+02, 8.998715209960938e+02, 9.339129638671875e+02, 8.728347778320312e+02, 7.421932373046875e+02, 7.049522094726562e+02, 6.717291259765625e+02, 8.160227661132812e+02, 8.914103393554688e+02, 9.280772705078125e+02, 9.095211181640625e+02, 7.505379638671875e+02, 7.120642700195312e+02, 6.780739135742188e+02, 7.79677490234375e+02, 8.822970581054688e+02, 9.2179052734375e+02, 9.490325927734375e+02, 7.777946166992177e+02, 7.193405151367185e+02, 6.845650634765627e+02, 7.424926147460924e+02, 8.724816284179688e+02, 9.150198364257812e+02, 9.443621826171875e+02, 8.0715283203125e+02, 7.267847900390625e+02, 6.912061767578125e+02, 7.04448974609375e+02, 8.619086303710938e+02, 9.077266845703125e+02, 9.39331298828125e+02, 8.387745971679688e+02, 7.344010009765625e+02, 6.980006713867188e+02, 6.65527587890625e+02, 8.50520751953125e+02, 8.9987158203125e+02, 9.339130859375e+02, 8.728344116210938e+02, 7.42193115234375e+02, 7.049520874023438e+02, 6.7172900390625e+02, 8.16022705078125e+02, 8.914105224609375e+02, 9.280767822265625e+02, 9.09520263671875e+02, 7.505371704101562e+02, 7.120640258789062e+02, 6.780736083984375e+02, 7.796774291992188e+02, 8.822973022460938e+02, 9.217907104492188e+02, 9.490326538085938e+02, 7.7779443359375e+02, 7.193404541015625e+02, 6.845650024414062e+02, 7.424925537109375e+02, 8.724815063476562e+02, 9.150198364257812e+02, 9.443626708984375e+02, 8.07151611328125e+02, 7.267846069335938e+02, 6.912059936523438e+02]
time=[0e+00, 1e+05]
pulse.y=[5e+00, 5e+00, 5e+00, 5e+00, 0e+00, 0e+00, 0e+00, 0e+00, 5e+00, 5e+00, 5e+00, 0e+00, 0e+00, 0e+00, 0e+00, 5e+00, 5e+00, 5e+00, 5e+00, 0e+00, 0e+00, 0e+00, 5e+00, 5e+00, 5e+00, 5e+00, 0e+00, 0e+00, 0e+00, 4.999999999999909e+00, 5e+00, 5e+00, 5e+00, 0e+00, 0e+00, 0e+00, 0e+00, 5e+00, 5e+00, 5e+00, 0e+00, 0e+00, 0e+00, 0e+00, 5e+00, 5e+00, 5e+00, 0e+00, 0e+00, 0e+00, 0e+00, 5e+00, 5e+00, 5e+00, 5e+00, 0e+00, 0e+00, 0e+00, 5e+00, 5e+00, 5e+00, 5e+00, 0e+00, 0e+00, 0e+00, 5e+00, 5e+00, 5e+00, 5e+00, 0e+00, 0e+00, 0e+00, 0e+00, 5e+00, 5e+00, 5e+00, 0e+00, 0e+00, 0e+00, 0e+00, 5e+00, 5e+00, 5e+00, 0e+00, 0e+00, 0e+00, 0e+00, 5e+00, 5e+00, 5e+00, 5e+00, 0e+00, 0e+00, 0e+00, 5e+00, 5e+00, 5e+00, 5e+00, 0e+00, 0e+00, 0e+00]
hys.y=[0e+00, 0e+00, 0e+00, 1e+00, 1e+00, 0e+00, 0e+00, 0e+00, 0e+00, 1e+00, 1e+00, 1e+00, 1e+00, 0e+00, 0e+00, 0e+00, 1e+00, 1e+00, 1e+00, 1e+00, 0e+00, 0e+00, 0e+00, 1e+00, 1e+00, 1e+00, 1e+00, 0e+00, 0e+00, 0e+00, 1e+00, 1e+00, 1e+00, 1e+00, 0e+00, 0e+00, 0e+00, 1e+00, 1e+00, 1e+00, 1e+00, 0e+00, 0e+00, 0e+00, 0e+00, 1e+00, 1e+00, 1e+00, 1e+00, 0e+00, 0e+00, 0e+00, 1e+00, 1e+00, 1e+00, 1e+00, 0e+00, 0e+00, 0e+00, 1e+00, 1e+00, 1e+00, 1e+00, 0e+00, 0e+00, 0e+00, 1e+00, 1e+00, 1e+00, 1e+00, 0e+00, 0e+00, 0e+00, 1e+00, 1e+00, 1e+00, 1e+00, 0e+00, 0e+00, 0e+00, 0e+00, 1e+00, 1e+00, 1e+00, 1e+00, 0e+00, 0e+00, 0e+00, 1e+00, 1e+00, 1e+00, 1e+00, 0e+00, 0e+00, 0e+00, 1e+00, 1e+00, 1e+00, 1e+00, 0e+00, 0e+00]
