last-generated=2023-05-02
statistics-initialization=
{
  "nonlinear": "7",
  "numerical Jacobians": "0"
}
statistics-simulation=
{
  "linear": "0, 0, 0, 0, 0, 0, 0, 0, 0, 4, 0, 0",
  "nonlinear": "1",
  "number of continuous time states": "28",
  "numerical Jacobians": "0"
}
time=[1e+07, 1.1e+07]
zone.TSensor=[2.931499938964844e+02, 2.935254516601562e+02, 2.93386962890625e+02, 2.93177001953125e+02, 2.929613647460938e+02, 2.927728576660156e+02, 2.929766540527344e+02, 2.935734252929688e+02, 2.936395874023438e+02, 2.934591369628906e+02, 2.93290771484375e+02, 2.930546264648438e+02, 2.927979125976562e+02, 2.92521728515625e+02, 2.923463745117188e+02, 2.92537109375e+02, 2.928589782714844e+02, 2.929893493652344e+02, 2.929284973144531e+02, 2.927744445800781e+02, 2.924959716796875e+02, 2.92177490234375e+02, 2.919148254394531e+02, 2.92144287109375e+02, 2.929597473144531e+02, 2.931854248046875e+02, 2.932451171875e+02, 2.931670532226562e+02, 2.929883422851562e+02, 2.9277734375e+02, 2.92581298828125e+02, 2.924585876464844e+02, 2.925147705078125e+02, 2.927417297363281e+02, 2.930251159667969e+02, 2.930316162109375e+02, 2.928705444335938e+02, 2.925781555175781e+02, 2.922577819824219e+02, 2.9197998046875e+02, 2.919831848144531e+02, 2.925128173828125e+02, 2.930201721191406e+02, 2.929519348144531e+02, 2.927247924804688e+02, 2.924658203125e+02, 2.921588134765625e+02, 2.918325500488281e+02, 2.915861511230469e+02, 2.918406677246094e+02, 2.925555114746094e+02, 2.930036926269531e+02, 2.929720458984375e+02, 2.928943786621094e+02, 2.926669311523438e+02, 2.923056335449219e+02, 2.919308776855469e+02, 2.918554992675781e+02, 2.926719055175781e+02, 2.934753723144531e+02, 2.937819519042969e+02, 2.937677307128906e+02, 2.936705627441406e+02, 2.935114135742188e+02, 2.932922668457031e+02, 2.930614624023438e+02, 2.9323193359375e+02, 2.939585266113281e+02, 2.944671020507812e+02, 2.944834594726562e+02, 2.943462219238281e+02, 2.940559997558594e+02, 2.93669189453125e+02, 2.932801208496094e+02, 2.930362548828125e+02, 2.935484008789062e+02, 2.943511657714844e+02, 2.946247863769531e+02, 2.946926879882812e+02, 2.945902404785156e+02, 2.943302612304688e+02, 2.94029052734375e+02, 2.9369091796875e+02, 2.937052917480469e+02, 2.945191955566406e+02, 2.95306640625e+02, 2.956058349609375e+02, 2.956358642578125e+02, 2.95595458984375e+02, 2.953747253417969e+02, 2.951165771484375e+02, 2.949106140136719e+02, 2.952802124023438e+02, 2.962809753417969e+02, 2.969899597167969e+02, 2.971643981933594e+02, 2.972485961914062e+02, 2.971141357421875e+02, 2.969366455078125e+02, 2.967529296875e+02, 2.96720947265625e+02]
