last-generated=2024-10-30
statistics-initialization=
{
  "nonlinear": "1",
  "numerical Jacobians": "0"
}
statistics-simulation=
{
  "linear": " ",
  "nonlinear": "0, 1",
  "number of continuous time states": "5",
  "numerical Jacobians": "0"
}
time=[0e+00, 3.6e+03]
conPID.u_s=[7.5e-01, 7.5e-01, 7.5e-01, 7.5e-01, 7.5e-01, 7.5e-01, 7.5e-01, 7.5e-01, 7.5e-01, 7.5e-01, 7.5e-01, 7.5e-01, 7.5e-01, 2.5e-01, 2.5e-01, 2.5e-01, 2.5e-01, 2.5e-01, 2.5e-01, 2.5e-01, 2.5e-01, 2.5e-01, 2.5e-01, 2.5e-01, 2.5e-01, 2.5e-01, 7.5e-01, 7.5e-01, 7.5e-01, 7.5e-01, 7.5e-01, 7.5e-01, 7.5e-01, 7.5e-01, 7.5e-01, 7.5e-01, 7.5e-01, 7.5e-01, 2.5e-01, 2.5e-01, 2.5e-01, 2.5e-01, 2.5e-01, 2.5e-01, 2.5e-01, 2.5e-01, 2.5e-01, 2.5e-01, 2.5e-01, 2.5e-01, 2.5e-01, 7.5e-01, 7.5e-01, 7.5e-01, 7.5e-01, 7.5e-01, 7.5e-01, 7.5e-01, 7.5e-01, 7.5e-01, 7.5e-01, 7.5e-01, 7.5e-01, 2.5e-01, 2.5e-01, 2.5e-01, 2.5e-01, 2.5e-01, 2.5e-01, 2.5e-01, 2.5e-01, 2.5e-01, 2.5e-01, 2.5e-01, 2.5e-01, 2.5e-01, 7.5e-01, 7.5e-01, 7.5e-01, 7.5e-01, 7.5e-01, 7.5e-01, 7.5e-01, 7.5e-01, 7.5e-01, 7.5e-01, 7.5e-01, 7.5e-01, 2.5e-01, 2.5e-01, 2.5e-01, 2.5e-01, 2.5e-01, 2.5e-01, 2.5e-01, 2.5e-01, 2.5e-01, 2.5e-01, 2.5e-01, 2.5e-01, 2.5e-01]
conPID.u_m=[0e+00, 5.442484617233276e-01, 6.575347185134888e-01, 7.08573579788208e-01, 7.313264608383179e-01, 7.416068315505981e-01, 7.462307810783386e-01, 7.483070492744446e-01, 7.492396831512451e-01, 7.496586441993713e-01, 7.498471140861511e-01, 7.499312162399292e-01, 7.49968945980072e-01, 4.6449214220047e-01, 3.463557958602904e-01, 2.932779788970947e-01, 2.692348062992096e-01, 2.583435475826263e-01, 2.536274492740631e-01, 2.515580356121063e-01, 2.506724894046783e-01, 2.502902150154114e-01, 2.501256465911865e-01, 2.500543296337128e-01, 2.500235736370087e-01, 2.500099241733551e-01, 6.067151427268982e-01, 6.856122016906739e-01, 7.210662364959718e-01, 7.369958162307739e-01, 7.441511750221252e-01, 7.473633885383606e-01, 7.48865008354187e-01, 7.494727373123169e-01, 7.497671842575073e-01, 7.49871551990509e-01, 7.497479319572449e-01, 7.496679425239563e-01, 4.644987285137177e-01, 3.463581502437592e-01, 2.931989729404449e-01, 2.691845595836639e-01, 2.58366197347641e-01, 2.536120712757111e-01, 2.515600323677063e-01, 2.506799101829529e-01, 2.50286877155304e-01, 2.501305639743805e-01, 2.500429153442383e-01, 2.500218152999878e-01, 2.500091791152954e-01, 6.067187190055847e-01, 6.857039332389832e-01, 7.208455204963684e-01, 7.369948029518129e-01, 7.441553473472595e-01, 7.473738193511963e-01, 7.488206624984741e-01, 7.494699358940125e-01, 7.497618198394775e-01, 7.4989253282547e-01, 7.499513030052185e-01, 7.499779462814331e-01, 4.64495837688446e-01, 3.459843993186951e-01, 2.932822406291962e-01, 2.691797912120819e-01, 2.583773732185364e-01, 2.536227107048035e-01, 2.515535354614258e-01, 2.506667375564575e-01, 2.503001391887665e-01, 2.501250505447388e-01, 2.500544190406799e-01, 2.500239312648773e-01, 2.500101625919342e-01, 6.067152619361877e-01, 6.856122612953186e-01, 7.210662364959717e-01, 7.369958162307739e-01, 7.441511750221252e-01, 7.47363269329071e-01, 7.488648891448975e-01, 7.494727969169617e-01, 7.49767005443573e-01, 7.498714327812195e-01, 7.497481107711792e-01, 7.496692538261414e-01, 4.644956290721893e-01, 3.461161255836487e-01, 2.932811081409454e-01, 2.692032754421234e-01, 2.58351743221283e-01, 2.536369264125824e-01, 2.515764236450195e-01, 2.506529986858368e-01, 2.502898275852203e-01, 2.501241564750671e-01, 2.500545978546143e-01, 2.50024676322937e-01, 2.500111162662506e-01]
conPID.y=[3.75e-01, 5.445734262466431e-01, 6.578864455223083e-01, 7.08740770816803e-01, 7.316854596138e-01, 7.419710159301758e-01, 7.465975284576416e-01, 7.486746311187744e-01, 7.496076226234436e-01, 7.500268220901489e-01, 7.502154111862183e-01, 7.50299334526062e-01, 7.503373622894287e-01, 4.644612371921539e-01, 3.463736176490783e-01, 2.933368682861328e-01, 2.697531878948212e-01, 2.595464587211609e-01, 2.551061511039734e-01, 2.532031536102295e-01, 2.523782551288605e-01, 2.520247399806976e-01, 2.518726289272308e-01, 2.51806765794754e-01, 2.517783343791962e-01, 2.517657279968262e-01, 6.070413589477539e-01, 6.859527826309205e-01, 7.214206457138063e-01, 7.373573184013367e-01, 7.445199489593506e-01, 7.47742772102356e-01, 7.491626143455505e-01, 7.498348951339722e-01, 7.501265406608582e-01, 7.502715587615967e-01, 7.504220008850098e-01, 7.505018711090088e-01, 4.644682109355927e-01, 3.463774025440216e-01, 2.933830618858337e-01, 2.697814106941223e-01, 2.595421075820923e-01, 2.551196813583374e-01, 2.532050907611847e-01, 2.523776888847351e-01, 2.520259618759155e-01, 2.51868337392807e-01, 2.51810610294342e-01, 2.517779171466827e-01, 2.517659068107605e-01, 6.070435643196106e-01, 6.859103441238403e-01, 7.215266823768616e-01, 7.373564243316652e-01, 7.445207238197327e-01, 7.477408051490784e-01, 7.491886019706726e-01, 7.498378753662109e-01, 7.501298189163208e-01, 7.502608299255371e-01, 7.503194212913513e-01, 7.50346302986145e-01, 4.644659459590912e-01, 3.465657532215118e-01, 2.933352589607239e-01, 2.697778344154358e-01, 2.595283985137939e-01, 2.55108505487442e-01, 2.532057464122772e-01, 2.523821294307709e-01, 2.520191967487335e-01, 2.518720924854279e-01, 2.518068253993988e-01, 2.517786622047424e-01, 2.517659366130829e-01, 6.070414781570435e-01, 6.859528422355652e-01, 7.214206457138062e-01, 7.373573184013367e-01, 7.445200085639954e-01, 7.477428317070007e-01, 7.491626739501953e-01, 7.498348951339722e-01, 7.501266598701477e-01, 7.502716183662415e-01, 7.50421941280365e-01, 7.505012154579163e-01, 4.644646346569061e-01, 3.465002775192261e-01, 2.933347821235657e-01, 2.697668969631195e-01, 2.59541243314743e-01, 2.551006972789764e-01, 2.531937658786774e-01, 2.523888051509857e-01, 2.520244121551514e-01, 2.518712878227234e-01, 2.518070042133331e-01, 2.51779317855835e-01, 2.517668008804321e-01]
