last-generated=2020-11-19
statistics-initialization=
{
  "nonlinear": "7, 7",
  "numerical Jacobians": "0"
}
statistics-simulation=
{
  "linear": "0, 0, 0, 0, 0, 0, 4, 0, 0, 0, 0, 0, 0, 0, 0, 0, 0, 0, 0, 0, 4, 0, 0, 0, 0, 0, 0,   0",
  "nonlinear": "1",
  "number of continuous time states": "64",
  "numerical Jacobians": "0"
}
time=[0e+00, 6.048e+05]
zoneIntWal.TSensor=[2.931499938964844e+02, 2.914964294433594e+02, 2.909990539550781e+02, 2.905618591308594e+02, 2.901479797363281e+02, 2.897917785644531e+02, 2.898719482421875e+02, 2.898531494140625e+02, 2.897262573242188e+02, 2.8941357421875e+02, 2.890207824707031e+02, 2.886709899902344e+02, 2.88322021484375e+02, 2.879619140625e+02, 2.875899047851562e+02, 2.871706237792969e+02, 2.867718811035156e+02, 2.863945617675781e+02, 2.860243835449219e+02, 2.856646423339844e+02, 2.855718383789062e+02, 2.854654235839844e+02, 2.852758178710938e+02, 2.850164184570312e+02, 2.846645202636719e+02, 2.843443603515625e+02, 2.840309753417969e+02, 2.837225341796875e+02, 2.833673400878906e+02, 2.831131896972656e+02, 2.828505554199219e+02, 2.825994873046875e+02, 2.823782958984375e+02, 2.821720275878906e+02, 2.8218310546875e+02, 2.823152770996094e+02, 2.823421325683594e+02, 2.823201904296875e+02, 2.821297912597656e+02, 2.819676208496094e+02, 2.818003234863281e+02, 2.816159057617188e+02, 2.814450073242188e+02, 2.812495422363281e+02, 2.810053405761719e+02, 2.80785400390625e+02, 2.80568359375e+02, 2.803578491210938e+02, 2.802889099121094e+02, 2.80791015625e+02, 2.809589538574219e+02, 2.809980163574219e+02, 2.807774963378906e+02, 2.804792785644531e+02, 2.802160339355469e+02, 2.799338989257812e+02, 2.796486511230469e+02, 2.793422546386719e+02, 2.790520324707031e+02, 2.787486877441406e+02, 2.784603881835938e+02, 2.781859436035156e+02, 2.780474548339844e+02, 2.802693481445312e+02, 2.830670471191406e+02, 2.852743225097656e+02, 2.849393005371094e+02, 2.836878967285156e+02, 2.831554870605469e+02, 2.827169494628906e+02, 2.823077697753906e+02, 2.819176025390625e+02, 2.815315551757812e+02, 2.811529846191406e+02, 2.808051452636719e+02, 2.804764709472656e+02, 2.801696166992188e+02, 2.800905151367188e+02, 2.798708801269531e+02, 2.804892883300781e+02, 2.8099853515625e+02, 2.804866943359375e+02, 2.801111755371094e+02, 2.798243408203125e+02, 2.795504455566406e+02, 2.792849731445312e+02, 2.790373840332031e+02, 2.787981567382812e+02, 2.785882263183594e+02, 2.783879699707031e+02, 2.781914367675781e+02, 2.781878356933594e+02, 2.784750061035156e+02, 2.786404418945312e+02, 2.78714111328125e+02, 2.785336608886719e+02, 2.783167419433594e+02, 2.781244506835938e+02, 2.779598083496094e+02, 2.777842407226562e+02, 2.775731506347656e+02]
zone.TSensor=[2.931499938964844e+02, 2.914964294433594e+02, 2.909990539550781e+02, 2.905618591308594e+02, 2.901479797363281e+02, 2.897917785644531e+02, 2.898719482421875e+02, 2.898531494140625e+02, 2.897262573242188e+02, 2.8941357421875e+02, 2.890207824707031e+02, 2.886709899902344e+02, 2.88322021484375e+02, 2.879619140625e+02, 2.875899047851562e+02, 2.871706237792969e+02, 2.867718811035156e+02, 2.863945617675781e+02, 2.860243835449219e+02, 2.856646423339844e+02, 2.855718383789062e+02, 2.854654235839844e+02, 2.852758178710938e+02, 2.850164184570312e+02, 2.846645202636719e+02, 2.843443603515625e+02, 2.840309753417969e+02, 2.837225341796875e+02, 2.833673400878906e+02, 2.831131896972656e+02, 2.828505554199219e+02, 2.825994873046875e+02, 2.823782958984375e+02, 2.821720275878906e+02, 2.8218310546875e+02, 2.823152770996094e+02, 2.823421325683594e+02, 2.823201904296875e+02, 2.821297912597656e+02, 2.819676208496094e+02, 2.818003234863281e+02, 2.816159057617188e+02, 2.814450073242188e+02, 2.812495422363281e+02, 2.810053405761719e+02, 2.80785400390625e+02, 2.80568359375e+02, 2.803578491210938e+02, 2.802889099121094e+02, 2.80791015625e+02, 2.809589538574219e+02, 2.809980163574219e+02, 2.807774963378906e+02, 2.804792785644531e+02, 2.802160339355469e+02, 2.799338989257812e+02, 2.796486511230469e+02, 2.793422546386719e+02, 2.790520324707031e+02, 2.787486877441406e+02, 2.784603881835938e+02, 2.781859436035156e+02, 2.780474548339844e+02, 2.802693481445312e+02, 2.830670471191406e+02, 2.852743225097656e+02, 2.849393005371094e+02, 2.836878967285156e+02, 2.831554870605469e+02, 2.827169494628906e+02, 2.823077697753906e+02, 2.819176025390625e+02, 2.815315551757812e+02, 2.811529846191406e+02, 2.808051452636719e+02, 2.804764709472656e+02, 2.801696166992188e+02, 2.800905151367188e+02, 2.798708801269531e+02, 2.804892883300781e+02, 2.8099853515625e+02, 2.804866943359375e+02, 2.801111755371094e+02, 2.798243408203125e+02, 2.795504455566406e+02, 2.792849731445312e+02, 2.790373840332031e+02, 2.787981567382812e+02, 2.785882263183594e+02, 2.783879699707031e+02, 2.781914367675781e+02, 2.781878356933594e+02, 2.784750061035156e+02, 2.786404418945312e+02, 2.78714111328125e+02, 2.785336608886719e+02, 2.783167419433594e+02, 2.781244506835938e+02, 2.779598083496094e+02, 2.777842407226562e+02, 2.775731506347656e+02]
