last-generated=2023-05-02
statistics-simulation=
{
  "linear": " ",
  "nonlinear": " ",
  "number of continuous time states": "6",
  "numerical Jacobians": "0"
}
time=[0e+00, 3.6e+03]
rooA.T=[3.031499938964844e+02, 3.031025390625e+02, 3.030779418945312e+02, 3.030651550292969e+02, 3.030585327148438e+02, 3.030551147460938e+02, 3.030533142089844e+02, 3.030523986816406e+02, 3.030519104003906e+02, 3.030516662597656e+02, 3.030515441894531e+02, 3.030514831542969e+02, 3.030514526367188e+02, 3.030514221191406e+02, 3.030514221191406e+02, 3.030513916015625e+02, 3.030513916015625e+02, 3.030513916015625e+02, 3.030513916015625e+02, 3.030513916015625e+02, 3.030513916015625e+02, 3.030513916015625e+02, 3.030513916015625e+02, 3.030513916015625e+02, 3.030513916015625e+02, 3.030513916015625e+02, 3.030513916015625e+02, 3.030513916015625e+02, 3.030513916015625e+02, 3.030513916015625e+02, 3.030513916015625e+02, 3.030513916015625e+02, 3.030513916015625e+02, 3.030513916015625e+02, 3.030513916015625e+02, 3.030513916015625e+02, 3.030513916015625e+02, 3.030513916015625e+02, 3.030513916015625e+02, 3.030513916015625e+02, 3.030513916015625e+02, 3.030513916015625e+02, 3.030513916015625e+02, 3.030513916015625e+02, 3.030513916015625e+02, 3.030513916015625e+02, 3.030513916015625e+02, 3.030513916015625e+02, 3.030513916015625e+02, 3.030513916015625e+02, 3.030513916015625e+02, 3.030513916015625e+02, 3.030513916015625e+02, 3.030513916015625e+02, 3.030513916015625e+02, 3.030513916015625e+02, 3.030513916015625e+02, 3.030513916015625e+02, 3.030513916015625e+02, 3.030513916015625e+02, 3.030513916015625e+02, 3.030513916015625e+02, 3.030513916015625e+02, 3.030513916015625e+02, 3.030513916015625e+02, 3.030513916015625e+02, 3.030513916015625e+02, 3.030513916015625e+02, 3.030513916015625e+02, 3.030513916015625e+02, 3.030513916015625e+02, 3.030513916015625e+02, 3.030513916015625e+02, 3.030513916015625e+02, 3.030513916015625e+02, 3.030513916015625e+02, 3.030513916015625e+02, 3.030513916015625e+02, 3.030513916015625e+02, 3.030513916015625e+02, 3.030513916015625e+02, 3.030513916015625e+02, 3.030513916015625e+02, 3.030513916015625e+02, 3.030513916015625e+02, 3.030513916015625e+02, 3.030513916015625e+02, 3.030513916015625e+02, 3.030513916015625e+02, 3.030513916015625e+02, 3.030513916015625e+02, 3.030513916015625e+02, 3.030513916015625e+02, 3.030513916015625e+02, 3.030513916015625e+02, 3.030513916015625e+02, 3.030513916015625e+02, 3.030513916015625e+02, 3.030513916015625e+02, 3.030513916015625e+02, 3.030513916015625e+02]
rooB.T=[2.931499938964844e+02, 2.979263000488281e+02, 3.003955993652344e+02, 3.016747741699219e+02, 3.023377075195312e+02, 3.026812438964844e+02, 3.028593444824219e+02, 3.0295166015625e+02, 3.029996948242188e+02, 3.030245361328125e+02, 3.030374755859375e+02, 3.030441589355469e+02, 3.03047607421875e+02, 3.030494079589844e+02, 3.030503540039062e+02, 3.030508117675781e+02, 3.030509643554688e+02, 3.030510864257812e+02, 3.030512390136719e+02, 3.030513305664062e+02, 3.030513916015625e+02, 3.030513916015625e+02, 3.030513610839844e+02, 3.030513916015625e+02, 3.030513916015625e+02, 3.030514221191406e+02, 3.030513916015625e+02, 3.030513916015625e+02, 3.030513610839844e+02, 3.030513305664062e+02, 3.030513305664062e+02, 3.030513305664062e+02, 3.030513610839844e+02, 3.030513916015625e+02, 3.030513916015625e+02, 3.030513916015625e+02, 3.030513916015625e+02, 3.030513916015625e+02, 3.030513916015625e+02, 3.030513610839844e+02, 3.030513610839844e+02, 3.030513610839844e+02, 3.030513610839844e+02, 3.030513610839844e+02, 3.030513610839844e+02, 3.030513610839844e+02, 3.030513916015625e+02, 3.030513916015625e+02, 3.030513916015625e+02, 3.030513916015625e+02, 3.030514221191406e+02, 3.030514221191406e+02, 3.030514526367188e+02, 3.030514526367188e+02, 3.030514221191406e+02, 3.030514221191406e+02, 3.030514526367188e+02, 3.030514526367188e+02, 3.030514526367188e+02, 3.030514526367188e+02, 3.030514221191406e+02, 3.030514221191406e+02, 3.030514221191406e+02, 3.030514221191406e+02, 3.030514221191406e+02, 3.030514221191406e+02, 3.030514221191406e+02, 3.030513916015625e+02, 3.030513916015625e+02, 3.030513916015625e+02, 3.030513916015625e+02, 3.030513916015625e+02, 3.030513916015625e+02, 3.030513916015625e+02, 3.030513916015625e+02, 3.030513916015625e+02, 3.030513916015625e+02, 3.030513916015625e+02, 3.030513916015625e+02, 3.030513916015625e+02, 3.030513916015625e+02, 3.030513916015625e+02, 3.030513916015625e+02, 3.030513916015625e+02, 3.030513916015625e+02, 3.030513916015625e+02, 3.030513916015625e+02, 3.030513916015625e+02, 3.030513916015625e+02, 3.030513916015625e+02, 3.030514221191406e+02, 3.030514221191406e+02, 3.030514221191406e+02, 3.030513916015625e+02, 3.030513916015625e+02, 3.030514221191406e+02, 3.030514221191406e+02, 3.030514221191406e+02, 3.030514221191406e+02, 3.030514526367188e+02, 3.030514526367188e+02]
rooA.Xi[1]=[1.499999966472387e-02, 1.497617084532976e-02, 1.496381405740976e-02, 1.495740283280611e-02, 1.495407707989216e-02, 1.495235320180655e-02, 1.495145913213491e-02, 1.495099533349276e-02, 1.495075505226851e-02, 1.495063025504351e-02, 1.495056506246328e-02, 1.49505315348506e-02, 1.495051383972168e-02, 1.495050545781851e-02, 1.495049986988306e-02, 1.495049800723791e-02, 1.495049707591534e-02, 1.495049707591534e-02, 1.495049614459276e-02, 1.495049521327019e-02, 1.495049521327019e-02, 1.495049521327019e-02, 1.495049521327019e-02, 1.495049521327019e-02, 1.495049521327019e-02, 1.495049521327019e-02, 1.495049521327019e-02, 1.495049521327019e-02, 1.495049521327019e-02, 1.495049521327019e-02, 1.495049521327019e-02, 1.495049521327019e-02, 1.495049521327019e-02, 1.495049521327019e-02, 1.495049521327019e-02, 1.495049521327019e-02, 1.495049521327019e-02, 1.495049521327019e-02, 1.495049521327019e-02, 1.495049521327019e-02, 1.495049521327019e-02, 1.495049521327019e-02, 1.495049521327019e-02, 1.495049521327019e-02, 1.495049521327019e-02, 1.495049521327019e-02, 1.495049521327019e-02, 1.495049521327019e-02, 1.495049521327019e-02, 1.495049521327019e-02, 1.495049521327019e-02, 1.495049521327019e-02, 1.495049521327019e-02, 1.495049521327019e-02, 1.495049521327019e-02, 1.495049521327019e-02, 1.495049521327019e-02, 1.495049521327019e-02, 1.495049521327019e-02, 1.495049521327019e-02, 1.495049521327019e-02, 1.495049521327019e-02, 1.495049521327019e-02, 1.495049521327019e-02, 1.495049521327019e-02, 1.495049521327019e-02, 1.495049521327019e-02, 1.495049521327019e-02, 1.495049521327019e-02, 1.495049521327019e-02, 1.495049521327019e-02, 1.495049521327019e-02, 1.495049521327019e-02, 1.495049521327019e-02, 1.495049521327019e-02, 1.495049521327019e-02, 1.495049521327019e-02, 1.495049521327019e-02, 1.495049521327019e-02, 1.495049521327019e-02, 1.495049521327019e-02, 1.495049521327019e-02, 1.495049521327019e-02, 1.495049521327019e-02, 1.495049521327019e-02, 1.495049521327019e-02, 1.495049521327019e-02, 1.495049521327019e-02, 1.495049521327019e-02, 1.495049521327019e-02, 1.495049521327019e-02, 1.495049521327019e-02, 1.495049521327019e-02, 1.495049521327019e-02, 1.495049521327019e-02, 1.495049521327019e-02, 1.495049521327019e-02, 1.495049521327019e-02, 1.495049521327019e-02, 1.495049521327019e-02, 1.495049521327019e-02]
rooB.Xi[1]=[9.999999776482582e-03, 1.238290779292583e-02, 1.361860800534487e-02, 1.425974164158106e-02, 1.459227874875069e-02, 1.476468611508608e-02, 1.485408097505569e-02, 1.490042172372341e-02, 1.492452900856733e-02, 1.493701059371233e-02, 1.49435019120574e-02, 1.494685746729374e-02, 1.494858600199223e-02, 1.494949404150248e-02, 1.494997460395098e-02, 1.495020277798176e-02, 1.495028287172318e-02, 1.495033502578735e-02, 1.49504067376256e-02, 1.495046634227037e-02, 1.495049055665731e-02, 1.495048683136702e-02, 1.495048031210899e-02, 1.495048403739929e-02, 1.495049428194761e-02, 1.495049986988306e-02, 1.495049614459276e-02, 1.495048683136702e-02, 1.49504765868187e-02, 1.49504654109478e-02, 1.495046447962523e-02, 1.495046447962523e-02, 1.495047379285097e-02, 1.495048403739929e-02, 1.495049055665731e-02, 1.495049521327019e-02, 1.495049521327019e-02, 1.495049335062504e-02, 1.495048776268959e-02, 1.495048124343157e-02, 1.495048124343157e-02, 1.495047472417355e-02, 1.495047099888325e-02, 1.495047565549612e-02, 1.495047565549612e-02, 1.495047938078642e-02, 1.495048496872187e-02, 1.495048962533474e-02, 1.495049241930246e-02, 1.495049614459276e-02, 1.495050266385078e-02, 1.495050825178623e-02, 1.495051383972168e-02, 1.495051570236683e-02, 1.495051290839911e-02, 1.495051197707653e-02, 1.495051570236683e-02, 1.495051849633455e-02, 1.495051942765713e-02, 1.495051756501198e-02, 1.495051197707653e-02, 1.495050918310881e-02, 1.495050825178623e-02, 1.495050638914108e-02, 1.495050452649593e-02, 1.495050266385078e-02, 1.495049986988306e-02, 1.495049800723791e-02, 1.495049614459276e-02, 1.495049521327019e-02, 1.495049428194761e-02, 1.495049335062504e-02, 1.495049428194761e-02, 1.495049335062504e-02, 1.495049335062504e-02, 1.495049428194761e-02, 1.495049428194761e-02, 1.495049428194761e-02, 1.495049521327019e-02, 1.495049521327019e-02, 1.495049521327019e-02, 1.495049614459276e-02, 1.495049614459276e-02, 1.495049614459276e-02, 1.495049614459276e-02, 1.495049614459276e-02, 1.495049707591534e-02, 1.495049707591534e-02, 1.495049800723791e-02, 1.495049800723791e-02, 1.495049800723791e-02, 1.495049800723791e-02, 1.495049800723791e-02, 1.495049707591534e-02, 1.495049707591534e-02, 1.495049893856049e-02, 1.495050266385078e-02, 1.495050638914108e-02, 1.495051011443138e-02, 1.495051477104425e-02, 1.49505203589797e-02]
zonFlo.port_a1.m_flow=[1.666666707023978e-03, 1.666666707023978e-03, 1.666666707023978e-03, 1.666666707023978e-03, 1.666666707023978e-03, 1.666666707023978e-03, 1.666666707023978e-03, 1.666666707023978e-03, 1.666666707023978e-03, 1.666666707023978e-03, 1.666666707023978e-03, 1.666666707023978e-03, 1.666666707023978e-03, 1.666666707023978e-03, 1.666666707023978e-03, 1.666666707023978e-03, 1.666666707023978e-03, 1.666666707023978e-03, 1.666666707023978e-03, 1.666666707023978e-03, 1.666666707023978e-03, 1.666666707023978e-03, 1.666666707023978e-03, 1.666666707023978e-03, 1.666666707023978e-03, 1.666666707023978e-03, 1.666666707023978e-03, 1.666666707023978e-03, 1.666666707023978e-03, 1.666666707023978e-03, 1.666666707023978e-03, 1.666666707023978e-03, 1.666666707023978e-03, 1.666666707023978e-03, 1.666666707023978e-03, 1.666666707023978e-03, 1.666666707023978e-03, 1.666666707023978e-03, 1.666666707023978e-03, 1.666666707023978e-03, 1.666666707023978e-03, 1.666666707023978e-03, 1.666666707023978e-03, 1.666666707023978e-03, 1.666666707023978e-03, 1.666666707023978e-03, 1.666666707023978e-03, 1.666666707023978e-03, 1.666666707023978e-03, 1.666666707023978e-03, 1.666666707023978e-03, 1.666666707023978e-03, 1.666666707023978e-03, 1.666666707023978e-03, 1.666666707023978e-03, 1.666666707023978e-03, 1.666666707023978e-03, 1.666666707023978e-03, 1.666666707023978e-03, 1.666666707023978e-03, 1.666666707023978e-03, 1.666666707023978e-03, 1.666666707023978e-03, 1.666666707023978e-03, 1.666666707023978e-03, 1.666666707023978e-03, 1.666666707023978e-03, 1.666666707023978e-03, 1.666666707023978e-03, 1.666666707023978e-03, 1.666666707023978e-03, 1.666666707023978e-03, 1.666666707023978e-03, 1.666666707023978e-03, 1.666666707023978e-03, 1.666666707023978e-03, 1.666666707023978e-03, 1.666666707023978e-03, 1.666666707023978e-03, 1.666666707023978e-03, 1.666666707023978e-03, 1.666666707023978e-03, 1.666666707023978e-03, 1.666666707023978e-03, 1.666666707023978e-03, 1.666666707023978e-03, 1.666666707023978e-03, 1.666666707023978e-03, 1.666666707023978e-03, 1.666666707023978e-03, 1.666666707023978e-03, 1.666666707023978e-03, 1.666666707023978e-03, 1.666666707023978e-03, 1.666666707023978e-03, 1.666666707023978e-03, 1.666666707023978e-03, 1.666666707023978e-03, 1.666666707023978e-03, 1.666666707023978e-03, 1.666666707023978e-03]
zonFlo.port_a2.m_flow=[1.666666707023978e-03, 1.666666707023978e-03, 1.666666707023978e-03, 1.666666707023978e-03, 1.666666707023978e-03, 1.666666707023978e-03, 1.666666707023978e-03, 1.666666707023978e-03, 1.666666707023978e-03, 1.666666707023978e-03, 1.666666707023978e-03, 1.666666707023978e-03, 1.666666707023978e-03, 1.666666707023978e-03, 1.666666707023978e-03, 1.666666707023978e-03, 1.666666707023978e-03, 1.666666707023978e-03, 1.666666707023978e-03, 1.666666707023978e-03, 1.666666707023978e-03, 1.666666707023978e-03, 1.666666707023978e-03, 1.666666707023978e-03, 1.666666707023978e-03, 1.666666707023978e-03, 1.666666707023978e-03, 1.666666707023978e-03, 1.666666707023978e-03, 1.666666707023978e-03, 1.666666707023978e-03, 1.666666707023978e-03, 1.666666707023978e-03, 1.666666707023978e-03, 1.666666707023978e-03, 1.666666707023978e-03, 1.666666707023978e-03, 1.666666707023978e-03, 1.666666707023978e-03, 1.666666707023978e-03, 1.666666707023978e-03, 1.666666707023978e-03, 1.666666707023978e-03, 1.666666707023978e-03, 1.666666707023978e-03, 1.666666707023978e-03, 1.666666707023978e-03, 1.666666707023978e-03, 1.666666707023978e-03, 1.666666707023978e-03, 1.666666707023978e-03, 1.666666707023978e-03, 1.666666707023978e-03, 1.666666707023978e-03, 1.666666707023978e-03, 1.666666707023978e-03, 1.666666707023978e-03, 1.666666707023978e-03, 1.666666707023978e-03, 1.666666707023978e-03, 1.666666707023978e-03, 1.666666707023978e-03, 1.666666707023978e-03, 1.666666707023978e-03, 1.666666707023978e-03, 1.666666707023978e-03, 1.666666707023978e-03, 1.666666707023978e-03, 1.666666707023978e-03, 1.666666707023978e-03, 1.666666707023978e-03, 1.666666707023978e-03, 1.666666707023978e-03, 1.666666707023978e-03, 1.666666707023978e-03, 1.666666707023978e-03, 1.666666707023978e-03, 1.666666707023978e-03, 1.666666707023978e-03, 1.666666707023978e-03, 1.666666707023978e-03, 1.666666707023978e-03, 1.666666707023978e-03, 1.666666707023978e-03, 1.666666707023978e-03, 1.666666707023978e-03, 1.666666707023978e-03, 1.666666707023978e-03, 1.666666707023978e-03, 1.666666707023978e-03, 1.666666707023978e-03, 1.666666707023978e-03, 1.666666707023978e-03, 1.666666707023978e-03, 1.666666707023978e-03, 1.666666707023978e-03, 1.666666707023978e-03, 1.666666707023978e-03, 1.666666707023978e-03, 1.666666707023978e-03, 1.666666707023978e-03]
floExc.port_a1.m_flow=[1.999999955296516e-02, 1.999999955296516e-02]
floExc.port_a2.m_flow=[1.999999955296516e-02, 1.999999955296516e-02]
