last-generated=2022-04-10
statistics-simulation=
{
  "linear": "0",
  "nonlinear": "1",
  "number of continuous time states": "5",
  "numerical Jacobians": "0"
}
time=[0e+00, 3.6e+03]
roo.T=[2.931499938964844e+02, 2.931500244140625e+02, 2.931499938964844e+02, 2.931499938964844e+02, 2.931499938964844e+02, 2.931499938964844e+02, 2.931499938964844e+02, 2.931499938964844e+02, 2.931499938964844e+02, 2.931499938964844e+02, 2.931499938964844e+02, 2.931499938964844e+02, 2.931499938964844e+02, 2.931499938964844e+02, 2.931499938964844e+02, 2.931499938964844e+02, 2.931499938964844e+02, 2.93141357421875e+02, 2.9314111328125e+02, 2.9314111328125e+02, 2.9314111328125e+02, 2.9314111328125e+02, 2.9314111328125e+02, 2.9314111328125e+02, 2.9314111328125e+02, 2.9314111328125e+02, 2.9314111328125e+02, 2.9314111328125e+02, 2.9314111328125e+02, 2.9314111328125e+02, 2.9314111328125e+02, 2.9314111328125e+02, 2.9314111328125e+02, 2.9314111328125e+02, 2.9314111328125e+02, 2.9314111328125e+02, 2.9314111328125e+02, 2.9314111328125e+02, 2.9314111328125e+02, 2.9314111328125e+02, 2.9314111328125e+02, 2.9314111328125e+02, 2.9314111328125e+02, 2.9314111328125e+02, 2.9314111328125e+02, 2.9314111328125e+02, 2.9314111328125e+02, 2.9314111328125e+02, 2.9314111328125e+02, 2.9314111328125e+02, 2.9314111328125e+02, 2.93083251953125e+02, 2.930831604003906e+02, 2.930831909179688e+02, 2.930831909179688e+02, 2.930831909179688e+02, 2.930831909179688e+02, 2.930831909179688e+02, 2.930831909179688e+02, 2.930831909179688e+02, 2.930831909179688e+02, 2.930831909179688e+02, 2.930831909179688e+02, 2.930831909179688e+02, 2.930831909179688e+02, 2.930831909179688e+02, 2.930831909179688e+02, 2.93135986328125e+02, 2.931411743164062e+02, 2.9314111328125e+02, 2.9314111328125e+02, 2.9314111328125e+02, 2.9314111328125e+02, 2.9314111328125e+02, 2.9314111328125e+02, 2.9314111328125e+02, 2.9314111328125e+02, 2.9314111328125e+02, 2.9314111328125e+02, 2.9314111328125e+02, 2.9314111328125e+02, 2.9314111328125e+02, 2.9314111328125e+02, 2.9314111328125e+02, 2.9314111328125e+02, 2.9314111328125e+02, 2.9314111328125e+02, 2.9314111328125e+02, 2.9314111328125e+02, 2.9314111328125e+02, 2.9314111328125e+02, 2.9314111328125e+02, 2.9314111328125e+02, 2.9314111328125e+02, 2.9314111328125e+02, 2.9314111328125e+02, 2.9314111328125e+02, 2.9314111328125e+02, 2.9314111328125e+02, 2.9314111328125e+02, 2.9314111328125e+02]
bou0.T=[2.731499938964844e+02, 2.731499938964844e+02]
oriChiTop.m_flow=[-4.397908970713615e-02, 2.163715660572052e-02, 2.163768000900745e-02, 2.163770236074924e-02, 2.163768000900745e-02, 2.163768000900745e-02, 2.16376818716526e-02, 2.163770236074924e-02, 2.163775078952312e-02, 2.1637799218297e-02, 2.163783088326454e-02, 2.163783460855484e-02, 2.163778990507126e-02, 2.163769491016865e-02, 2.163772098720074e-02, 2.163774147629738e-02, 2.163775451481342e-02, 6.626343354582787e-03, 6.630795076489449e-03, 6.630777381360531e-03, 6.630781572312117e-03, 6.630785763263702e-03, 6.630789022892714e-03, 6.630790885537863e-03, 6.630792748183012e-03, 6.630794145166874e-03, 6.630796007812023e-03, 6.630797404795885e-03, 6.630797404795885e-03, 6.630797870457172e-03, 6.630797870457172e-03, 6.630797870457172e-03, 6.630797870457172e-03, 6.630797870457172e-03, 6.63079833611846e-03, 6.63079833611846e-03, 6.63079833611846e-03, 6.63079833611846e-03, 6.630797870457172e-03, 6.630797870457172e-03, 6.630797870457172e-03, 6.630797870457172e-03, 6.630797870457172e-03, 6.630797870457172e-03, 6.630797870457172e-03, 6.630797870457172e-03, 6.630797870457172e-03, 6.630797870457172e-03, 6.630797870457172e-03, 6.630797870457172e-03, 6.630797870457172e-03, -2.16358620673418e-02, -2.163426950573921e-02, -2.163476683199406e-02, -2.163488231599331e-02, -2.163484506309032e-02, -2.163481526076794e-02, -2.163470536470413e-02, -2.163472026586533e-02, -2.163477428257465e-02, -2.163480594754219e-02, -2.163480781018734e-02, -2.163480781018734e-02, -2.163480967283249e-02, -2.163480967283249e-02, -2.163481153547764e-02, -2.163481153547764e-02, -6.538819521665573e-03, -6.631915923207998e-03, -6.630410440266132e-03, -6.631266325712204e-03, -6.630184128880501e-03, -6.630855146795511e-03, -6.630470044910908e-03, -6.630581803619862e-03, -6.631298456341028e-03, -6.629742681980133e-03, -6.630910560488701e-03, -6.630780175328255e-03, -6.630797870457172e-03, -6.630801130086184e-03, -6.630803924053907e-03, -6.630800198763609e-03, -6.630796939134598e-03, -6.63079647347331e-03, -6.63079647347331e-03, -6.63079647347331e-03, -6.630796939134598e-03, -6.630796939134598e-03, -6.630796939134598e-03, -6.630796939134598e-03, -6.630796939134598e-03, -6.630796939134598e-03, -6.630796939134598e-03, -6.630796939134598e-03, -6.630796939134598e-03, -6.630796939134598e-03, -6.630796939134598e-03, -6.630796939134598e-03, -6.630796939134598e-03, -6.630796939134598e-03]
oriBot.m_flow=[6.112580001354218e-02, -2.836152352392673e-02, -2.836232259869576e-02, -2.836235798895359e-02, -2.836232259869576e-02, -2.836232259869576e-02, -2.836232632398605e-02, -2.836235798895359e-02, -2.836243249475956e-02, -2.836250513792038e-02, -2.836255542933941e-02, -2.836255915462971e-02, -2.836249209940434e-02, -2.83623468130827e-02, -2.836238592863083e-02, -2.836241759359837e-02, -2.836243808269501e-02, 6.639809813350439e-03, 6.630800198763609e-03, 6.630836054682732e-03, 6.63082767277956e-03, 6.630819756537676e-03, 6.630813237279654e-03, 6.630809511989355e-03, 6.630805786699057e-03, 6.630802527070045e-03, 6.630798801779747e-03, 6.630796007812023e-03, 6.630796007812023e-03, 6.630796007812023e-03, 6.630795542150736e-03, 6.630795542150736e-03, 6.630795076489449e-03, 6.630795076489449e-03, 6.630795076489449e-03, 6.630794610828161e-03, 6.630794610828161e-03, 6.630794610828161e-03, 6.630795076489449e-03, 6.630795076489449e-03, 6.630795076489449e-03, 6.630795076489449e-03, 6.630795076489449e-03, 6.630795076489449e-03, 6.630795076489449e-03, 6.630795076489449e-03, 6.630795076489449e-03, 6.630795076489449e-03, 6.630795542150736e-03, 6.630795542150736e-03, 6.630795542150736e-03, 2.836678363382816e-02, 2.836436592042446e-02, 2.836512215435505e-02, 2.836529538035393e-02, 2.836523950099945e-02, 2.836519479751587e-02, 2.836502529680729e-02, 2.836504951119423e-02, 2.83651314675808e-02, 2.836517989635468e-02, 2.836518175899982e-02, 2.836518362164497e-02, 2.836518548429012e-02, 2.836518734693527e-02, 2.836518734693527e-02, 2.836518920958042e-02, -6.808715406805277e-03, -6.628592498600483e-03, -6.631570868194103e-03, -6.629858631640673e-03, -6.632022559642792e-03, -6.630681455135345e-03, -6.631450727581978e-03, -6.63122721016407e-03, -6.629794370383024e-03, -6.632905919104815e-03, -6.630569696426392e-03, -6.630830466747284e-03, -6.630795542150736e-03, -6.630789022892714e-03, -6.630783434957266e-03, -6.630790419876575e-03, -6.630797404795885e-03, -6.630797870457172e-03, -6.630797870457172e-03, -6.630797870457172e-03, -6.630797404795885e-03, -6.630797404795885e-03, -6.630796939134598e-03, -6.630796939134598e-03, -6.630796939134598e-03, -6.630796939134598e-03, -6.630796939134598e-03, -6.630796939134598e-03, -6.630796939134598e-03, -6.630796939134598e-03, -6.630796939134598e-03, -6.630796939134598e-03, -6.630796939134598e-03, -6.630796939134598e-03]
oriChiBot.m_flow=[-4.397908970713615e-02, 2.163715660572052e-02, 2.163768000900745e-02, 2.163770236074924e-02, 2.163768000900745e-02, 2.163768000900745e-02, 2.16376818716526e-02, 2.163770236074924e-02, 2.163775078952312e-02, 2.1637799218297e-02, 2.163783088326454e-02, 2.163783460855484e-02, 2.163778990507126e-02, 2.163769491016865e-02, 2.163772098720074e-02, 2.163774147629738e-02, 2.163775451481342e-02, 6.626343354582787e-03, 6.630795076489449e-03, 6.630777381360531e-03, 6.630781572312117e-03, 6.630785763263702e-03, 6.630789022892714e-03, 6.630790885537863e-03, 6.630792748183012e-03, 6.630794145166874e-03, 6.630796007812023e-03, 6.630797404795885e-03, 6.630797404795885e-03, 6.630797870457172e-03, 6.630797870457172e-03, 6.630797870457172e-03, 6.630797870457172e-03, 6.630797870457172e-03, 6.63079833611846e-03, 6.63079833611846e-03, 6.63079833611846e-03, 6.63079833611846e-03, 6.630797870457172e-03, 6.630797870457172e-03, 6.630797870457172e-03, 6.630797870457172e-03, 6.630797870457172e-03, 6.630797870457172e-03, 6.630797870457172e-03, 6.630797870457172e-03, 6.630797870457172e-03, 6.630797870457172e-03, 6.630797870457172e-03, 6.630797870457172e-03, 6.630797870457172e-03, -2.16358620673418e-02, -2.163426950573921e-02, -2.163476683199406e-02, -2.163488231599331e-02, -2.163484506309032e-02, -2.163481526076794e-02, -2.163470536470413e-02, -2.163472026586533e-02, -2.163477428257465e-02, -2.163480594754219e-02, -2.163480781018734e-02, -2.163480781018734e-02, -2.163480967283249e-02, -2.163480967283249e-02, -2.163481153547764e-02, -2.163481153547764e-02, -6.538819521665573e-03, -6.631915923207998e-03, -6.630410440266132e-03, -6.631266325712204e-03, -6.630184128880501e-03, -6.630855146795511e-03, -6.630470044910908e-03, -6.630581803619862e-03, -6.631298456341028e-03, -6.629742681980133e-03, -6.630910560488701e-03, -6.630780175328255e-03, -6.630797870457172e-03, -6.630801130086184e-03, -6.630803924053907e-03, -6.630800198763609e-03, -6.630796939134598e-03, -6.63079647347331e-03, -6.63079647347331e-03, -6.63079647347331e-03, -6.630796939134598e-03, -6.630796939134598e-03, -6.630796939134598e-03, -6.630796939134598e-03, -6.630796939134598e-03, -6.630796939134598e-03, -6.630796939134598e-03, -6.630796939134598e-03, -6.630796939134598e-03, -6.630796939134598e-03, -6.630796939134598e-03, -6.630796939134598e-03, -6.630796939134598e-03, -6.630796939134598e-03]
con.u_s=[2.931499938964844e+02, 2.931499938964844e+02]
con.u_m=[2.931499938964844e+02, 2.931500244140625e+02, 2.931499938964844e+02, 2.931499938964844e+02, 2.931499938964844e+02, 2.931499938964844e+02, 2.931499938964844e+02, 2.931499938964844e+02, 2.931499938964844e+02, 2.931499938964844e+02, 2.931499938964844e+02, 2.931499938964844e+02, 2.931499938964844e+02, 2.931499938964844e+02, 2.931499938964844e+02, 2.931499938964844e+02, 2.931499938964844e+02, 2.93141357421875e+02, 2.9314111328125e+02, 2.9314111328125e+02, 2.9314111328125e+02, 2.9314111328125e+02, 2.9314111328125e+02, 2.9314111328125e+02, 2.9314111328125e+02, 2.9314111328125e+02, 2.9314111328125e+02, 2.9314111328125e+02, 2.9314111328125e+02, 2.9314111328125e+02, 2.9314111328125e+02, 2.9314111328125e+02, 2.9314111328125e+02, 2.9314111328125e+02, 2.9314111328125e+02, 2.9314111328125e+02, 2.9314111328125e+02, 2.9314111328125e+02, 2.9314111328125e+02, 2.9314111328125e+02, 2.9314111328125e+02, 2.9314111328125e+02, 2.9314111328125e+02, 2.9314111328125e+02, 2.9314111328125e+02, 2.9314111328125e+02, 2.9314111328125e+02, 2.9314111328125e+02, 2.9314111328125e+02, 2.9314111328125e+02, 2.9314111328125e+02, 2.93083251953125e+02, 2.930831604003906e+02, 2.930831909179688e+02, 2.930831909179688e+02, 2.930831909179688e+02, 2.930831909179688e+02, 2.930831909179688e+02, 2.930831909179688e+02, 2.930831909179688e+02, 2.930831909179688e+02, 2.930831909179688e+02, 2.930831909179688e+02, 2.930831909179688e+02, 2.930831909179688e+02, 2.930831909179688e+02, 2.930831909179688e+02, 2.93135986328125e+02, 2.931411743164062e+02, 2.9314111328125e+02, 2.9314111328125e+02, 2.9314111328125e+02, 2.9314111328125e+02, 2.9314111328125e+02, 2.9314111328125e+02, 2.9314111328125e+02, 2.9314111328125e+02, 2.9314111328125e+02, 2.9314111328125e+02, 2.9314111328125e+02, 2.9314111328125e+02, 2.9314111328125e+02, 2.9314111328125e+02, 2.9314111328125e+02, 2.9314111328125e+02, 2.9314111328125e+02, 2.9314111328125e+02, 2.9314111328125e+02, 2.9314111328125e+02, 2.9314111328125e+02, 2.9314111328125e+02, 2.9314111328125e+02, 2.9314111328125e+02, 2.9314111328125e+02, 2.9314111328125e+02, 2.9314111328125e+02, 2.9314111328125e+02, 2.9314111328125e+02, 2.9314111328125e+02, 2.9314111328125e+02, 2.9314111328125e+02]
con.y=[0e+00, -1.247490290552378e-04, 4.305150014261017e-08, 5.901098120375536e-06, 3.174733365085558e-07, 1.041436803461693e-07, 4.93179754812445e-07, 4.517275556281681e-06, 1.343982239632169e-05, 2.234741805295926e-05, 2.846277857315727e-05, 2.90086190943839e-05, 2.120765020663384e-05, 3.77614355784317e-06, 8.721945050638176e-06, 1.2809057807317e-05, 1.533628164906986e-05, 4.318606480956078e-02, 4.443205147981644e-02, 4.442679882049561e-02, 4.442665353417397e-02, 4.442650452256203e-02, 4.442641511559486e-02, 4.442643374204636e-02, 4.442644864320755e-02, 4.442646354436874e-02, 4.442647844552994e-02, 4.442648962140083e-02, 4.442648962140083e-02, 4.442649334669113e-02, 4.442649334669113e-02, 4.442649334669113e-02, 4.442649707198143e-02, 4.442649707198143e-02, 4.442649707198143e-02, 4.442650079727173e-02, 4.442649707198143e-02, 4.442649707198143e-02, 4.442649707198143e-02, 4.442649707198143e-02, 4.442649707198143e-02, 4.442649707198143e-02, 4.442649707198143e-02, 4.442649707198143e-02, 4.442649707198143e-02, 4.442649707198143e-02, 4.442649707198143e-02, 4.442649707198143e-02, 4.442649707198143e-02, 4.442649707198143e-02, 4.442649707198143e-02, 3.337695598602295e-01, 3.341600298881531e-01, 3.340476453304291e-01, 3.340283632278442e-01, 3.340241312980652e-01, 3.340215384960175e-01, 3.340288400650024e-01, 3.340292572975159e-01, 3.340300023555756e-01, 3.340303897857666e-01, 3.34030419588089e-01, 3.340304493904114e-01, 3.340304493904114e-01, 3.340304791927338e-01, 3.340304791927338e-01, 3.340305089950562e-01, 7.003173977136612e-02, 4.406376555562019e-02, 4.441748186945915e-02, 4.442743211984634e-02, 4.44243922829628e-02, 4.442371428012848e-02, 4.442532733082771e-02, 4.442563652992249e-02, 4.442789033055305e-02, 4.442224279046059e-02, 4.442751780152321e-02, 4.442622885107994e-02, 4.442640393972397e-02, 4.442664235830307e-02, 4.442678019404411e-02, 4.442666471004486e-02, 4.442653059959412e-02, 4.442651942372322e-02, 4.442649707198143e-02, 4.442648217082024e-02, 4.442647844552994e-02, 4.442648217082024e-02, 4.442648589611053e-02, 4.442648589611053e-02, 4.442648589611053e-02, 4.442648589611053e-02, 4.442648589611053e-02, 4.442648589611053e-02, 4.442648589611053e-02, 4.442648589611053e-02, 4.442648589611053e-02, 4.442648589611053e-02, 4.442648589611053e-02, 4.442648589611053e-02]
