last-generated=2025-09-25
statistics-simulation=
{
  "linear": "0, 0",
  "nonlinear": "1",
  "number of continuous time states": "5",
  "numerical Jacobians": "0"
}
time=[0e+00, 2.592e+06]
pow_1dat1.V_flow=[0e+00, 4.645330314856366e-08, 0e+00, -6.396429634094238e+00, 1.204744625091553e+00, 1.696902465820312e+01, 3.30330741405487e-01, 1.624656944274873e+01, 1.06489559173584e+01, 1.845382988452912e-01, 2.72219068619961e-07, 1.577478408813477e-01, 4.934692859649659e-01, 3.671642971038819e+00, 2.481895923613817e-01, 6.19264554977417e+00, 0e+00, 0e+00, -6.196426582336425e+00, 2.041588830947876e+00, -1.696902656555176e+01, 4.304476547986269e-02, -4.017679786682129e+00, 9.880864143371584e-01, 4.046007633209229e+00, 1.949897050857544e+00, 1.269239044189453e+01, 5.027239036560059e+00, 4.295818471908386e+00, -1.084006233215332e+01, -8.558273315429688e+00, -8.851054044498597e-05, 0e+00, 8.929793739318848e+00, 1.314168807117907e-01, 5.927413463592529e+00, -1.870626983642578e+01, -8.701616859436035e+00, -8.977184486389159e+00, -5.55730583190918e+01, -1.085987663269043e+01, 1.319034328460693e+01, 3.446230781264603e-04, 6.266906142234803e-01, 7.318343035876752e-04, 2.339594260547528e-07, 5.286682033538819e+00, 3.60646276473999e+00, 1.620654067993164e+01, -8.906658458709718e+00, -2.232123184204102e+01, -9.098732566833496e+00, -2.15673698425293e+01, 2.182844591140747e+00, 1.039131622314453e+01, 1.230568790435791e+01, 1.407916336059703e+01, 1.959624900817932e+01, 6.449185657501221e+00, 5.905601024627686e+00, 8.026060640986543e-06, 1.033881034851074e+01, 4.694799757003784e+00, -2.77091236114502e+01, -3.999652404785157e+01, -1.689129257202148e+01, -3.342678527832031e+01, -3.560433731079102e+01, -4.708330154418826e+00, -1.168185157775953e+01, 3.263507604598999e+00, 3.441976547241211e+00, 3.494332427978516e+01, 1.536060695648193e+01, -2.457709884643555e+01, -1.429231548309326e+01, -3.034441299438476e+01, -4.997243499755859e+00, -7.122198581695557e+00, -3.932362365722656e+01, 5.088293552398682e+00, 1.425830097198486e+01, -1.544312515258789e+01, -2.214479560852051e+01, 1.941746139526367e+00, 2.827222061157227e+01, -6.79058723449707e+00, -1.20846962928772e+00, -8.185182571411133e+00, -3.40185546875e+01, -4.499996185302734e+00, -8.612149810791015e+00, -2.985601539611816e+01, -9.996182060241699e+00, 3.618622398376465e+00, 6.887268543243408e+00, 3.583831119537353e+00, 1.891032767295837e+00, 2.265236330032349e+00, 3.853026428222656e+01, -1.433540439605713e+01]
pow_1dat.V_flow=[0e+00, -4.645330314856366e-08, 0e+00, -6.396429634094238e+00, 1.204744100570679e+00, 1.696902656555176e+01, 3.303296089172363e-01, 1.624657707214326e+01, 1.064896144866943e+01, 1.845274671912193e-01, -2.72219068619961e-07, 1.577478677034378e-01, 4.934691846370697e-01, 3.671612882614136e+00, 2.481744587420732e-01, 6.192638397216797e+00, 0e+00, 0e+00, -6.196379089355469e+00, 2.041658449172973e+00, -1.696902656555176e+01, 4.304475979879498e-02, -4.017680644989014e+00, 9.880890846252441e-01, 4.046007633209229e+00, 1.949894070625305e+00, 1.269239044189453e+01, 5.027341079711914e+00, 4.296558666229065e+00, -1.084006462097168e+01, -8.558272361755371e+00, 8.851054044498597e-05, 0e+00, 8.929797363281249e+00, 1.314138673244682e-01, 5.927413463592529e+00, -1.870626983642578e+01, -8.701088619232177e+00, -8.977183151245118e+00, -5.55730583190918e+01, -1.085987758636475e+01, 1.319034538269043e+01, -3.446230781264603e-04, 6.26690685749054e-01, -7.318343035876752e-04, -2.339594260547528e-07, 5.286733722686767e+00, 3.606491279602051e+00, 1.620654067993164e+01, -8.906658267974853e+00, -2.232123756408691e+01, -9.098732566833496e+00, -2.15673698425293e+01, 2.182844448089599e+00, 1.03913143157959e+01, 1.230568981170654e+01, 1.407916336059703e+01, 1.959624900817932e+01, 6.449203872680664e+00, 5.905600261688233e+00, -8.026060640986543e-06, 1.033881168365479e+01, 4.694814586639405e+00, -2.770912170410156e+01, -3.999652481079102e+01, -1.689129447937012e+01, -3.342678527832031e+01, -3.560433731079102e+01, -4.708329963683963e+00, -1.168175373077466e+01, 3.263514757156372e+00, 3.441976737976074e+00, 3.494332427978516e+01, 1.536060638427734e+01, -2.457709884643555e+01, -1.429206085205078e+01, -3.034441299438476e+01, -4.997243213653564e+00, -7.122199726104737e+00, -3.932362365722656e+01, 5.088292598724365e+00, 1.425830097198486e+01, -1.544312362670899e+01, -2.214479560852051e+01, 1.941725635528564e+00, 2.827221870422363e+01, -6.790587329864502e+00, -1.208555316925049e+00, -8.185180854797363e+00, -3.40185546875e+01, -4.499996662139893e+00, -8.6121506690979e+00, -2.985601539611816e+01, -9.996178817749023e+00, 3.618622589111328e+00, 6.887269020080566e+00, 3.583831262588501e+00, 1.89098641872406e+00, 2.265236306190491e+00, 3.853026428222656e+01, -1.433540344238281e+01]
pow_1dat1.dp=[0e+00, 1.996522769331932e-09, 0e+00, -8.563536047935486e-01, 6.909032762050629e-02, 3.75189995765686e+00, 1.54495969414711e-02, 3.558146667480375e+00, 1.854442811012268e+00, 8.698106184601786e-03, 1.169973984360695e-08, 6.9987952709198e-03, 2.457785280421376e-02, 3.689728856086731e-01, 1.139724589883952e-02, 8.146052360534668e-01, 0e+00, 0e+00, -1.524138736724853e+00, 1.517356693744659e-01, -3.75189995765686e+00, 1.860692899208516e-03, -4.245919167995453e-01, 9.24458295106888e-02, 4.275751233100891e-01, 1.414315700531006e-01, 2.417713403701782e+00, 6.146085739135743e-01, 4.701674640178374e-01, -1.908194398880005e+00, -1.329967498779297e+00, -3.804106381721795e-06, 0e+00, 2.296786689758301e+00, 5.970148055342975e-03, 7.623293399810791e-01, -4.349034595489502e+00, -1.571763265132904e+00, -1.434715747833252e+00, -2.263979415893555e+01, -1.907947421073914e+00, 2.566968297958374e+00, 1.481160288676619e-05, 2.847009338438511e-02, 3.145361260976642e-05, 1.005537342280149e-08, 6.410328269004821e-01, 3.683961153030396e-01, 3.503051471710205e+00, -1.450483322143555e+00, -5.683908462524414e+00, -1.459276342391968e+00, -5.396650695800782e+00, 1.692829638719559e-01, 1.785056257247925e+00, 2.305740118026733e+00, 2.837707185745658e+00, 4.669079113006809e+00, 8.671690464019776e-01, 7.58128821849823e-01, 3.449531504884362e-07, 1.772571730613709e+00, 6.370176911354064e-01, -7.889904594421386e+00, -1.375439395904541e+01, -3.725890159606934e+00, -1.048028259277344e+01, -1.153180465698242e+01, -5.380257368087561e-01, -2.134424114227504e+00, 3.086346983909607e-01, 3.352525115013122e-01, 1.120965805053711e+01, 3.227982091903686e+00, -6.577644538879395e+00, -2.892611980438232e+00, -9.05399055480957e+00, -5.923100113868713e-01, -1.007141256332397e+00, -1.340546436309814e+01, 6.049209237098694e-01, 2.882254219055176e+00, -3.255875062942505e+00, -5.616612434387207e+00, 1.477677047252655e-01, 8.131392478942871e+00, -9.381000518798828e-01, -1.353868067264557e-01, -1.256974315643311e+00, -1.076372566223145e+01, -5.021692514419556e-01, -1.343745899200439e+00, -8.831448554992676e+00, -1.686923789978027e+00, 3.609214305877685e-01, 9.569802284240723e-01, 3.560365974903107e-01, 1.389176562428474e-01, 1.934270650148392e-01, 1.299911804199219e+01, -2.905835390090942e+00]
pow_1dat.dp=[0e+00, -1.996522769331932e-09, 0e+00, -8.563535809516907e-01, 6.909028589725494e-02, 3.751900196075439e+00, 1.544952318072319e-02, 3.558149623870756e+00, 1.854444289207458e+00, 8.69768597185612e-03, -1.169973984360695e-08, 6.998797319829464e-03, 2.457784758880735e-02, 3.689682900905609e-01, 1.139681264757781e-02, 8.146038055419922e-01, 0e+00, 0e+00, -1.524127721786499e+00, 1.51743420958519e-01, -3.75189995765686e+00, 1.860692782793194e-03, -4.245920717716217e-01, 9.244619756937028e-02, 4.275751173496246e-01, 1.414312571287155e-01, 2.417713403701782e+00, 6.146230578422547e-01, 4.702840149402313e-01, -1.908195066452026e+00, -1.329967260360718e+00, 3.804106381721795e-06, 0e+00, 2.296788787841797e+00, 5.969993944739939e-03, 7.623293399810791e-01, -4.349034595489502e+00, -1.571700584888458e+00, -1.434715342521667e+00, -2.263979415893555e+01, -1.907947659492493e+00, 2.566968870162964e+00, -1.481160288676619e-05, 2.847009710967541e-02, -3.145361260976642e-05, -1.005537342280149e-08, 6.410423874855041e-01, 3.684013843536377e-01, 3.503051710128784e+00, -1.45048320889473e+00, -5.683910846710205e+00, -1.459276342391968e+00, -5.396650886535644e+00, 1.692829817533493e-01, 1.785055661201477e+00, 2.305740594863892e+00, 2.837707185745658e+00, 4.669079303741673e+00, 8.671726226806641e-01, 7.581286787986755e-01, -3.449531504884362e-07, 1.772572112083435e+00, 6.370209962129593e-01, -7.889904308319092e+00, -1.375439395904541e+01, -3.725890636444092e+00, -1.048028259277344e+01, -1.153180465698242e+01, -5.380257129668983e-01, -2.134397745132655e+00, 3.086357414722443e-01, 3.352525591850281e-01, 1.120965900421143e+01, 3.227981853485107e+00, -6.577644538879395e+00, -2.892534017562866e+00, -9.05399055480957e+00, -5.923099517822266e-01, -1.00714156627655e+00, -1.340546436309814e+01, 6.049207448959351e-01, 2.882254219055176e+00, -3.255874824523926e+00, -5.616612434387207e+00, 1.477656662464142e-01, 8.131391525268555e+00, -9.381000757217407e-01, -1.353992581367493e-01, -1.256974077224732e+00, -1.076372566223145e+01, -5.021693110466003e-01, -1.343745994567871e+00, -8.831448173522949e+00, -1.686923027038574e+00, 3.609214305877685e-01, 9.569802284240723e-01, 3.560366213321686e-01, 1.389131367206574e-01, 1.934270575642586e-01, 1.299911708831787e+01, -2.905835390090942e+00]
