last-generated=2023-10-17
statistics-simulation=
{
  "linear": "0, 0",
  "nonlinear": "1",
  "number of continuous time states": "5",
  "numerical Jacobians": "0"
}
time=[0e+00, 2.592e+06]
tabDat_m_flow.m_flow=[0e+00, -3.585591730210363e-13, 1.545497765631813e-09, -1.263835076242685e-02, 1.027141138911247e-03, 2.613018453121185e-02, 2.265342918690294e-04, 2.463220134377461e-02, 1.960152126848698e-02, 1.282212164369412e-04, -2.367552406212781e-05, 1.018871873384341e-04, 3.608825805713423e-04, 5.729315616190433e-03, 1.669873250647894e-04, 1.214023027569056e-02, 1.573281204980681e-07, -7.296178902034753e-07, -9.385136887431141e-03, 2.291605109348893e-03, -2.771934866905212e-02, 2.800786396619515e-05, -6.605447828769683e-03, 1.418348820880056e-03, 6.655970215797424e-03, 2.130263485014439e-03, 2.245613150298596e-02, 9.235867857933044e-03, 7.31030777096701e-03, -1.985556669533253e-02, -1.642508432269096e-02, -3.869912362119976e-07, -7.171183677261161e-13, 1.169666722416878e-02, 8.696214572401944e-05, 1.154111046344042e-02, -2.982368171215057e-02, -1.472259862348437e-02, -1.710264608263969e-02, -6.746132522821427e-02, -1.993360742926598e-02, 2.313500307500362e-02, -1.526199525869743e-07, 4.173964262008667e-04, -1.442361724457441e-06, -1.097211770684225e-05, 9.891139343380928e-03, 5.710984207689762e-03, 2.60169979184866e-02, -1.649192795157433e-02, -3.411753848195076e-02, -1.723379008471966e-02, -3.323269933462143e-02, 2.568549010902643e-03, 1.92524965852499e-02, 2.19076294451952e-02, 2.398935109377011e-02, 2.613058723509312e-02, 1.275332421064377e-02, 1.148789618164301e-02, -1.902770782180596e-05, 1.915394961833954e-02, 8.004490984603763e-03, -4.015685394406319e-02, -5.30242808163166e-02, -2.762791141867638e-02, -4.626048728823662e-02, -4.853703230619431e-02, -8.366094343363925e-03, -2.103196941316223e-02, 4.769401159137487e-03, 4.384300578385592e-03, 2.613346241414547e-02, 2.579243257641792e-02, -3.671462461352348e-02, -2.434408292174339e-02, -4.298727586865425e-02, -9.122197236865758e-03, -1.415678076446056e-02, -5.234676077961922e-02, 9.366396814584732e-03, 2.468988113105297e-02, -2.581160739064216e-02, -3.391172885894776e-02, 2.243781462311745e-03, 2.613210864365101e-02, -1.346612274646759e-02, -2.11707204580307e-03, -1.570288389921188e-02, -4.688171073794365e-02, -7.819885388016701e-03, -1.650314442813396e-02, -4.24651637673378e-02, -1.861149482429027e-02, 5.601682141423226e-03, 1.371272373944521e-02, 5.522747617214918e-03, 2.1067711757496e-03, 2.97045037150383e-03, 2.613424845039845e-02, -2.439741045236588e-02]
vent.m_flow=[0e+00, 0e+00, 0e+00, -1.081065200269222e-02, 1.665490632876754e-03, 2.264363877475262e-02, 3.776046214625239e-04, 2.190898768603771e-02, 1.590455137193203e-02, 2.125639555742964e-04, 0e+00, 1.713571575237438e-04, 5.994727020151913e-04, 7.064211834222078e-03, 2.787405974230856e-04, 1.055100932717323e-02, 0e+00, 0e+00, -7.639854401350021e-03, 3.552789613604545e-03, -2.264363877475262e-02, 4.559125827654497e-05, -7.566315680742263e-03, 2.064750017598271e-03, 7.640336081385613e-03, 3.332765074446797e-03, 1.816984489560127e-02, 8.85543916374445e-03, 7.98635743558381e-03, -1.611444279551506e-02, -1.348158903419971e-02, 0e+00, 0e+00, 1.073909439146519e-02, 1.460695857530028e-04, 1.020685397088528e-02, -2.437886521220207e-02, -1.274400781840086e-02, -1.396725289523601e-02, -5.562293529510498e-02, -1.614744402468204e-02, 1.870052665472031e-02, 0e+00, 6.965792621485889e-04, 0e+00, 0e+00, 9.359495528042317e-03, 6.692512519657611e-03, 2.186321318149567e-02, -1.379607748240233e-02, -2.787046134471893e-02, -1.412174236029387e-02, -2.71531593054533e-02, 3.893864527344704e-03, 1.561593078076839e-02, 1.775112003087997e-02, 1.964106559753556e-02, 2.536601610481798e-02, 1.087790075689554e-02, 1.01782413199544e-02, 0e+00, 1.555364225059748e-02, 7.40972701460123e-03, -3.148411512374878e-02, -4.04558964073658e-02, -2.047119103372097e-02, -3.335212394595146e-02, -3.395665511488914e-02, -7.071108557283723e-03, -1.370752695947951e-02, 4.273977130651474e-03, 4.320803191512823e-03, 2.617930583655834e-02, 1.469452697783709e-02, -2.02039074152708e-02, -1.288431510329247e-02, -2.187861204147339e-02, -4.693724121898413e-03, -6.572130229324102e-03, -2.329962775111198e-02, 3.784074215218425e-03, 9.77493654936552e-03, -9.835878014564514e-03, -1.220834627747536e-02, 6.214669672772288e-04, 1.296276226639748e-02, -2.936162473633886e-03, -3.765926114283501e-04, -2.880594972521066e-03, -1.093727331608534e-02, -8.254068088717759e-04, -1.774383499287069e-03, -7.182541117072105e-03, -1.354029099456966e-03, 2.141246426617727e-04, 3.942309995181859e-04, 9.398359252372756e-05, 2.056870071101003e-05, 1.288845614908496e-05, 2.157237904611975e-04, -7.121112588492906e-10]
