last-generated=2026-04-27
statistics-simulation=
{
  "linear": "0",
  "nonlinear": "1",
  "number of continuous time states": "1",
  "numerical Jacobians": "0"
}
time=[0e+00, 1.5e+04]
heaPum.Tin.T=[3.031499938964844e+02, 3.031499938964844e+02, 3.031499938964844e+02, 3.031499938964844e+02, 3.031499938964844e+02, 3.031499938964844e+02, 3.031499938964844e+02, 3.031499938964844e+02, 3.031499938964844e+02, 3.031499938964844e+02, 3.031499938964844e+02, 3.031499938964844e+02, 3.031499938964844e+02, 3.031499938964844e+02, 3.031499938964844e+02, 3.031499938964844e+02, 3.031499938964844e+02, 3.031499938964844e+02, 3.031499938964844e+02, 3.031499938964844e+02, 3.031499938964844e+02, 3.031499938964844e+02, 3.031499938964844e+02, 3.031499938964844e+02, 3.031499938964844e+02, 3.031499938964844e+02, 3.031499938964844e+02, 3.031499938964844e+02, 3.031499938964844e+02, 3.031499938964844e+02, 3.031499938964844e+02, 3.031499938964844e+02, 3.031499938964844e+02, 3.031499938964844e+02, 3.036513366699219e+02, 3.043860778808594e+02, 3.050770263671875e+02, 3.0569970703125e+02, 3.062320556640625e+02, 3.066552124023438e+02, 3.069542236328125e+02, 3.071184692382812e+02, 3.071421203613281e+02, 3.070243225097656e+02, 3.067693176269531e+02, 3.063860778808594e+02, 3.0588818359375e+02, 3.052933044433594e+02, 3.046224975585938e+02, 3.038995361328125e+02, 3.031499938964844e+02, 3.024004821777344e+02, 3.01677490234375e+02, 3.010066833496094e+02, 3.004118041992188e+02, 2.999139404296875e+02, 2.995307006835938e+02, 2.992756652832031e+02, 2.991578979492188e+02, 2.991815490722656e+02, 2.993457641601562e+02, 2.99644775390625e+02, 3.000679321289062e+02, 3.006003112792969e+02, 3.012229919433594e+02, 3.019139404296875e+02, 3.02648681640625e+02, 3.034011535644531e+02, 3.041447448730469e+02, 3.048531188964844e+02, 3.055011291503906e+02, 3.060658874511719e+02, 3.065273132324219e+02, 3.068691101074219e+02, 3.070791625976562e+02, 3.071499938964844e+02, 3.070791625976562e+02, 3.068691101074219e+02, 3.065273132324219e+02, 3.060658874511719e+02, 3.055011291503906e+02, 3.048531188964844e+02, 3.041447448730469e+02, 3.034011535644531e+02, 3.02648681640625e+02, 3.019139404296875e+02, 3.012229919433594e+02, 3.006003112792969e+02, 3.000679321289062e+02, 2.99644775390625e+02, 2.993457641601562e+02, 2.991815490722656e+02, 2.991578979492188e+02, 2.992756652832031e+02, 2.995307006835938e+02, 2.999139404296875e+02, 3.004118041992188e+02, 3.010066833496094e+02, 3.01677490234375e+02, 3.024004821777344e+02, 3.031499938964844e+02]
heaPum.TSet=[3.081499938964844e+02, 3.081499938964844e+02]
heaPum.vol.T=[2.931499938964844e+02, 3.029743041992188e+02, 3.030608215332031e+02, 3.030621032714844e+02, 3.030621032714844e+02, 3.030620422363281e+02, 3.030620422363281e+02, 3.030620422363281e+02, 3.030620422363281e+02, 3.030620422363281e+02, 3.030620422363281e+02, 3.030620422363281e+02, 3.030620422363281e+02, 3.030620422363281e+02, 3.030620422363281e+02, 3.030620422363281e+02, 3.030620422363281e+02, 3.030620422363281e+02, 3.030620422363281e+02, 3.030620422363281e+02, 3.030620422363281e+02, 3.030620422363281e+02, 3.030620422363281e+02, 3.030620422363281e+02, 3.030620422363281e+02, 3.030620422363281e+02, 3.030620422363281e+02, 3.030620422363281e+02, 3.030620422363281e+02, 3.030620422363281e+02, 3.030620422363281e+02, 3.030620422363281e+02, 3.030620422363281e+02, 3.030620422363281e+02, 3.034085388183594e+02, 3.04134521484375e+02, 3.048303527832031e+02, 3.054635009765625e+02, 3.060114440917969e+02, 3.064551086425781e+02, 3.067783813476562e+02, 3.069698791503906e+02, 3.0702294921875e+02, 3.069355773925781e+02, 3.067110290527344e+02, 3.063570861816406e+02, 3.058865661621094e+02, 3.053157653808594e+02, 3.046654968261719e+02, 3.039578552246094e+02, 3.032191162109375e+02, 3.024743957519531e+02, 3.017507934570312e+02, 3.0107373046875e+02, 3.079545288085938e+02, 3.081474609375e+02, 3.081499938964844e+02, 3.081499633789062e+02, 3.081499328613281e+02, 3.081499328613281e+02, 3.0814990234375e+02, 3.081497802734375e+02, 3.081496887207031e+02, 3.081495971679688e+02, 3.081495361328125e+02, 3.081493530273438e+02, 3.081492309570312e+02, 3.081492919921875e+02, 3.081493835449219e+02, 3.047926025390625e+02, 3.052630920410156e+02, 3.058400573730469e+02, 3.063199157714844e+02, 3.066847229003906e+02, 3.069212646484375e+02, 3.070209045410156e+02, 3.069803771972656e+02, 3.06801025390625e+02, 3.064892272949219e+02, 3.060560302734375e+02, 3.05516357421875e+02, 3.048898315429688e+02, 3.04198486328125e+02, 3.034672241210938e+02, 3.027215576171875e+02, 3.019883728027344e+02, 3.01292724609375e+02, 3.075906982421875e+02, 3.081441955566406e+02, 3.081499328613281e+02, 3.081499938964844e+02, 3.081499633789062e+02, 3.081499328613281e+02, 3.081499328613281e+02, 3.081498107910156e+02, 3.081497192382812e+02, 3.081496276855469e+02, 3.081495361328125e+02, 3.081494140625e+02, 3.081492614746094e+02, 3.081492614746094e+02]
heaPum.modulation=[0e+00, 0e+00, 0e+00, 0e+00, 0e+00, 0e+00, 0e+00, 0e+00, 0e+00, 0e+00, 0e+00, 0e+00, 0e+00, 0e+00, 0e+00, 0e+00, 0e+00, 0e+00, 0e+00, 0e+00, 0e+00, 0e+00, 0e+00, 0e+00, 0e+00, 0e+00, 0e+00, 0e+00, 0e+00, 0e+00, 0e+00, 0e+00, 0e+00, 0e+00, 0e+00, 0e+00, 0e+00, 0e+00, 0e+00, 0e+00, 0e+00, 0e+00, 0e+00, 0e+00, 0e+00, 0e+00, 0e+00, 0e+00, 0e+00, 0e+00, 0e+00, 0e+00, 0e+00, 0e+00, 4.075651931762697e+01, 4.350741577148438e+01, 4.556741333007812e+01, 4.695172882080078e+01, 4.761213684082031e+01, 4.752463150024414e+01, 4.669161224365234e+01, 4.514192581176758e+01, 4.292992401123047e+01, 4.013354110717773e+01, 3.685162353515625e+01, 3.3200439453125e+01, 2.930969047546387e+01, 2.53178653717041e+01, 2.13671817779541e+01, 0e+00, 0e+00, 0e+00, 0e+00, 0e+00, 0e+00, 0e+00, 0e+00, 0e+00, 0e+00, 0e+00, 0e+00, 0e+00, 0e+00, 0e+00, 0e+00, 0e+00, 0e+00, 3.988526916503906e+01, 4.294846725463867e+01, 4.517448425292969e+01, 4.673804092407227e+01, 4.758743667602539e+01, 4.769348526000977e+01, 4.70531120300293e+01, 4.568943786621094e+01, 4.365101623535156e+01, 4.100997161865234e+01, 3.785724258422852e+01, 3.43021240234375e+01, 3.047055244445801e+01, 2.649831962585449e+01]
heaPum.COP=[0e+00, 0e+00, 0e+00, 0e+00, 0e+00, 0e+00, 0e+00, 0e+00, 0e+00, 0e+00, 0e+00, 0e+00, 0e+00, 0e+00, 0e+00, 0e+00, 0e+00, 0e+00, 0e+00, 0e+00, 0e+00, 0e+00, 0e+00, 0e+00, 0e+00, 0e+00, 0e+00, 0e+00, 0e+00, 0e+00, 0e+00, 0e+00, 0e+00, 0e+00, 0e+00, 0e+00, 0e+00, 0e+00, 0e+00, 0e+00, 0e+00, 0e+00, 0e+00, 0e+00, 0e+00, 0e+00, 0e+00, 0e+00, 0e+00, 0e+00, 0e+00, 0e+00, 0e+00, 0e+00, 4.454708099365233e+00, 4.321117401123047e+00, 4.25696325302124e+00, 4.216943264007568e+00, 4.197060585021973e+00, 4.195804595947266e+00, 4.21332836151123e+00, 4.251458168029785e+00, 4.314069747924805e+00, 4.407994270324707e+00, 4.544783115386963e+00, 4.744340419769287e+00, 4.980386257171631e+00, 4.976540088653564e+00, 4.972937107086182e+00, 0e+00, 0e+00, 0e+00, 0e+00, 0e+00, 0e+00, 0e+00, 0e+00, 0e+00, 0e+00, 0e+00, 0e+00, 0e+00, 0e+00, 0e+00, 0e+00, 0e+00, 0e+00, 4.522456169128418e+00, 4.312310218811035e+00, 4.24739933013916e+00, 4.207867622375488e+00, 4.188633918762207e+00, 4.187777519226074e+00, 4.205062866210938e+00, 4.241869449615479e+00, 4.301432609558105e+00, 4.389606475830078e+00, 4.516679286956787e+00, 4.700113296508789e+00, 4.9704270362854e+00, 5.010891914367676e+00]
heaPum.QCon_flow=[0e+00, 0e+00, 0e+00, 0e+00, 0e+00, 0e+00, 0e+00, 0e+00, 0e+00, 0e+00, 0e+00, 0e+00, 0e+00, 0e+00, 0e+00, 0e+00, 0e+00, 0e+00, 0e+00, 0e+00, 0e+00, 0e+00, 0e+00, 0e+00, 0e+00, 0e+00, 0e+00, 0e+00, 0e+00, 0e+00, 0e+00, 0e+00, 0e+00, 0e+00, 0e+00, 0e+00, 0e+00, 0e+00, 0e+00, 0e+00, 0e+00, 0e+00, 0e+00, 0e+00, 0e+00, 0e+00, 0e+00, 0e+00, 0e+00, 0e+00, 0e+00, 0e+00, 0e+00, 0e+00, 6.475000488281253e+03, 6.89173681640625e+03, 7.2125087890625e+03, 7.42596630859375e+03, 7.524546875e+03, 7.5047578125e+03, 7.36730078125e+03, 7.1170439453125e+03, 6.76285302734375e+03, 6.31727490234375e+03, 5.7960947265625e+03, 5.21777490234375e+03, 4.6028447265625e+03, 3.973248779296875e+03, 3.351097412109375e+03, 0e+00, 0e+00, 0e+00, 0e+00, 0e+00, 0e+00, 0e+00, 0e+00, 0e+00, 0e+00, 0e+00, 0e+00, 0e+00, 0e+00, 0e+00, 0e+00, 0e+00, 0e+00, 6.31724951171875e+03, 6.76285498046875e+03, 7.1170478515625e+03, 7.36730615234375e+03, 7.504765625e+03, 7.524556640625e+03, 7.42597802734375e+03, 7.2125224609375e+03, 6.891751953125e+03, 6.475029296875e+03, 5.9771171875e+03, 5.41565380859375e+03, 4.810529296875e+03, 4.18339013671875e+03]
heaPum.PEl=[0e+00, 0e+00, 0e+00, 0e+00, 0e+00, 0e+00, 0e+00, 0e+00, 0e+00, 0e+00, 0e+00, 0e+00, 0e+00, 0e+00, 0e+00, 0e+00, 0e+00, 0e+00, 0e+00, 0e+00, 0e+00, 0e+00, 0e+00, 0e+00, 0e+00, 0e+00, 0e+00, 0e+00, 0e+00, 0e+00, 0e+00, 0e+00, 0e+00, 0e+00, 0e+00, 0e+00, 0e+00, 0e+00, 0e+00, 0e+00, 0e+00, 0e+00, 0e+00, 0e+00, 0e+00, 0e+00, 0e+00, 0e+00, 0e+00, 0e+00, 0e+00, 0e+00, 0e+00, 0e+00, 1.453518432617189e+03, 1.59489697265625e+03, 1.694285034179688e+03, 1.760983154296875e+03, 1.792813354492188e+03, 1.7886337890625e+03, 1.748570190429688e+03, 1.674024047851562e+03, 1.567627075195312e+03, 1.433140380859375e+03, 1.275329223632812e+03, 1.099789306640625e+03, 9.241942749023438e+02, 7.983958129882812e+02, 6.738668212890625e+02, 0e+00, 0e+00, 0e+00, 0e+00, 0e+00, 0e+00, 0e+00, 0e+00, 0e+00, 0e+00, 0e+00, 0e+00, 0e+00, 0e+00, 0e+00, 0e+00, 0e+00, 0e+00, 1.396862426757812e+03, 1.568267211914062e+03, 1.675624877929688e+03, 1.750840942382812e+03, 1.79169775390625e+03, 1.796789916992188e+03, 1.765961181640625e+03, 1.700317016601562e+03, 1.60219921875e+03, 1.475081909179688e+03, 1.323343139648438e+03, 1.152238891601562e+03, 9.678302001953125e+02, 8.34859375e+02]
