last-generated=2021-09-17
statistics-initialization=
{
  "nonlinear": "5",
  "numerical Jacobians": "0"
}
statistics-simulation=
{
  "linear": "0, 0, 0, 0, 0",
  "nonlinear": "1",
  "number of continuous time states": "10",
  "numerical Jacobians": "0"
}
time=[0e+00, 3.1536e+07]
zone.T=[2.931499938964844e+02, 2.936581726074219e+02, 2.951419677734375e+02, 2.933550720214844e+02, 2.943112182617188e+02, 2.932281494140625e+02, 2.931508178710938e+02, 2.942316589355469e+02, 2.951409301757812e+02, 2.947769165039062e+02, 2.931817626953125e+02, 2.951156005859375e+02, 2.93157470703125e+02, 2.942503967285156e+02, 2.9501513671875e+02, 2.931921691894531e+02, 2.944371032714844e+02, 2.950538024902344e+02, 2.932374572753906e+02, 2.934905700683594e+02, 2.933368835449219e+02, 2.935121154785156e+02, 2.935028686523438e+02, 2.931679992675781e+02, 2.936947326660156e+02, 2.936105041503906e+02, 2.931546020507812e+02, 2.931904602050781e+02, 2.942466125488281e+02, 2.967220458984375e+02, 2.974005126953125e+02, 2.97278076171875e+02, 2.973038635253906e+02, 2.9720361328125e+02, 2.974527282714844e+02, 2.974382934570312e+02, 2.974025573730469e+02, 2.974246215820312e+02, 2.974088134765625e+02, 2.974887084960938e+02, 2.97528076171875e+02, 2.975379638671875e+02, 2.975239562988281e+02, 2.975830078125e+02, 2.975098876953125e+02, 2.974816284179688e+02, 2.975858459472656e+02, 2.975862426757812e+02, 2.97521728515625e+02, 2.975988159179688e+02, 2.974871826171875e+02, 2.975801086425781e+02, 2.97568115234375e+02, 2.975058898925781e+02, 2.975872802734375e+02, 2.97644775390625e+02, 2.975876770019531e+02, 2.975962524414062e+02, 2.976087036132812e+02, 2.975819396972656e+02, 2.975243835449219e+02, 2.975371398925781e+02, 2.974706420898438e+02, 2.975225830078125e+02, 2.975242309570312e+02, 2.97474609375e+02, 2.974830017089844e+02, 2.974789428710938e+02, 2.974937438964844e+02, 2.974887390136719e+02, 2.974450988769531e+02, 2.974119567871094e+02, 2.973481750488281e+02, 2.973294982910156e+02, 2.974190368652344e+02, 2.974136962890625e+02, 2.973048400878906e+02, 2.970632019042969e+02, 2.971888122558594e+02, 2.964541015625e+02, 2.962100524902344e+02, 2.96553466796875e+02, 2.95950927734375e+02, 2.960567932128906e+02, 2.959090881347656e+02, 2.955790710449219e+02, 2.951435852050781e+02, 2.940067138671875e+02, 2.933763427734375e+02, 2.931610717773438e+02, 2.93396728515625e+02, 2.933762817382812e+02, 2.934717102050781e+02, 2.932038269042969e+02, 2.931851806640625e+02, 2.931712646484375e+02, 2.944273376464844e+02, 2.950895080566406e+02, 2.931630859375e+02, 2.943159790039062e+02, 2.950068664550781e+02]
heaWat.u=[1e+00, 0e+00, 1e+00, 1e+00, 0e+00, 0e+00, 0e+00, 0e+00, 1e+00, 0e+00, 0e+00, 0e+00, 0e+00, 0e+00, 1e+00, 0e+00, 0e+00, 1e+00, 0e+00, 0e+00, 0e+00, 0e+00, 0e+00, 0e+00, 0e+00, 0e+00, 0e+00, 0e+00, 0e+00, 0e+00, 0e+00, 0e+00, 0e+00, 0e+00, 0e+00, 0e+00, 0e+00, 0e+00, 0e+00, 0e+00, 0e+00, 0e+00, 0e+00, 0e+00, 0e+00, 0e+00, 0e+00, 0e+00, 0e+00, 0e+00, 0e+00, 0e+00, 0e+00, 0e+00, 0e+00, 0e+00, 0e+00, 0e+00, 0e+00, 0e+00, 0e+00, 0e+00, 0e+00, 0e+00, 0e+00, 0e+00, 0e+00, 0e+00, 0e+00, 0e+00, 0e+00, 0e+00, 0e+00, 0e+00, 0e+00, 0e+00, 0e+00, 0e+00, 0e+00, 0e+00, 0e+00, 0e+00, 0e+00, 0e+00, 0e+00, 0e+00, 0e+00, 0e+00, 0e+00, 0e+00, 0e+00, 0e+00, 0e+00, 0e+00, 0e+00, 0e+00, 1e+00, 1e+00, 0e+00, 0e+00, 1e+00]
vavDam.y=[1.000000014901161e-01, 1.000000014901161e-01, 1.000000014901161e-01, 1.000000014901161e-01, 1.000000014901161e-01, 1.000000014901161e-01, 1.000000014901161e-01, 1.000000014901161e-01, 1.000000014901161e-01, 1.000000014901161e-01, 1.000000014901161e-01, 1.000000014901161e-01, 1.000000014901161e-01, 1.000000014901161e-01, 1.000000014901161e-01, 1.000000014901161e-01, 1.000000014901161e-01, 1.000000014901161e-01, 1.000000014901161e-01, 1.000000014901161e-01, 1.000000014901161e-01, 1.000000014901161e-01, 1.000000014901161e-01, 1.000000014901161e-01, 1.000000014901161e-01, 1.000000014901161e-01, 1.000000014901161e-01, 1.000000014901161e-01, 1.000000014901161e-01, 1.000000014901161e-01, 2.505205273628235e-01, 1.280679255723953e-01, 1.538659781217575e-01, 1.000000014901161e-01, 3.027256727218628e-01, 2.882966697216034e-01, 2.525698840618134e-01, 2.74618923664093e-01, 2.588146328926086e-01, 3.387095630168915e-01, 3.780726492404938e-01, 3.879599869251251e-01, 3.739574551582336e-01, 4.33015763759613e-01, 3.599009215831757e-01, 3.316283524036407e-01, 4.358480870723724e-01, 4.362483322620392e-01, 3.717363476753235e-01, 4.488259851932526e-01, 3.371813297271729e-01, 4.301144480705261e-01, 4.181205034255981e-01, 3.558842241764069e-01, 4.372705519199371e-01, 4.947762787342072e-01, 4.376873075962067e-01, 4.462637901306152e-01, 4.587097465991974e-01, 4.319323897361755e-01, 3.743692338466644e-01, 3.871328830718994e-01, 3.206383287906647e-01, 3.725858330726624e-01, 3.742390275001526e-01, 3.246133923530579e-01, 3.329865038394928e-01, 3.289294242858887e-01, 3.437446057796478e-01, 3.387539088726044e-01, 2.950839996337891e-01, 2.619470953941345e-01, 1.981714367866516e-01, 1.794833391904831e-01, 2.690365016460419e-01, 2.637107074260712e-01, 1.548425704240799e-01, 1.000000014901161e-01, 1.000000014901161e-01, 1.000000014901161e-01, 1.000000014901161e-01, 1.000000014901161e-01, 1.000000014901161e-01, 1.000000014901161e-01, 1.000000014901161e-01, 1.000000014901161e-01, 1.000000014901161e-01, 1.000000014901161e-01, 1.000000014901161e-01, 1.000000014901161e-01, 1.000000014901161e-01, 1.000000014901161e-01, 1.000000014901161e-01, 1.000000014901161e-01, 1.000000014901161e-01, 1.000000014901161e-01, 1.000000014901161e-01, 1.000000014901161e-01, 1.000000014901161e-01, 1.000000014901161e-01, 1.000000014901161e-01]
fan.sta_a.T=[2.883200073242188e+02, 2.904280700683594e+02, 2.885890502929688e+02, 2.905950927734375e+02, 2.914580383300781e+02, 2.90471435546875e+02, 2.893809204101562e+02, 2.894794006347656e+02, 2.892622985839844e+02, 2.911478271484375e+02, 2.883469848632812e+02, 2.915409240722656e+02, 2.900222778320312e+02, 2.90918701171875e+02, 2.903585510253906e+02, 2.903508605957031e+02, 2.9097705078125e+02, 2.917862243652344e+02, 2.910643615722656e+02, 2.915366516113281e+02, 2.902188415527344e+02, 2.915532531738281e+02, 2.905048217773438e+02, 2.902589416503906e+02, 2.92486083984375e+02, 2.910364379882812e+02, 2.901731262207031e+02, 2.913699951171875e+02, 2.920594482421875e+02, 2.970231628417969e+02, 2.949329528808594e+02, 2.9506884765625e+02, 2.949390869140625e+02, 2.959175720214844e+02, 2.961605224609375e+02, 2.954600524902344e+02, 2.959786987304688e+02, 2.9468701171875e+02, 2.964678649902344e+02, 2.969415283203125e+02, 2.952813720703125e+02, 2.982254943847656e+02, 2.966038513183594e+02, 2.979476623535156e+02, 2.962223205566406e+02, 2.965768737792969e+02, 2.962604675292969e+02, 2.985108032226562e+02, 2.948569030761719e+02, 2.9739111328125e+02, 2.97256591796875e+02, 2.973014831542969e+02, 2.968691101074219e+02, 2.978995056152344e+02, 2.976356811523438e+02, 2.979755554199219e+02, 2.981030883789062e+02, 2.967643127441406e+02, 2.979931640625e+02, 2.976788024902344e+02, 2.957882080078125e+02, 2.974443054199219e+02, 2.967668151855469e+02, 2.963309020996094e+02, 2.979713439941406e+02, 2.966609191894531e+02, 2.968990478515625e+02, 2.969129638671875e+02, 2.965253295898438e+02, 2.967495727539062e+02, 2.962158203125e+02, 2.966826477050781e+02, 2.955990295410156e+02, 2.966191711425781e+02, 2.959070129394531e+02, 2.960241394042969e+02, 2.960367431640625e+02, 2.944242248535156e+02, 2.953697814941406e+02, 2.939776306152344e+02, 2.936660461425781e+02, 2.944265747070312e+02, 2.932415161132812e+02, 2.937661743164062e+02, 2.955519714355469e+02, 2.942096862792969e+02, 2.920995483398438e+02, 2.92506103515625e+02, 2.906804504394531e+02, 2.897331237792969e+02, 2.892797241210938e+02, 2.886447143554688e+02, 2.902486267089844e+02, 2.908220825195312e+02, 2.890623168945312e+02, 2.900780639648438e+02, 2.902254638671875e+02, 2.909708251953125e+02, 2.8968798828125e+02, 2.904153747558594e+02, 2.908808288574219e+02]
fan.sta_b.T=[2.886552734375e+02, 2.907633361816406e+02, 2.8892431640625e+02, 2.909303588867188e+02, 2.917933044433594e+02, 2.908067016601562e+02, 2.897161865234375e+02, 2.898146667480469e+02, 2.895975646972656e+02, 2.914830932617188e+02, 2.886822509765625e+02, 2.918761901855469e+02, 2.903575134277344e+02, 2.912539367675781e+02, 2.906938171386719e+02, 2.906861267089844e+02, 2.913123168945312e+02, 2.921214904785156e+02, 2.913995971679688e+02, 2.918719177246094e+02, 2.905541076660156e+02, 2.918885192871094e+02, 2.90840087890625e+02, 2.905942077636719e+02, 2.928213500976562e+02, 2.913716735839844e+02, 2.905083923339844e+02, 2.917052612304688e+02, 2.923947143554688e+02, 2.973584289550781e+02, 2.952682189941406e+02, 2.954041137695312e+02, 2.952743225097656e+02, 2.962528381347656e+02, 2.964957885742188e+02, 2.957953186035156e+02, 2.963139343261719e+02, 2.950222778320312e+02, 2.968031311035156e+02, 2.972767944335938e+02, 2.956166381835938e+02, 2.985607604980469e+02, 2.969391174316406e+02, 2.982829284667969e+02, 2.965575866699219e+02, 2.969121398925781e+02, 2.965957336425781e+02, 2.988460693359375e+02, 2.95192138671875e+02, 2.977263793945312e+02, 2.975918579101562e+02, 2.976367492675781e+02, 2.972043762207031e+02, 2.982347717285156e+02, 2.97970947265625e+02, 2.983108215332031e+02, 2.984383544921875e+02, 2.970995788574219e+02, 2.983284301757812e+02, 2.980140686035156e+02, 2.961234741210938e+02, 2.977795715332031e+02, 2.971020812988281e+02, 2.966661682128906e+02, 2.983066101074219e+02, 2.969961853027344e+02, 2.972343139648438e+02, 2.972482299804688e+02, 2.96860595703125e+02, 2.970848388671875e+02, 2.965510864257812e+02, 2.970179138183594e+02, 2.959342956542969e+02, 2.969544372558594e+02, 2.962422485351562e+02, 2.963594055175781e+02, 2.963720092773438e+02, 2.947594909667969e+02, 2.957050476074219e+02, 2.943128967285156e+02, 2.940013122558594e+02, 2.947618408203125e+02, 2.935767517089844e+02, 2.941014404296875e+02, 2.958872375488281e+02, 2.945449523925781e+02, 2.92434814453125e+02, 2.928413696289062e+02, 2.910157165527344e+02, 2.90068359375e+02, 2.89614990234375e+02, 2.8897998046875e+02, 2.905838928222656e+02, 2.911573486328125e+02, 2.893975830078125e+02, 2.90413330078125e+02, 2.905607299804688e+02, 2.913060913085938e+02, 2.900232238769531e+02, 2.907506408691406e+02, 2.912160949707031e+02]
