last-generated=2022-04-10
statistics-simulation=
{
  "linear": " ",
  "nonlinear": " ",
  "number of continuous time states": "3",
  "numerical Jacobians": "0"
}
time=[0e+00, 1e+04]
sine.y=[0e+00, 5.877852439880371e-01, 9.510565400123596e-01, 9.510565400123596e-01, 5.877852439880371e-01, 1.224646852585168e-16, -5.877852439880371e-01, -9.510565400123598e-01, -9.510565400123596e-01, -5.877852439880371e-01, -2.449293705170336e-16, 5.877852439880371e-01, 9.510565400123596e-01, 9.510565400123596e-01, 5.877852439880359e-01, 3.673940293057708e-16, -5.877852439880371e-01, -9.5105654001236e-01, -9.510565400123596e-01, -5.877852439880371e-01, -4.898587410340671e-16, 5.877852439880371e-01, 9.510565400123596e-01, 9.510565400123596e-01, 5.877852439880371e-01, -1.164033439577446e-15, -5.877852439880371e-01, -9.510565400123596e-01, -9.510565400123586e-01, -5.877852439880371e-01, -7.347880586115415e-16, 5.877852439880371e-01, 9.510565400123596e-01, 9.510565400123596e-01, 5.877852439880347e-01, 8.572527703398379e-16, -5.877852439880371e-01, -9.510565400123596e-01, -9.510565400123596e-01, -5.877852439880371e-01, -9.797174820681343e-16, 5.877852439880371e-01, 9.510565400123596e-01, 9.510565400123596e-01, 5.877852439880371e-01, 1.102182140856871e-15, -5.877852439880371e-01, -9.510565400123596e-01, -9.510565400123596e-01, -5.877852439880371e-01, 2.328066879154892e-15, 5.877852439880371e-01, 9.510565400123596e-01, 9.510565400123596e-01, 5.877852439880371e-01, -2.205602220366155e-15, -5.877852439880416e-01, -9.510565400123575e-01, -9.510565400123596e-01, -5.877852439880371e-01, -1.469576117223083e-15, 5.877852439880371e-01, 9.510565400123596e-01, 9.510565400123596e-01, 5.877852439880371e-01, -1.960672902788681e-15, -5.877852439880371e-01, -9.510565400123596e-01, -9.510565400123575e-01, -5.877852439880416e-01, -1.714505540679676e-15, 5.877852439880371e-01, 9.510565400123596e-01, 9.510565400123596e-01, 5.877852439880371e-01, -1.715743479332088e-15, -5.877852439880371e-01, -9.510565400123596e-01, -9.510565400123596e-01, -5.877852439880371e-01, -1.959434964136269e-15, 5.877852439880416e-01, 9.510565400123596e-01, 9.510565400123596e-01, 5.877852439880371e-01, -1.470814161754614e-15, -5.877852439880371e-01, -9.510565400123596e-01, -9.510565400123596e-01, -5.877852439880371e-01, -2.204364281713743e-15, 5.877852439880371e-01, 9.510565400123596e-01, 9.510565400123596e-01, 5.877852439880371e-01, -1.225884738298021e-15, -5.877852439880371e-01, -9.510565400123596e-01, -9.510565400123596e-01, -5.877852439880371e-01, 4.656133758309785e-15]
senMasFlo.m_flow=[0e+00, 5.475483536720276e-01, 9.344074726104736e-01, 9.64360773563385e-01, 6.259286999702454e-01, 4.843856394290924e-02, -5.475467443466187e-01, -9.344107508659365e-01, -9.643539190292358e-01, -6.259588003158569e-01, -4.846774786710739e-02, 5.475347638130188e-01, 9.343760013580322e-01, 9.643403887748718e-01, 6.259360313415515e-01, 4.84589971601963e-02, -5.475334525108337e-01, -9.34394478797913e-01, -9.643394351005554e-01, -6.259393095970154e-01, -4.845757037401199e-02, 5.475360155105591e-01, 9.343820810317993e-01, 9.643259644508362e-01, 6.259378790855408e-01, 4.845398664474487e-02, -5.475379824638367e-01, -9.343911409378052e-01, -4.571190584101602e-05, 1.092021690851652e-07, 5.683301385062123e-09, 3.997344122375068e-10, 1.641777824801238e-10, 8.394030262537377e-12, 6.440658770201493e-12, 4.487287277865626e-12, 2.53391578552975e-12, 5.805442389837656e-13, 6.911002803020039e-14, 6.097719036516139e-14, 5.284434592385881e-14, 4.471150487068802e-14, 3.657866042938544e-14, 2.844581937621465e-14, 2.031297832304386e-14, 1.218013557580718e-14, 4.047293675603445e-15, 1.316683599749248e-16, -2.033168123403571e-16, -5.383019846556391e-16, -8.73287156970921e-16, -1.208272276346644e-15, -1.543257501601485e-15, -1.878242620977208e-15, -2.213227846232049e-15, -2.54821307148689e-15, -5.475483536720321e-01, -9.344074726104713e-01, -9.64360773563385e-01, -6.259286999702454e-01, -4.843856394290924e-02, 5.475467443466187e-01, 9.344107508659363e-01, 9.643539190292358e-01, 6.259588003158569e-01, 4.846774786710739e-02, -5.475347638130188e-01, -9.343760013580322e-01, -9.643403887748699e-01, -6.25936031341557e-01, -4.84589971601963e-02, 5.475334525108337e-01, 9.343944787979126e-01, 9.643394351005554e-01, 6.259393095970154e-01, 4.845757037401199e-02, -5.475360155105591e-01, -9.343820810317993e-01, -9.643259644508362e-01, -6.259378790855408e-01, -4.845398664474487e-02, 5.475379824638412e-01, 9.343911409378052e-01, 4.571190584101714e-05, -1.092021690851652e-07, -5.683301385062123e-09, -3.997344122375068e-10, -1.641777824801238e-10, -8.394030262537377e-12, -6.440658770201502e-12, -4.487287277865626e-12, -2.53391578552975e-12, -5.805442389837656e-13, -6.797929325572452e-14, -5.832103734410704e-14, -4.866278482062135e-14, -3.900452890900387e-14, -2.934627638551818e-14, -1.96880204739007e-14, -1.002976456228322e-14, -3.715100006244958e-16]
