last-generated=2016-05-15
statistics-simulation=
{
  "numerical Jacobians": "0", 
  "nonlinear": "1", 
  "number of continuous time states": "135", 
  "linear": "0, 0, 0, 0, 0, 0, 0, 0, 0, 0, 0, 0, 0, 0, 0, 0, 0, 0, 0, 0, 5, 5, 5, 0, 0, 0, 0,   0, 0, 0, 0, 0, 0, 5, 5, 5, 0, 0, 0, 0, 0, 0, 0, 0, 0, 0, 0, 0, 0, 5, 5, 5, 0,   0, 0"
}
structure.TSensor[1]=[293.149993896484375, 293.6129150390625, 293.34112548828125, 292.79986572265625, 292.0284423828125, 291.612701416015625, 290.8680419921875, 290.444305419921875, 290.2562255859375, 290.251678466796875, 290.339447021484375, 290.476226806640625, 289.9698486328125, 289.476348876953125, 288.559722900390625, 287.559326171875, 286.924163818359375, 286.693115234375, 286.8443603515625, 287.26300048828125, 288.018890380859375, 288.6224365234375, 288.648162841796875, 288.180206298828125, 287.383514404296875, 287.24200439453125, 287.2950439453125, 287.8565673828125, 287.825408935546875, 288.610107421875, 289.077789306640625, 289.88916015625, 290.5941162109375, 290.956573486328125, 290.91107177734375, 290.025299072265625, 289.511383056640625, 289.286895751953125, 289.82147216796875, 289.75604248046875, 290.1373291015625, 290.50482177734375, 290.426025390625, 289.97509765625, 289.723785400390625, 288.76849365234375, 288.225128173828125, 287.915802001953125, 288.02410888671875, 288.071197509765625, 289.303436279296875, 289.617950439453125, 290.202850341796875, 290.34381103515625, 289.682586669921875, 289.943328857421875, 289.513336181640625, 289.3406982421875, 289.82501220703125, 290.350677490234375, 290.940155029296875, 291.975433349609375, 292.390899658203125, 291.856719970703125, 291.36334228515625, 291.79486083984375, 291.3841552734375, 291.16925048828125, 292.0069580078125, 292.0250244140625, 292.24176025390625, 292.451171875, 293.564605712890625, 293.155426025390625, 293.037322998046875, 292.668670654296875, 292.6026611328125, 292.191009521484375, 293.213897705078125, 294.609527587890625, 295.1695556640625, 296.231414794921875, 296.288482666015625, 295.96905517578125, 295.8453369140625, 295.608734130859375, 295.416229248046875, 295.308349609375, 295.536102294921875, 295.91552734375, 296.21331787109375, 296.34637451171875, 297.145965576171875, 296.98419189453125, 297.21673583984375, 297.479339599609375, 297.48931884765625, 298.16796875, 299.535247802734375, 300.914276123046875, 301.712921142578125]
structure.TSensor[2]=[293.149993896484375, 292.927947998046875, 292.916534423828125, 292.889617919921875, 292.681243896484375, 292.591064453125, 291.93377685546875, 291.19525146484375, 290.43487548828125, 289.82647705078125, 289.495513916015625, 289.52972412109375, 289.314117431640625, 289.338623046875, 288.9927978515625, 288.362762451171875, 287.743804931640625, 287.173370361328125, 286.770721435546875, 286.61590576171875, 286.9818115234375, 287.568115234375, 287.89056396484375, 288.001129150390625, 287.82623291015625, 288.013458251953125, 288.080230712890625, 288.403076171875, 287.890899658203125, 288.137969970703125, 288.223541259765625, 288.9693603515625, 289.912811279296875, 290.821563720703125, 291.41534423828125, 291.056549072265625, 290.607574462890625, 290.04052734375, 290.01080322265625, 289.363983154296875, 289.319122314453125, 289.60162353515625, 289.81634521484375, 289.897247314453125, 290.164581298828125, 289.66839599609375, 289.1788330078125, 288.559173583984375, 288.104156494140625, 287.554473876953125, 288.36517333984375, 288.664947509765625, 289.503387451171875, 290.169708251953125, 290.21380615234375, 290.762908935546875, 290.52532958984375, 290.103668212890625, 290.0987548828125, 290.05035400390625, 290.1971435546875, 291.1456298828125, 291.869140625, 291.968048095703125, 292.039581298828125, 292.706451416015625, 292.47064208984375, 291.989013671875, 292.27203369140625, 291.7625732421875, 291.582672119140625, 291.69537353515625, 292.981353759765625, 293.2293701171875, 293.650299072265625, 293.69525146484375, 293.6773681640625, 293.107421875, 293.614990234375, 294.398529052734375, 294.63177490234375, 295.633819580078125, 296.041717529296875, 296.28936767578125, 296.656524658203125, 296.813232421875, 296.706756591796875, 296.376068115234375, 296.067352294921875, 295.886810302734375, 295.77178955078125, 295.82244873046875, 296.832611083984375, 297.248016357421875, 298.027374267578125, 298.620849609375, 298.7838134765625, 299.293060302734375, 300.20147705078125, 301.06494140625, 301.52862548828125]
structure.TSensor[3]=[293.149993896484375, 292.31640625, 291.419097900390625, 290.91339111328125, 290.8349609375, 291.485870361328125, 291.72674560546875, 291.807373046875, 291.4364013671875, 290.605316162109375, 289.5384521484375, 288.64495849609375, 287.506591796875, 287.05364990234375, 286.84356689453125, 286.8814697265625, 287.244598388671875, 287.6192626953125, 287.74212646484375, 287.528564453125, 287.35345458984375, 287.095428466796875, 286.539459228515625, 286.153167724609375, 286.02935791015625, 286.935760498046875, 288.03570556640625, 289.351776123046875, 289.243865966796875, 289.3167724609375, 288.719635009765625, 288.659210205078125, 288.873260498046875, 289.365631103515625, 290.05377197265625, 290.14764404296875, 290.5223388671875, 290.811981201171875, 291.23944091796875, 290.35772705078125, 289.56170654296875, 288.880828857421875, 288.215118408203125, 287.855224609375, 288.381195068359375, 288.5185546875, 288.90301513671875, 289.142822265625, 289.183746337890625, 288.480010986328125, 288.78863525390625, 288.123016357421875, 288.28619384765625, 288.608673095703125, 288.70037841796875, 290.034454345703125, 290.67523193359375, 291.03814697265625, 291.403961181640625, 291.25311279296875, 290.78558349609375, 290.95086669921875, 290.75262451171875, 290.195343017578125, 290.363372802734375, 291.911590576171875, 292.576263427734375, 292.885772705078125, 293.62664794921875, 292.822235107421875, 291.8670654296875, 291.025909423828125, 291.7901611328125, 291.472869873046875, 292.10809326171875, 292.8385009765625, 293.8040771484375, 294.11669921875, 295.128997802734375, 295.961273193359375, 295.396636962890625, 295.544647216796875, 294.9305419921875, 294.6312255859375, 295.20489501953125, 296.05108642578125, 296.8843994140625, 297.37841796875, 297.506927490234375, 297.123870849609375, 296.297760009765625, 295.35400390625, 295.691314697265625, 295.58837890625, 296.60894775390625, 298.013916015625, 299.18389892578125, 300.57720947265625, 302.081817626953125, 302.861724853515625, 302.5628662109375]
time=[0., 8640000.]
