last-generated=2022-07-20
statistics-simulation=
{
  "linear": "0",
  "nonlinear": " ",
  "number of continuous time states": "6",
  "numerical Jacobians": "0"
}
time=[0e+00, 5e+05]
dT_Avg=[0e+00, 4.774556159973145e-01, 1.252011775970459e+00, 2.238453388214111e+00, 3.397486925125122e+00, 4.70339298248291e+00, 6.136406421661377e+00, 7.680144309997559e+00, 9.320579528808594e+00, 1.091911792755127e+01, 1.211611175537109e+01, 1.312274265289307e+01, 1.399070453643799e+01, 1.474577617645264e+01, 1.540485000610352e+01, 1.598087692260742e+01, 1.648456764221191e+01, 1.692509460449219e+01, 1.731040382385254e+01, 1.764742469787598e+01, 1.794221687316895e+01, 1.82000732421875e+01, 1.842561721801758e+01, 1.862289810180664e+01, 1.879545593261719e+01, 1.894638633728027e+01, 1.907840347290039e+01, 1.919388008117676e+01, 1.929489135742188e+01, 1.938324356079102e+01, 1.946052360534668e+01, 1.952811813354492e+01, 1.958724021911621e+01, 1.963895797729492e+01, 1.968419456481934e+01, 1.972376441955566e+01, 1.975837707519531e+01, 1.978865242004395e+01, 1.981513023376465e+01, 1.983829116821289e+01, 1.985854911804199e+01, 1.987627029418945e+01, 1.989176940917969e+01, 1.990532875061035e+01, 1.991718864440918e+01, 1.992756271362305e+01, 1.993663787841797e+01, 1.99445743560791e+01, 1.995151710510254e+01, 1.995759010314941e+01, 1.99629020690918e+01, 1.996754837036133e+01, 1.997161293029785e+01, 1.997516822814941e+01, 1.99782772064209e+01, 1.998099899291992e+01, 1.998337936401367e+01, 1.998546028137207e+01, 1.998728179931641e+01, 1.99888744354248e+01, 1.999026870727539e+01, 1.999148559570312e+01, 1.999255180358887e+01, 1.999348258972168e+01, 1.999429702758789e+01, 1.999501037597656e+01, 1.999563407897949e+01, 1.999617958068848e+01, 1.999665641784668e+01, 1.999707412719727e+01, 1.999743843078613e+01, 1.999775886535645e+01, 1.999803924560547e+01, 1.99982852935791e+01, 1.999849891662598e+01, 1.999868583679199e+01, 1.999884986877441e+01, 1.999899291992188e+01, 1.999911880493164e+01, 1.999922752380371e+01, 1.999932289123535e+01, 1.999940872192383e+01, 1.999948310852051e+01, 1.999954795837402e+01, 1.999960517883301e+01, 1.999965476989746e+01, 1.999969863891602e+01, 1.999973487854004e+01, 1.99997673034668e+01, 1.999979591369629e+01, 1.999982070922852e+01, 1.999983978271484e+01, 1.999985694885254e+01, 1.99998722076416e+01, 1.999988555908203e+01, 1.999989891052246e+01, 1.999990844726562e+01, 1.999991798400879e+01, 1.999992561340332e+01, 1.999993324279785e+01, 1.999994087219238e+01]
layMul.monLay[1].monLayDyn.T[1]=[2.931499938964844e+02, 2.932869873046875e+02, 2.937948608398438e+02, 2.945885314941406e+02, 2.955947570800781e+02, 2.967724914550781e+02, 2.980952758789062e+02, 2.99543212890625e+02, 3.011000671386719e+02, 3.027425537109375e+02, 3.042066650390625e+02, 3.053922424316406e+02, 3.063870544433594e+02, 3.072421875e+02, 3.079850769042969e+02, 3.086331176757812e+02, 3.091994018554688e+02, 3.096945190429688e+02, 3.101275329589844e+02, 3.105062866210938e+02, 3.108375549316406e+02, 3.111273193359375e+02, 3.113807678222656e+02, 3.116024780273438e+02, 3.1179638671875e+02, 3.119660034179688e+02, 3.121143493652344e+02, 3.122441101074219e+02, 3.123576354980469e+02, 3.124569091796875e+02, 3.125437622070312e+02, 3.126197204589844e+02, 3.126861572265625e+02, 3.127442626953125e+02, 3.127951049804688e+02, 3.128395690917969e+02, 3.128784790039062e+02, 3.129125061035156e+02, 3.129422607421875e+02, 3.129682922363281e+02, 3.129910583496094e+02, 3.130109558105469e+02, 3.130283813476562e+02, 3.130436096191406e+02, 3.130569458007812e+02, 3.13068603515625e+02, 3.130787963867188e+02, 3.130877075195312e+02, 3.130955200195312e+02, 3.131023559570312e+02, 3.131083068847656e+02, 3.13113525390625e+02, 3.131181030273438e+02, 3.131221008300781e+02, 3.131255798339844e+02, 3.13128662109375e+02, 3.131313171386719e+02, 3.131336669921875e+02, 3.131357116699219e+02, 3.131375122070312e+02, 3.131390686035156e+02, 3.131404418945312e+02, 3.131416320800781e+02, 3.131426696777344e+02, 3.131435852050781e+02, 3.131443786621094e+02, 3.131450805664062e+02, 3.131456909179688e+02, 3.13146240234375e+02, 3.131466979980469e+02, 3.131471252441406e+02, 3.131474914550781e+02, 3.131477966308594e+02, 3.131480712890625e+02, 3.131483154296875e+02, 3.131485290527344e+02, 3.131487121582031e+02, 3.131488647460938e+02, 3.131490173339844e+02, 3.131491394042969e+02, 3.131492309570312e+02, 3.131493225097656e+02, 3.131494140625e+02, 3.131495056152344e+02, 3.131495666503906e+02, 3.131496276855469e+02, 3.13149658203125e+02, 3.131496887207031e+02, 3.131497497558594e+02, 3.131497802734375e+02, 3.131498107910156e+02, 3.131498107910156e+02, 3.131498413085938e+02, 3.131498718261719e+02, 3.131498718261719e+02, 3.1314990234375e+02, 3.1314990234375e+02, 3.1314990234375e+02, 3.1314990234375e+02, 3.131499328613281e+02, 3.131499328613281e+02]
layMul.monLay[1].monLayDyn.T[2]=[2.931499938964844e+02, 2.93175537109375e+02, 2.933598327636719e+02, 2.937710571289062e+02, 2.944080200195312e+02, 2.952509765625e+02, 2.962769470214844e+02, 2.974639282226562e+02, 2.987920837402344e+02, 3.002431335449219e+02, 3.017361450195312e+02, 3.031270446777344e+02, 3.043700866699219e+02, 3.054659423828125e+02, 3.064273376464844e+02, 3.072692260742188e+02, 3.080059509277344e+02, 3.086504821777344e+02, 3.092142639160156e+02, 3.097074279785156e+02, 3.101387939453125e+02, 3.105161437988281e+02, 3.108461608886719e+02, 3.111348571777344e+02, 3.113873596191406e+02, 3.116082153320312e+02, 3.118014221191406e+02, 3.119703979492188e+02, 3.121181945800781e+02, 3.122474975585938e+02, 3.123605651855469e+02, 3.1245947265625e+02, 3.125459899902344e+02, 3.126216735839844e+02, 3.126878662109375e+02, 3.127457885742188e+02, 3.127964172363281e+02, 3.128407287597656e+02, 3.128794860839844e+02, 3.129133605957031e+02, 3.129430236816406e+02, 3.129689331054688e+02, 3.129916381835938e+02, 3.13011474609375e+02, 3.1302880859375e+02, 3.130440063476562e+02, 3.130572814941406e+02, 3.130689086914062e+02, 3.130790405273438e+02, 3.130879516601562e+02, 3.13095703125e+02, 3.131025085449219e+02, 3.131084594726562e+02, 3.131136474609375e+02, 3.131182250976562e+02, 3.131221923828125e+02, 3.131256713867188e+02, 3.131287231445312e+02, 3.131313781738281e+02, 3.131337280273438e+02, 3.131357727050781e+02, 3.131375427246094e+02, 3.131390991210938e+02, 3.131404724121094e+02, 3.131416625976562e+02, 3.131427001953125e+02, 3.131436157226562e+02, 3.131444091796875e+02, 3.131451110839844e+02, 3.131457214355469e+02, 3.13146240234375e+02, 3.13146728515625e+02, 3.131471252441406e+02, 3.131474914550781e+02, 3.131477966308594e+02, 3.131480712890625e+02, 3.131483154296875e+02, 3.131485290527344e+02, 3.131487121582031e+02, 3.131488647460938e+02, 3.131490173339844e+02, 3.131491394042969e+02, 3.131492309570312e+02, 3.131493530273438e+02, 3.131494140625e+02, 3.131495056152344e+02, 3.131495666503906e+02, 3.131496276855469e+02, 3.13149658203125e+02, 3.131496887207031e+02, 3.131497497558594e+02, 3.131497802734375e+02, 3.131497802734375e+02, 3.131498107910156e+02, 3.131498413085938e+02, 3.131498413085938e+02, 3.131498718261719e+02, 3.131498718261719e+02, 3.1314990234375e+02, 3.1314990234375e+02, 3.1314990234375e+02]
layMul.monLay[2].monLayDyn.T[1]=[2.931499938964844e+02, 2.953994750976562e+02, 2.976900329589844e+02, 2.999858093261719e+02, 3.0228466796875e+02, 3.045857238769531e+02, 3.068886108398438e+02, 3.091929931640625e+02, 3.114987182617188e+02, 3.130163269042969e+02, 3.130402221679688e+02, 3.130560913085938e+02, 3.130685424804688e+02, 3.130789794921875e+02, 3.130879516601562e+02, 3.130957336425781e+02, 3.131025695800781e+02, 3.131084899902344e+02, 3.131137084960938e+02, 3.131182556152344e+02, 3.131222229003906e+02, 3.131257019042969e+02, 3.131287536621094e+02, 3.131314086914062e+02, 3.131337585449219e+02, 3.131357727050781e+02, 3.131375732421875e+02, 3.131391296386719e+02, 3.131404724121094e+02, 3.131416625976562e+02, 3.131427307128906e+02, 3.131436462402344e+02, 3.131444396972656e+02, 3.131451416015625e+02, 3.13145751953125e+02, 3.131462707519531e+02, 3.13146728515625e+02, 3.131471557617188e+02, 3.131474914550781e+02, 3.131478271484375e+02, 3.131481018066406e+02, 3.131483154296875e+02, 3.131485290527344e+02, 3.131487121582031e+02, 3.131488952636719e+02, 3.131490173339844e+02, 3.131491394042969e+02, 3.131492614746094e+02, 3.131493530273438e+02, 3.131494140625e+02, 3.131495056152344e+02, 3.131495666503906e+02, 3.131496276855469e+02, 3.13149658203125e+02, 3.131497192382812e+02, 3.131497497558594e+02, 3.131497802734375e+02, 3.131498107910156e+02, 3.131498413085938e+02, 3.131498413085938e+02, 3.131498718261719e+02, 3.131498718261719e+02, 3.1314990234375e+02, 3.1314990234375e+02, 3.131499328613281e+02, 3.131499328613281e+02, 3.131499328613281e+02, 3.131499633789062e+02, 3.131499633789062e+02, 3.131499633789062e+02, 3.131499633789062e+02, 3.131499633789062e+02, 3.131499633789062e+02, 3.131499633789062e+02, 3.131499938964844e+02, 3.131499938964844e+02, 3.131499938964844e+02, 3.131499938964844e+02, 3.131499938964844e+02, 3.131499938964844e+02, 3.131499938964844e+02, 3.131499938964844e+02, 3.131499938964844e+02, 3.131499938964844e+02, 3.131499938964844e+02, 3.131499938964844e+02, 3.131499938964844e+02, 3.131499938964844e+02, 3.131499938964844e+02, 3.131499938964844e+02, 3.131499938964844e+02, 3.131499938964844e+02, 3.131499938964844e+02, 3.131499938964844e+02, 3.131499938964844e+02, 3.131499938964844e+02, 3.131499938964844e+02, 3.131499938964844e+02, 3.131499938964844e+02, 3.131499938964844e+02, 3.131499938964844e+02]
layMul.monLay[2].monLayDyn.T[2]=[2.931499938964844e+02, 2.937687072753906e+02, 2.949800720214844e+02, 2.964282836914062e+02, 2.98015869140625e+02, 2.997047424316406e+02, 3.014754333496094e+02, 3.033154602050781e+02, 3.052153625488281e+02, 3.070664672851562e+02, 3.081492309570312e+02, 3.08870849609375e+02, 3.094379577636719e+02, 3.099133911132812e+02, 3.103224182128906e+02, 3.106778869628906e+02, 3.10988037109375e+02, 3.112590637207031e+02, 3.114960632324219e+02, 3.117033081054688e+02, 3.118846130371094e+02, 3.120431823730469e+02, 3.121818542480469e+02, 3.123031616210938e+02, 3.124093017578125e+02, 3.125021057128906e+02, 3.125832824707031e+02, 3.12654296875e+02, 3.127164001464844e+02, 3.127707214355469e+02, 3.128182678222656e+02, 3.128598327636719e+02, 3.128961791992188e+02, 3.12927978515625e+02, 3.12955810546875e+02, 3.129801330566406e+02, 3.130014038085938e+02, 3.130200500488281e+02, 3.130363159179688e+02, 3.130505676269531e+02, 3.130630187988281e+02, 3.130739135742188e+02, 3.130834350585938e+02, 3.13091796875e+02, 3.130990905761719e+02, 3.1310546875e+02, 3.131110229492188e+02, 3.131159057617188e+02, 3.131201782226562e+02, 3.131239318847656e+02, 3.13127197265625e+02, 3.131300354003906e+02, 3.131325378417969e+02, 3.131347351074219e+02, 3.131366577148438e+02, 3.131383056640625e+02, 3.131397705078125e+02, 3.131410522460938e+02, 3.131421813964844e+02, 3.131431579589844e+02, 3.131440124511719e+02, 3.13144775390625e+02, 3.131454162597656e+02, 3.1314599609375e+02, 3.13146484375e+02, 3.131469421386719e+02, 3.131473083496094e+02, 3.131476440429688e+02, 3.1314794921875e+02, 3.13148193359375e+02, 3.131484375e+02, 3.131486206054688e+02, 3.131488037109375e+02, 3.131489562988281e+02, 3.131490783691406e+02, 3.131492004394531e+02, 3.131492919921875e+02, 3.131493835449219e+02, 3.131494445800781e+02, 3.131495361328125e+02, 3.131495971679688e+02, 3.131496276855469e+02, 3.131496887207031e+02, 3.131497192382812e+02, 3.131497497558594e+02, 3.131497802734375e+02, 3.131498107910156e+02, 3.131498413085938e+02, 3.131498718261719e+02, 3.131498718261719e+02, 3.1314990234375e+02, 3.1314990234375e+02, 3.1314990234375e+02, 3.131499328613281e+02, 3.131499328613281e+02, 3.131499328613281e+02, 3.131499328613281e+02, 3.131499633789062e+02, 3.131499633789062e+02, 3.131499633789062e+02, 3.131499633789062e+02]
layMul.monLay[1].port_a.Q_flow=[0e+00, 6.643544006347656e+01, 1.814676818847656e+02, 2.976085815429688e+02, 4.040788879394531e+02, 4.988206481933594e+02, 5.822305908203125e+02, 6.553707275390625e+02, 7.194075927734375e+02, 7.642145385742188e+02, 7.18265869140625e+02, 6.433045654296875e+02, 5.676007690429688e+02, 4.981152648925781e+02, 4.362482604980469e+02, 3.817698974609375e+02, 3.339935302734375e+02, 2.921634521484375e+02, 2.555607147216797e+02, 2.235395202636719e+02, 1.955292053222656e+02, 1.710282897949219e+02, 1.495973358154297e+02, 1.308516540527344e+02, 1.144551162719727e+02, 1.0011376953125e+02, 8.756967163085938e+01, 7.659709167480469e+01, 6.69991455078125e+01, 5.860389709472656e+01, 5.126074981689453e+01, 4.483807373046875e+01, 3.922016525268555e+01, 3.430609512329102e+01, 3.000769805908203e+01, 2.624777221679688e+01, 2.295893669128418e+01, 2.008221626281738e+01, 1.756620788574219e+01, 1.536541080474854e+01, 1.344058036804199e+01, 1.175677490234375e+01, 1.028400325775146e+01, 8.995688438415527e+00, 7.868721961975098e+00, 6.882983684539795e+00, 6.020683288574219e+00, 5.266469478607178e+00, 4.606741428375244e+00, 4.029757976531982e+00, 3.525004625320435e+00, 3.083572864532471e+00, 2.697350025177002e+00, 2.359557628631592e+00, 2.063999891281128e+00, 1.805492281913757e+00, 1.579321622848511e+00, 1.381512403488159e+00, 1.20845627784729e+00, 1.057113647460938e+00, 9.247145652770996e-01, 8.089951872825623e-01, 7.077605724334717e-01, 6.19213879108429e-01, 5.418376326560974e-01, 4.740972220897675e-01, 4.149044752120972e-01, 3.631042838096619e-01, 3.177321553230286e-01, 2.780619561672211e-01, 2.433207035064697e-01, 2.129108011722565e-01, 1.863008290529251e-01, 1.629941463470459e-01, 1.426203399896622e-01, 1.247971877455711e-01, 1.092239543795586e-01, 9.564626216888428e-02, 8.37758481502533e-02, 7.334879040718079e-02, 6.42767995595932e-02, 5.623156204819679e-02, 4.914590716362e-02, 4.291459918022156e-02, 3.748873993754387e-02, 3.273652866482735e-02, 2.863083779811859e-02, 2.510818839073181e-02, 2.206556126475334e-02, 1.939993165433407e-02, 1.703208312392235e-02, 1.516539044678211e-02, 1.355335209518671e-02, 1.212349440902472e-02, 1.080333907157183e-02, 9.540471248328686e-03, 8.618998341262341e-03, 7.800575345754623e-03, 7.047337014228106e-03, 6.321415770798922e-03, 5.585107021033764e-03]
layMul.monLay[2].port_a.Q_flow=[0e+00, 6.533723754882812e+02, 8.960375366210938e+02, 1.08637353515625e+03, 1.24601806640625e+03, 1.383401000976562e+03, 1.502814208984375e+03, 1.607009887695312e+03, 1.6980634765625e+03, 1.336789916992188e+03, 1.097920532226562e+03, 9.392315673828125e+02, 8.146751098632812e+02, 7.103020629882812e+02, 6.205304565429688e+02, 5.425161743164062e+02, 4.74451416015625e+02, 4.149712829589844e+02, 3.629638366699219e+02, 3.17480224609375e+02, 2.776972045898438e+02, 2.428993225097656e+02, 2.124622497558594e+02, 1.858392791748047e+02, 1.625526428222656e+02, 1.421846771240234e+02, 1.243691482543945e+02, 1.087855529785156e+02, 9.515426635742188e+01, 8.323107147216797e+01, 7.280209350585938e+01, 6.368039321899414e+01, 5.570166397094727e+01, 4.872256469726562e+01, 4.261785888671875e+01, 3.727789688110352e+01, 3.260699081420898e+01, 2.85213794708252e+01, 2.494805908203125e+01, 2.182242393493652e+01, 1.908872413635254e+01, 1.669733810424805e+01, 1.46056661605835e+01, 1.277596282958984e+01, 1.117540836334229e+01, 9.77542781829834e+00, 8.550758361816406e+00, 7.479598045349121e+00, 6.542633533477783e+00, 5.723186016082764e+00, 5.006320476531982e+00, 4.379386425018311e+00, 3.830860376358032e+00, 3.351116418838501e+00, 2.931355953216553e+00, 2.564214706420898e+00, 2.243000268936157e+00, 1.962065935134888e+00, 1.716286659240723e+00, 1.501345753669739e+00, 1.313308596611023e+00, 1.148960471153259e+00, 1.005184054374695e+00, 8.79426896572113e-01, 7.695342898368835e-01, 6.733266115188599e-01, 5.892589688301086e-01, 5.15691339969635e-01, 4.512538313865662e-01, 3.949126303195953e-01, 3.455685079097748e-01, 3.023769855499268e-01, 2.645887434482574e-01, 2.315016090869904e-01, 2.025670260190964e-01, 1.772351711988449e-01, 1.550909280776978e-01, 1.358030140399933e-01, 1.189479827880859e-01, 1.041558831930161e-01, 9.128842502832413e-02, 7.985714077949524e-02, 6.979742646217346e-02, 6.094855070114136e-02, 5.324272438883781e-02, 4.649346694350243e-02, 4.066275432705879e-02, 3.566004708409309e-02, 3.133890405297279e-02, 2.755287475883961e-02, 2.418940514326096e-02, 2.153834514319897e-02, 1.924894005060196e-02, 1.721823215484619e-02, 1.534327212721109e-02, 1.354960724711418e-02, 1.224091369658709e-02, 1.107857841998339e-02, 1.000881846994162e-02, 8.977853693068027e-03, 7.932134903967381e-03]
