last-generated=2019-08-31
statistics-initialization=
{
  "linear": "2, 2, 2, 2, 2, 2, 2, 2",
  "nonlinear": "2, 2, 8, 8, 2, 2",
  "numerical Jacobians": "0"
}
statistics-simulation=
{
  "linear": "0, 0, 0, 0, 0, 0, 5, 5, 0, 0, 0, 0, 0, 0, 0, 0, 0, 0, 0, 0, 0, 5, 5, 0, 0, 0, 0,   0, 0, 0",
  "nonlinear": "1",
  "number of continuous time states": "66",
  "numerical Jacobians": "0"
}
case900WithFloor.building.floor.propsBus_a.surfRad.Q_flow=[3.35665397644043e+01, -1.017397537231445e+02, -1.221541519165039e+02, -1.17059326171875e+02, 5.469584465026855e+00, -1.012001571655273e+02, -8.148633575439453e+01, 4.845719528198229e+01, -5.883018493652344e+01, -7.403237915039062e+01, 1.25995246887207e+02, -1.088679504394531e+02, -1.170717086791992e+02, 2.661525146484375e+03, -4.674313049316401e+02, -2.76654541015625e+02, 4.949446105957031e+02, -1.874992828369139e+02, -1.151863403320312e+02, -2.47054328918457e+01, -8.967863464355469e+01, -9.050666809082031e+01, -8.28941650390625e+01, -1.051284255981445e+02, -8.161609649658203e+01, -9.015293121337891e+01, -7.720436096191406e+01, 5.87235107421875e+01, -7.703761291503898e+01, -6.620385742187501e+01, 5.714003295898438e+02, -2.018923034667969e+02, -1.890995178222656e+02, 5.7784130859375e+02, -2.453762664794918e+02, -1.485242614746094e+02, 7.57650146484375e+02, -2.330750732421875e+02, -1.430762939453125e+02, 9.816718101501465e+00, -1.181267471313477e+02, -1.181420745849609e+02, -5.405305099487305e+01, -7.80892333984375e+01, -4.630948638916016e+01, -1.155929660797119e+01, -4.296682357788086e+01, -4.764064407348633e+01, -6.14564323425293e+01, -1.187488327026367e+02, -6.1346435546875e+01, -2.526892242431641e+02, -1.306556396484375e+02, -5.367484664916992e+01, -3.259541625976562e+02, -1.959748382568355e+02, 1.151048583984321e+03, -4.246678466796898e+02, -2.275239868164074e+02, 5.020464706420898e+01, -3.281991577148438e+02, -1.917287139892578e+02, 5.316211700439453e+01, -1.108432388305664e+02, -1.072523880004883e+02, -5.720284652709961e+01, -8.948929595947266e+01, -1.105813751220698e+02, -6.201332855224837e+01, -1.26057975769043e+02, -9.396918487548828e+01, -4.439549865722656e+02, -2.051419372558594e+02, 5.457788696289062e+02, -4.046149597167969e+02, -2.744069213867188e+02, 1.904486206054688e+03, -9.162348022460938e+02, -4.9354541015625e+02, -3.108149719238281e+02, -3.5069921875e+02, -2.369106292724609e+02, 1.87080126953125e+03, -4.57402099609375e+02, -2.755505676269531e+02, 4.226145935058594e+02, -2.237105865478516e+02, -1.580105743408203e+02, 2.63515380859375e+03, -4.202887573242188e+02, -2.951396179199219e+02, 2.45061279296875e+03, -5.761690063476562e+02, -4.074291687011719e+02, 8.54459716796875e+02, -5.781116943359375e+02, -9.087360382080078e+01, -7.04581787109375e+02, -5.738494262695312e+02, -3.730796575546265e+00, -4.07443359375e+02]
case900WithoutFloor.building.floor.propsBus_a.surfRad.Q_flow=[3.35665397644043e+01, -1.160538482666016e+02, -1.450680389404297e+02, -1.656985626220703e+02, -7.398633575439453e+01, -1.938685455322266e+02, -1.966242980957031e+02, -8.03457946777345e+01, -1.838656311035156e+02, -2.083556518554688e+02, -6.904847145080566e+00, -2.336659851074219e+02, -2.655015563964844e+02, 1.8403037109375e+03, -4.624222412109371e+02, -3.121903686523438e+02, 2.831259155273438e+02, -2.638260803222656e+02, -2.457106628417969e+02, -1.649216461181641e+02, -2.418005065917969e+02, -2.625220642089844e+02, -2.492787017822266e+02, -2.869685668945312e+02, -2.853282165527344e+02, -2.86614990234375e+02, -2.83502685546875e+02, -1.575743255615234e+02, -2.767195129394531e+02, -2.705119018554688e+02, 2.937247619628906e+02, -2.900208435058594e+02, -3.245224304199219e+02, 2.9464111328125e+02, -4.070553894042968e+02, -3.727996826171875e+02, 4.176065979003906e+02, -3.430782775878906e+02, -3.1442626953125e+02, -1.829588928222656e+02, -3.243670349121094e+02, -3.513560791015625e+02, -3.00886474609375e+02, -3.376670837402344e+02, -3.112881469726562e+02, -2.514431915283203e+02, -2.718516845703125e+02, -2.740968627929688e+02, -1.898020477294922e+02, -2.580785217285156e+02, -2.289298553466797e+02, -2.8380712890625e+02, -2.279857940673828e+02, -1.864276275634766e+02, -2.9425732421875e+02, -2.505154724121094e+02, 9.571162719726136e+02, -3.875599975585948e+02, -2.546255493164069e+02, 7.417577362060547e+01, -3.030498962402344e+02, -2.035181884765625e+02, 9.183993339538574e+00, -1.706887664794922e+02, -1.9559423828125e+02, -1.690050048828125e+02, -2.201274108886719e+02, -2.64515960693359e+02, -2.228871765136742e+02, -3.085350646972654e+02, -3.039411315917969e+02, -4.066534423828125e+02, -2.49160400390625e+02, 3.080191650390625e+02, -3.479416198730469e+02, -2.864457092285156e+02, 1.17437939453125e+03, -7.024904174804688e+02, -6.089522705078125e+02, -3.887013854980469e+02, -3.61788818359375e+02, -2.852211608886719e+02, 1.32688037109375e+03, -4.431983032226562e+02, -2.91798583984375e+02, 3.229516296386719e+02, -2.302662200927734e+02, -2.14017333984375e+02, 1.778582153320312e+03, -4.258944702148438e+02, -3.361420593261719e+02, 1.948473388671875e+03, -6.446021728515625e+02, -5.410221557617188e+02, 6.977763671875e+02, -7.181436767578125e+02, -3.264861450195312e+02, -4.323171081542969e+02, -7.506854248046875e+02, -1.338456115722656e+02, -4.705033569335938e+02]
time=[0e+00, 3e+06]
case900WithoutFloor.building.wall[1].propsBus_a.surfRad.Q_flow=[1.510494232177734e+01, 8.880208969116211e+00, 1.120519161224365e+01, 8.806901931762695e+00, 5.970033645629883e+01, 1.98880615234375e+01, 2.491229438781738e+01, 7.297161865234371e+01, 2.644526290893555e+01, 2.081624984741211e+01, 1.121069259643555e+02, 2.008393287658691e+01, 1.827126693725586e+01, 9.076918334960938e+02, 1.843785095214838e+01, 4.776864051818848e+00, 2.326624298095703e+02, 2.13857879638672e+01, 2.841572952270508e+01, 5.898546981811523e+01, 2.603492164611816e+01, 2.807039070129395e+01, 3.91181526184082e+01, 2.52335033416748e+01, 3.350124740600586e+01, 3.369871520996094e+01, 3.191120719909668e+01, 8.529898071289062e+01, 3.229930114746093e+01, 3.101553344726562e+01, 2.5513916015625e+02, 2.42224292755127e+01, 6.674478530883789e+00, 2.835424499511719e+02, 2.222163581848147e+01, 3.705630874633789e+01, 3.600478515625e+02, 3.065817260742188e+01, 2.96264762878418e+01, 8.625966644287109e+01, 2.985101890563965e+01, 2.976754760742188e+01, 5.632186508178711e+01, 3.955120849609375e+01, 4.334139633178711e+01, 5.684268569946289e+01, 3.83701057434082e+01, 3.614612197875977e+01, 8.067522430419922e+01, 2.922834587097168e+01, 3.689638519287109e+01, 3.346255874633789e+01, 2.299593925476074e+01, 3.781488418579102e+01, 2.759126472473145e+01, 9.747389793396019e+00, 5.035857238769382e+02, 1.797393226623554e+01, 1.201778221130366e+01, 1.606737670898438e+02, 1.967964744567871e+01, 6.513775825500488e+00, 8.567402648925781e+01, 1.328592205047607e+01, 1.493615818023682e+01, 3.607733535766602e+01, 2.329242706298828e+01, 2.243388748168974e+01, 5.07714195251456e+01, 2.475144958496093e+01, 3.402040863037109e+01, 4.823629760742188e+01, 2.806096839904785e+01, 2.453419036865234e+02, 4.264762878417969e+01, -8.811906576156616e-01, 5.7892138671875e+02, 7.085660552978516e+01, 1.006562113761902e+00, 3.972618579864502e+00, 3.194688320159912e+00, 3.581355571746826e+00, 6.651318969726562e+02, 2.035276222229004e+01, 1.081990718841553e+00, 2.358596496582031e+02, 8.736122131347656e+00, 1.102911376953125e+01, 8.481165161132812e+02, 2.240489196777344e+01, -7.130929946899414e+00, 9.8692529296875e+02, 1.95210018157959e+01, -8.762096405029297e+00, 6.194895629882812e+02, 1.368857955932617e+01, 1.116695709228516e+02, 1.510489349365234e+02, 2.736777067184448e+00, 1.543278503417969e+02, -3.307684659957886e+00]
case900WithFloor.building.wall[1].propsBus_a.surfRad.Q_flow=[1.510494232177734e+01, 5.935337543487549e+00, 6.926040649414062e+00, -1.530662029981613e-01, 4.539178466796875e+01, 4.152169704437256e+00, 5.48050594329834e+00, 5.142228317260738e+01, 6.602564334869385e+00, -5.232492089271545e-01, 9.065653228759766e+01, 9.661884903907776e-01, -5.44818115234375e+00, 7.047835083007812e+02, 3.334046936035146e+01, 4.031507015228271e+00, 1.887220916748047e+02, 1.043537425994871e+01, 6.339123725891113e+00, 3.576566314697266e+01, 1.466378092765808e+00, 1.016630977392197e-01, 1.280452442169189e+01, -3.638281106948853e+00, 7.088193893432617e-01, 2.791176319122314e+00, -7.217692136764526e-01, 5.08176383972168e+01, 1.483855128288257e+00, -9.424777030944778e-01, 2.051742248535156e+02, 1.613142395019531e+01, -1.364508533477783e+01, 2.273410491943359e+02, -2.768204927444487e+00, -5.706969276070595e-02, 2.950859985351562e+02, 1.804963302612305e+01, 2.448507070541382e+00, 5.472049331665039e+01, -3.14487099647522e+00, -7.765792846679688e+00, 1.664956855773926e+01, -1.812536120414734e+00, 1.224797606468201e+00, 1.956378173828125e+01, 3.034511566162109e+00, 9.63408887386322e-01, 6.561925506591797e+01, 9.977761268615723e+00, 1.061380672454834e+01, 3.928609085083008e+01, 9.838549613952637e+00, 1.657356262207031e+01, 4.663125991821289e+01, 3.782171964645283e+00, 4.417789611816292e+02, 3.679895782470757e+01, 1.078580951690682e+01, 1.689497222900391e+02, 3.275319290161133e+01, 7.269422054290771e+00, 7.835186767578125e+01, 3.254555463790894e+00, -2.208888679742813e-01, 1.709000015258789e+01, 1.533073306083679e+00, -2.923618078231554e+00, 2.471281814575106e+01, -4.695491790771452e+00, -1.602442562580109e-01, 7.266522979736328e+01, 2.602963447570801e+01, 2.015081787109375e+02, 6.361516189575195e+01, 2.684248685836792e+00, 4.113490295410156e+02, 1.538279418945312e+02, -2.483745956420898e+01, -9.876946449279785e+00, 7.067619800567627e+00, -3.005589246749878e+00, 5.305230102539062e+02, 3.272592544555664e+01, 2.593367576599121e+00, 2.133739013671875e+02, 1.038577079772949e+01, 1.428086876869202e+00, 6.535235595703125e+02, 2.954567527770996e+01, -1.307731246948242e+01, 8.572882690429688e+02, 1.25622386932373e+01, -4.268017196655273e+01, 5.755824584960938e+02, -1.226329708099365e+01, 5.683000183105469e+01, 2.166510467529297e+02, -3.438468170166016e+01, 1.329324188232422e+02, -6.803315162658691e+00]
