last-generated=2016-05-15
statistics-simulation=
{
  "numerical Jacobians": "0", 
  "nonlinear": "1", 
  "number of continuous time states": "13", 
  "linear": "0, 0, 5, 0, 0, 0"
}
outerWall.layMul.monLay[3].airLayer=[0., 0.]
outerWall.layMul.monLay[2].airLayer=[1., 1.]
time=[0., 1000000.]
outerWall.layMul.monLay[2].port_a.T=[293.149993896484375, 288.120819091796875, 285.131072998046875, 283.89788818359375, 284.413848876953125, 285.12646484375, 284.913055419921875, 284.2220458984375, 283.466064453125, 282.624542236328125, 281.7275390625, 280.989990234375, 280.59832763671875, 280.9678955078125, 280.97265625, 280.49713134765625, 279.937347412109375, 279.375030517578125, 278.9544677734375, 278.742034912109375, 278.690155029296875, 279.360565185546875, 280.386383056640625, 280.7352294921875, 280.488067626953125, 280.037933349609375, 279.522430419921875, 278.865875244140625, 278.242034912109375, 277.78643798828125, 279.173309326171875, 279.851837158203125, 279.2783203125, 278.245025634765625, 277.196563720703125, 276.19549560546875, 275.33026123046875, 274.709075927734375, 276.38006591796875, 285.212890625, 287.6563720703125, 281.758270263671875, 279.05474853515625, 277.70294189453125, 276.815704345703125, 276.1546630859375, 275.76568603515625, 275.959442138671875, 277.26806640625, 278.17547607421875, 277.08551025390625, 276.3917236328125, 275.909515380859375, 275.566070556640625, 275.40234375, 275.3681640625, 276.648681640625, 277.607879638671875, 277.44598388671875, 276.87274169921875, 276.3035888671875, 275.630706787109375, 274.89764404296875, 274.249267578125, 274.316925048828125, 275.281890869140625, 275.519012451171875, 274.946746826171875, 274.227294921875, 273.649261474609375, 273.0771484375, 272.777557373046875, 272.561065673828125, 273.160308837890625, 274.0281982421875, 274.103424072265625, 273.72271728515625, 273.409637451171875, 273.18743896484375, 273.011962890625, 272.903411865234375, 272.923095703125, 274.097869873046875, 275.063232421875, 274.87744140625, 274.54022216796875, 274.242523193359375, 273.9566650390625, 273.77642822265625, 273.67242431640625, 275.29803466796875, 278.7763671875, 279.121795654296875, 277.47479248046875, 276.093658447265625, 274.770965576171875, 272.692108154296875, 270.710418701171875, 269.2110595703125, 270.87994384765625, 270.65655517578125]
outerWall.layMul.monLay[2].port_b.T=[293.149993896484375, 287.453399658203125, 284.440155029296875, 283.241485595703125, 283.9261474609375, 284.67437744140625, 284.390533447265625, 283.654510498046875, 282.86175537109375, 281.975494384765625, 281.03802490234375, 280.290435791015625, 279.948394775390625, 280.380706787109375, 280.369720458984375, 279.855255126953125, 279.27984619140625, 278.695068359375, 278.292877197265625, 278.100738525390625, 278.080474853515625, 278.901885986328125, 279.990936279296875, 280.314453125, 280.04248046875, 279.564697265625, 279.02764892578125, 278.3306884765625, 277.689544677734375, 277.253753662109375, 278.84515380859375, 279.5089111328125, 278.81634521484375, 277.71185302734375, 276.609375, 275.568115234375, 274.674468994140625, 274.05096435546875, 276.304901123046875, 285.9442138671875, 287.6151123046875, 281.1080322265625, 278.39404296875, 277.027984619140625, 276.119964599609375, 275.457183837890625, 275.086700439453125, 275.356170654296875, 276.9542236328125, 277.669525146484375, 276.500823974609375, 275.793609619140625, 275.31024169921875, 274.977203369140625, 274.8323974609375, 274.847747802734375, 276.305633544921875, 277.2923583984375, 277.046722412109375, 276.436798095703125, 275.844390869140625, 275.130462646484375, 274.365020751953125, 273.69805908203125, 273.90777587890625, 274.924591064453125, 275.125213623046875, 274.486419677734375, 273.733642578125, 273.137054443359375, 272.550994873046875, 272.26397705078125, 272.056060791015625, 272.79193115234375, 273.717742919921875, 273.7276611328125, 273.3348388671875, 273.012725830078125, 272.79736328125, 272.62591552734375, 272.52813720703125, 272.600006103515625, 273.933990478515625, 274.912872314453125, 274.6434326171875, 274.29644775390625, 273.98846435546875, 273.693115234375, 273.515533447265625, 273.419677734375, 275.405731201171875, 279.082275390625, 279.12847900390625, 277.309539794921875, 275.84100341796875, 274.42498779296875, 272.152435302734375, 270.08160400390625, 268.546142578125, 270.63409423828125, 270.078399658203125]
