last-generated=2019-04-10
statistics-initialization=
{
  "linear": "2, 2, 2, 2, 2, 2, 2, 2",
  "nonlinear": "2, 2, 8, 8, 2, 2",
  "numerical Jacobians": "0"
}
statistics-simulation=
{
  "linear": "0, 0, 0, 0, 0, 5, 5, 0, 0, 0, 0, 0, 0, 0, 0, 0, 0, 0, 0, 5, 5, 0, 0, 0, 0, 0, 0,   0",
  "nonlinear": "1",
  "number of continuous time states": "68",
  "numerical Jacobians": "0"
}
case900_gains.building.gF.airModel.phi=[6.920281648635864e-01, 4.981170296669006e-01, 4.230179488658905e-01, 4.40993070602417e-01, 4.440948665142059e-01, 4.420782923698425e-01, 4.558448195457458e-01, 4.578124284744263e-01, 4.381098449230194e-01, 4.052304625511169e-01, 3.796702027320862e-01, 3.808383643627167e-01, 4.113945364952087e-01, 4.208836853504181e-01, 4.20014351606369e-01, 4.30690586566925e-01, 3.972213566303253e-01, 3.835310339927673e-01, 3.800385594367981e-01, 3.763017356395721e-01, 4.165264666080475e-01, 4.531071186065674e-01, 4.71726655960083e-01, 4.628923833370209e-01, 4.52345997095108e-01, 4.141399264335632e-01, 3.963425159454346e-01, 3.721528947353363e-01, 3.580425679683685e-01, 3.968046009540558e-01, 4.128929972648621e-01, 4.167781174182892e-01, 3.973910212516785e-01, 3.661510050296783e-01, 3.31181675195694e-01, 3.04064154624939e-01, 2.799322307109833e-01, 2.868640124797821e-01, 3.166075944900513e-01, 3.182908594608307e-01, 3.217848539352417e-01, 3.356759250164032e-01, 2.796649634838104e-01, 2.556897401809692e-01, 2.323163598775864e-01, 2.191417217254639e-01, 2.516336739063263e-01, 2.802770435810089e-01, 3.00077497959137e-01, 3.123230338096619e-01, 2.853452265262604e-01, 2.549356818199158e-01, 2.555804550647736e-01, 2.573201656341553e-01, 2.602093517780304e-01, 3.134496510028839e-01, 3.404524028301239e-01, 3.463002145290375e-01, 3.455047309398651e-01, 3.212132453918457e-01, 3.028119504451752e-01, 2.823468744754791e-01, 2.671382129192352e-01, 2.879270017147064e-01, 3.042386472225189e-01, 3.154143989086151e-01, 3.211774826049805e-01, 3.149244785308838e-01, 2.709240317344666e-01, 2.602932155132294e-01, 2.475339323282242e-01, 2.434881329536438e-01, 2.809256911277771e-01, 3.064106404781342e-01, 3.048842549324036e-01, 3.0338254570961e-01, 2.813780009746552e-01, 2.604160606861115e-01, 2.564657628536224e-01, 2.538837492465973e-01, 2.572391927242279e-01, 3.033661246299744e-01, 3.301651775836945e-01, 3.425562381744385e-01, 3.482512533664703e-01, 3.100505471229553e-01, 2.848130762577057e-01, 2.583121657371521e-01, 2.557365894317627e-01, 2.920481562614441e-01, 3.216306567192078e-01, 3.26728492975235e-01, 3.289864957332611e-01, 3.05205374956131e-01, 2.475638389587402e-01, 2.212529480457306e-01, 2.036341577768326e-01, 1.91638171672821e-01, 2.184991538524628e-01, 2.299064844846725e-01, 2.300261408090591e-01]
case900_default.building.gF.airModel.phi=[6.920281648635864e-01, 4.981170296669006e-01, 4.230179488658905e-01, 3.963552713394165e-01, 3.804870545864105e-01, 3.724139928817749e-01, 3.842762112617493e-01, 4.180431962013245e-01, 4.254040122032166e-01, 4.011620879173279e-01, 3.783695697784424e-01, 3.657264113426208e-01, 3.571556210517883e-01, 3.541986048221588e-01, 3.493750989437103e-01, 3.587793111801147e-01, 3.708828687667847e-01, 3.751739859580994e-01, 3.77381831407547e-01, 3.754573464393616e-01, 3.821033239364624e-01, 3.927119970321655e-01, 4.031127989292145e-01, 3.916480541229248e-01, 3.973927795886993e-01, 3.96585613489151e-01, 3.907546699047089e-01, 3.70326966047287e-01, 3.574037253856659e-01, 3.49390983581543e-01, 3.483635187149048e-01, 3.467966616153717e-01, 3.256527483463287e-01, 3.295712471008301e-01, 3.195340037345886e-01, 3.00358384847641e-01, 2.787606120109558e-01, 2.668173611164093e-01, 2.60831207036972e-01, 2.575900256633759e-01, 2.597796320915222e-01, 2.636547982692719e-01, 2.554752230644226e-01, 2.479595988988876e-01, 2.298730611801147e-01, 2.183647453784943e-01, 2.138228118419647e-01, 2.186999619007111e-01, 2.309607118368149e-01, 2.407871037721634e-01, 2.351465225219727e-01, 2.389519959688187e-01, 2.505070865154266e-01, 2.556376755237579e-01, 2.596196830272675e-01, 2.63793021440506e-01, 2.753795683383942e-01, 2.760616838932037e-01, 2.736295163631439e-01, 2.879919707775116e-01, 2.922728359699249e-01, 2.789886891841888e-01, 2.660617232322693e-01, 2.633017897605896e-01, 2.470106035470963e-01, 2.476919591426849e-01, 2.501478791236877e-01, 2.460246831178665e-01, 2.488401979207993e-01, 2.532298266887665e-01, 2.452865242958069e-01, 2.426930516958237e-01, 2.398863136768341e-01, 2.437991499900818e-01, 2.354043871164322e-01, 2.316966354846954e-01, 2.353111654520035e-01, 2.457743138074875e-01, 2.518352866172791e-01, 2.524533569812775e-01, 2.505370676517487e-01, 2.516585886478424e-01, 2.641808986663818e-01, 2.720220386981964e-01, 2.762767374515533e-01, 2.797523140907288e-01, 2.751798331737518e-01, 2.552380561828613e-01, 2.547738552093506e-01, 2.63216495513916e-01, 2.62936919927597e-01, 2.585528492927551e-01, 2.577913999557495e-01, 2.421651035547256e-01, 2.275061458349228e-01, 2.148036807775497e-01, 2.015991806983948e-01, 1.909887492656708e-01, 1.746556758880615e-01, 1.664200574159622e-01, 1.601802408695221e-01]
time=[0e+00, 1e+06]
case900_gains.building.gF.TAir=[2.931499938964844e+02, 2.931460266113281e+02, 2.9314501953125e+02, 2.931448364257812e+02, 2.931463928222656e+02, 2.931463623046875e+02, 2.931450500488281e+02, 2.931436157226562e+02, 2.931426696777344e+02, 2.931414794921875e+02, 2.93140380859375e+02, 2.931399841308594e+02, 2.93140380859375e+02, 2.931407165527344e+02, 2.931400756835938e+02, 2.931391296386719e+02, 2.931380310058594e+02, 2.931372680664062e+02, 2.931370544433594e+02, 2.931367797851562e+02, 2.931371154785156e+02, 2.931388549804688e+02, 2.931393737792969e+02, 2.931388244628906e+02, 2.931378479003906e+02, 2.931372680664062e+02, 2.9313671875e+02, 2.931358642578125e+02, 2.931352844238281e+02, 2.931361694335938e+02, 2.931391296386719e+02, 2.931391296386719e+02, 2.93137451171875e+02, 2.931358337402344e+02, 2.931347045898438e+02, 2.931334838867188e+02, 2.931325378417969e+02, 2.931322631835938e+02, 2.931414184570312e+02, 2.94069091796875e+02, 2.944394836425781e+02, 2.931473999023438e+02, 2.931431579589844e+02, 2.931405334472656e+02, 2.931386413574219e+02, 2.931371154785156e+02, 2.931364135742188e+02, 2.931364440917969e+02, 2.931409606933594e+02, 2.9313818359375e+02, 2.931364440917969e+02, 2.931354675292969e+02, 2.931347045898438e+02, 2.931340942382812e+02, 2.931336364746094e+02, 2.931347045898438e+02, 2.9313671875e+02, 2.931368408203125e+02, 2.931355590820312e+02, 2.9313427734375e+02, 2.931335754394531e+02, 2.931326904296875e+02, 2.931319885253906e+02, 2.931319274902344e+02, 2.931338806152344e+02, 2.931342163085938e+02, 2.931335144042969e+02, 2.931319274902344e+02, 2.931309814453125e+02, 2.931300964355469e+02, 2.931294250488281e+02, 2.931289978027344e+02, 2.931292114257812e+02, 2.931311645507812e+02, 2.93132080078125e+02, 2.931309509277344e+02, 2.931299438476562e+02, 2.931295471191406e+02, 2.931292419433594e+02, 2.931290588378906e+02, 2.931292419433594e+02, 2.931300964355469e+02, 2.931322326660156e+02, 2.9313232421875e+02, 2.931312866210938e+02, 2.931305541992188e+02, 2.931303405761719e+02, 2.931300048828125e+02, 2.931297607421875e+02, 2.93130126953125e+02, 2.931371154785156e+02, 2.931412658691406e+02, 2.931382141113281e+02, 2.931358642578125e+02, 2.931343383789062e+02, 2.931325988769531e+02, 2.931299743652344e+02, 2.931279296875e+02, 2.931273498535156e+02, 2.931343078613281e+02, 2.931302490234375e+02]
case900_gains.building.gF.comfort.TRad=[2.931499938964844e+02, 2.924205627441406e+02, 2.921412353515625e+02, 2.919706726074219e+02, 2.92246826171875e+02, 2.922225646972656e+02, 2.919441223144531e+02, 2.917315063476562e+02, 2.915385437011719e+02, 2.913269958496094e+02, 2.911209106445312e+02, 2.909635314941406e+02, 2.91009765625e+02, 2.910677795410156e+02, 2.909519653320312e+02, 2.907826843261719e+02, 2.906435241699219e+02, 2.905165710449219e+02, 2.9043408203125e+02, 2.903651428222656e+02, 2.903397521972656e+02, 2.906010131835938e+02, 2.906839904785156e+02, 2.906159973144531e+02, 2.905232238769531e+02, 2.904343566894531e+02, 2.90349365234375e+02, 2.902314453125e+02, 2.901376037597656e+02, 2.902055969238281e+02, 2.907349548339844e+02, 2.907541198730469e+02, 2.904955444335938e+02, 2.903038940429688e+02, 2.90126953125e+02, 2.899361572265625e+02, 2.897728881835938e+02, 2.896521606445312e+02, 2.91419677734375e+02, 2.951470947265625e+02, 2.947743530273438e+02, 2.929830017089844e+02, 2.922480163574219e+02, 2.917098999023438e+02, 2.912432861328125e+02, 2.908656005859375e+02, 2.905903625488281e+02, 2.905111694335938e+02, 2.913793640136719e+02, 2.909193115234375e+02, 2.905984497070312e+02, 2.903731079101562e+02, 2.901964416503906e+02, 2.900481262207031e+02, 2.899352722167969e+02, 2.900060729980469e+02, 2.903097839355469e+02, 2.903359069824219e+02, 2.901463317871094e+02, 2.900047912597656e+02, 2.898924255371094e+02, 2.897626953125e+02, 2.896519775390625e+02, 2.895785522460938e+02, 2.898718566894531e+02, 2.899364929199219e+02, 2.898384399414062e+02, 2.896603698730469e+02, 2.895075073242188e+02, 2.893699951171875e+02, 2.892521362304688e+02, 2.891709899902344e+02, 2.891329650878906e+02, 2.894077453613281e+02, 2.895516357421875e+02, 2.894024963378906e+02, 2.892981567382812e+02, 2.892279968261719e+02, 2.89167236328125e+02, 2.891257019042969e+02, 2.890904541015625e+02, 2.892129516601562e+02, 2.895179443359375e+02, 2.895498352050781e+02, 2.894149475097656e+02, 2.893545532226562e+02, 2.893128356933594e+02, 2.892604675292969e+02, 2.892171630859375e+02, 2.892100524902344e+02, 2.903700256347656e+02, 2.912964782714844e+02, 2.90795166015625e+02, 2.9044384765625e+02, 2.901824340820312e+02, 2.899169311523438e+02, 2.895685729980469e+02, 2.89259521484375e+02, 2.890894775390625e+02, 2.903676452636719e+02, 2.897438659667969e+02]
case900_default.building.gF.comfort.TRad=[2.931499938964844e+02, 2.924205627441406e+02, 2.921412353515625e+02, 2.919356994628906e+02, 2.921949768066406e+02, 2.921575012207031e+02, 2.918697509765625e+02, 2.916775512695312e+02, 2.914953918457031e+02, 2.912918090820312e+02, 2.910922546386719e+02, 2.909236755371094e+02, 2.909516296386719e+02, 2.9099951171875e+02, 2.908760986328125e+02, 2.907009582519531e+02, 2.905908508300781e+02, 2.904740600585938e+02, 2.90399658203125e+02, 2.903372497558594e+02, 2.902893981933594e+02, 2.90538818359375e+02, 2.906131286621094e+02, 2.90538330078125e+02, 2.904584350585938e+02, 2.9038623046875e+02, 2.90310546875e+02, 2.902001037597656e+02, 2.901122436523438e+02, 2.90151123046875e+02, 2.9066943359375e+02, 2.90680419921875e+02, 2.904161376953125e+02, 2.902481384277344e+02, 2.900828552246094e+02, 2.899007263183594e+02, 2.897444458007812e+02, 2.896099243164062e+02, 2.913598327636719e+02, 2.950513610839844e+02, 2.946322631835938e+02, 2.928575134277344e+02, 2.921730651855469e+02, 2.916512145996094e+02, 2.91195068359375e+02, 2.908263549804688e+02, 2.905293273925781e+02, 2.904407958984375e+02, 2.91300048828125e+02, 2.908347778320312e+02, 2.905316162109375e+02, 2.903218383789062e+02, 2.901551208496094e+02, 2.900147399902344e+02, 2.899082641601562e+02, 2.899492492675781e+02, 2.902431945800781e+02, 2.902619018554688e+02, 2.9006689453125e+02, 2.899508666992188e+02, 2.898494567871094e+02, 2.897281799316406e+02, 2.896242370605469e+02, 2.895341186523438e+02, 2.898137512207031e+02, 2.898697814941406e+02, 2.897650146484375e+02, 2.895873718261719e+02, 2.894601440429688e+02, 2.893322448730469e+02, 2.892219848632812e+02, 2.891467590332031e+02, 2.89083740234375e+02, 2.8934814453125e+02, 2.894839477539062e+02, 2.893287658691406e+02, 2.8924267578125e+02, 2.89185546875e+02, 2.891333618164062e+02, 2.890986022949219e+02, 2.890601196289062e+02, 2.891602172851562e+02, 2.894557189941406e+02, 2.894802856445312e+02, 2.8933984375e+02, 2.893055114746094e+02, 2.892738342285156e+02, 2.892292785644531e+02, 2.891921997070312e+02, 2.891660461425781e+02, 2.903120422363281e+02, 2.91226806640625e+02, 2.907193908691406e+02, 2.90374755859375e+02, 2.901343994140625e+02, 2.898784484863281e+02, 2.895377807617188e+02, 2.892348937988281e+02, 2.890387268066406e+02, 2.903051452636719e+02, 2.896744384765625e+02]
case900_default.building.gF.TAir=[2.931499938964844e+02, 2.931460266113281e+02, 2.9314501953125e+02, 2.931443176269531e+02, 2.931458129882812e+02, 2.93145751953125e+02, 2.931443786621094e+02, 2.931434326171875e+02, 2.931425170898438e+02, 2.93141357421875e+02, 2.931402893066406e+02, 2.931394348144531e+02, 2.931397705078125e+02, 2.931400451660156e+02, 2.931393737792969e+02, 2.931383972167969e+02, 2.931378479003906e+02, 2.931371154785156e+02, 2.931369018554688e+02, 2.931366882324219e+02, 2.931365051269531e+02, 2.9313818359375e+02, 2.93138671875e+02, 2.931381225585938e+02, 2.931376037597656e+02, 2.931370849609375e+02, 2.931365661621094e+02, 2.931357421875e+02, 2.931351928710938e+02, 2.931355285644531e+02, 2.931384887695312e+02, 2.93138427734375e+02, 2.9313671875e+02, 2.931356201171875e+02, 2.93134521484375e+02, 2.931333618164062e+02, 2.931324157714844e+02, 2.931316528320312e+02, 2.931408081054688e+02, 2.938944702148438e+02, 2.942228393554688e+02, 2.931464538574219e+02, 2.931427917480469e+02, 2.931403503417969e+02, 2.931384582519531e+02, 2.93136962890625e+02, 2.931357421875e+02, 2.931357421875e+02, 2.931402893066406e+02, 2.93137451171875e+02, 2.931361999511719e+02, 2.931352844238281e+02, 2.931345520019531e+02, 2.931339721679688e+02, 2.93133544921875e+02, 2.931340637207031e+02, 2.931360473632812e+02, 2.931361389160156e+02, 2.931348266601562e+02, 2.931340637207031e+02, 2.931334228515625e+02, 2.931325378417969e+02, 2.931318664550781e+02, 2.931313171386719e+02, 2.931332397460938e+02, 2.931335144042969e+02, 2.931327819824219e+02, 2.931316223144531e+02, 2.931307983398438e+02, 2.931299438476562e+02, 2.931292724609375e+02, 2.931288757324219e+02, 2.931285705566406e+02, 2.931304931640625e+02, 2.931313781738281e+02, 2.931302185058594e+02, 2.931297302246094e+02, 2.9312939453125e+02, 2.931290893554688e+02, 2.931289367675781e+02, 2.931287231445312e+02, 2.931294555664062e+02, 2.931315612792969e+02, 2.93131591796875e+02, 2.931305541992188e+02, 2.9313037109375e+02, 2.931301879882812e+02, 2.931298828125e+02, 2.93129638671875e+02, 2.931295166015625e+02, 2.93136474609375e+02, 2.93140625e+02, 2.931375122070312e+02, 2.931355590820312e+02, 2.931341247558594e+02, 2.931324462890625e+02, 2.931298522949219e+02, 2.931278381347656e+02, 2.93126708984375e+02, 2.931336364746094e+02, 2.931295471191406e+02]
case900_gains.building.gF.intGaiOcc.C_flow[1]=[0e+00, 0e+00, 0e+00, 1.081666687241523e-05, 1.081666687241523e-05, 1.081666687241523e-05, 1.081666687241523e-05, 0e+00, 0e+00, 0e+00, 0e+00, 1.081666687241523e-05, 1.081666687241523e-05, 1.081666687241523e-05, 1.081666687241523e-05, 1.081666687241523e-05, 0e+00, 0e+00, 0e+00, 0e+00, 1.081666687241523e-05, 1.081666687241523e-05, 1.081666687241523e-05, 1.081666687241523e-05, 0e+00, 0e+00, 0e+00, 0e+00, 0e+00, 1.081666687241523e-05, 1.081666687241523e-05, 1.081666687241523e-05, 1.081666687241523e-05, 0e+00, 0e+00, 0e+00, 0e+00, 1.081666687241523e-05, 1.081666687241523e-05, 1.081666687241523e-05, 1.081666687241523e-05, 1.081666687241523e-05, 0e+00, 0e+00, 0e+00, 0e+00, 1.081666687241523e-05, 1.081666687241523e-05, 1.081666687241523e-05, 1.081666687241523e-05, 0e+00, 0e+00, 0e+00, 0e+00, 0e+00, 1.081666687241523e-05, 1.081666687241523e-05, 1.081666687241523e-05, 1.081666687241523e-05, 0e+00, 0e+00, 0e+00, 0e+00, 1.081666687241523e-05, 1.081666687241523e-05, 1.081666687241523e-05, 1.081666687241523e-05, 0e+00, 0e+00, 0e+00, 0e+00, 0e+00, 1.081666687241523e-05, 1.081666687241523e-05, 1.081666687241523e-05, 1.081666687241523e-05, 0e+00, 0e+00, 0e+00, 0e+00, 1.081666687241523e-05, 1.081666687241523e-05, 1.081666687241523e-05, 1.081666687241523e-05, 1.081666687241523e-05, 0e+00, 0e+00, 0e+00, 0e+00, 1.081666687241523e-05, 1.081666687241523e-05, 1.081666687241523e-05, 1.081666687241523e-05, 0e+00, 0e+00, 0e+00, 0e+00, 0e+00, 1.081666687241523e-05, 1.081666687241523e-05, 1.081666687241523e-05]
case900_gains.building.gF.intGaiOcc.portCon.Q_flow=[0e+00, 0e+00, 0e+00, -2.920000076293945e+01, -2.920000076293945e+01, -2.920000076293945e+01, -2.920000076293945e+01, 0e+00, 0e+00, 0e+00, 0e+00, -2.920000076293945e+01, -2.920000076293945e+01, -2.920000076293945e+01, -2.920000076293945e+01, -2.920000076293945e+01, 0e+00, 0e+00, 0e+00, 0e+00, -2.920000076293945e+01, -2.920000076293945e+01, -2.920000076293945e+01, -2.920000076293945e+01, 0e+00, 0e+00, 0e+00, 0e+00, 0e+00, -2.920000076293945e+01, -2.920000076293945e+01, -2.920000076293945e+01, -2.920000076293945e+01, 0e+00, 0e+00, 0e+00, 0e+00, -2.920000076293945e+01, -2.920000076293945e+01, -2.920000076293945e+01, -2.920000076293945e+01, -2.920000076293945e+01, 0e+00, 0e+00, 0e+00, 0e+00, -2.920000076293945e+01, -2.920000076293945e+01, -2.920000076293945e+01, -2.920000076293945e+01, 0e+00, 0e+00, 0e+00, 0e+00, -0e+00, -2.920000076293945e+01, -2.920000076293945e+01, -2.920000076293945e+01, -2.920000076293945e+01, 0e+00, 0e+00, 0e+00, 0e+00, -2.920000076293945e+01, -2.920000076293945e+01, -2.920000076293945e+01, -2.920000076293945e+01, 0e+00, 0e+00, 0e+00, 0e+00, 0e+00, -2.920000076293945e+01, -2.920000076293945e+01, -2.920000076293945e+01, -2.920000076293945e+01, 0e+00, 0e+00, 0e+00, 0e+00, -2.920000076293945e+01, -2.920000076293945e+01, -2.920000076293945e+01, -2.920000076293945e+01, -2.920000076293945e+01, 0e+00, 0e+00, 0e+00, 0e+00, -2.920000076293945e+01, -2.920000076293945e+01, -2.920000076293945e+01, -2.920000076293945e+01, 0e+00, 0e+00, 0e+00, 0e+00, 0e+00, -2.920000076293945e+01, -2.920000076293945e+01, -2.920000076293945e+01]
case900_gains.building.gF.intGaiOcc.portRad.Q_flow=[0e+00, 0e+00, 0e+00, -4.379999923706055e+01, -4.379999923706055e+01, -4.379999923706055e+01, -4.379999923706055e+01, 0e+00, 0e+00, 0e+00, 0e+00, -4.379999923706055e+01, -4.379999923706055e+01, -4.379999923706055e+01, -4.379999923706055e+01, -4.379999923706055e+01, 0e+00, 0e+00, 0e+00, 0e+00, -4.379999923706055e+01, -4.379999923706055e+01, -4.379999923706055e+01, -4.379999923706055e+01, 0e+00, 0e+00, 0e+00, 0e+00, 0e+00, -4.379999923706055e+01, -4.379999923706055e+01, -4.379999923706055e+01, -4.379999923706055e+01, 0e+00, 0e+00, 0e+00, 0e+00, -4.379999923706055e+01, -4.379999923706055e+01, -4.379999923706055e+01, -4.379999923706055e+01, -4.379999923706055e+01, 0e+00, 0e+00, 0e+00, 0e+00, -4.379999923706055e+01, -4.379999923706055e+01, -4.379999923706055e+01, -4.379999923706055e+01, 0e+00, 0e+00, 0e+00, 0e+00, -0e+00, -4.379999923706055e+01, -4.379999923706055e+01, -4.379999923706055e+01, -4.379999923706055e+01, 0e+00, 0e+00, 0e+00, 0e+00, -4.379999923706055e+01, -4.379999923706055e+01, -4.379999923706055e+01, -4.379999923706055e+01, 0e+00, 0e+00, 0e+00, 0e+00, 0e+00, -4.379999923706055e+01, -4.379999923706055e+01, -4.379999923706055e+01, -4.379999923706055e+01, 0e+00, 0e+00, 0e+00, 0e+00, -4.379999923706055e+01, -4.379999923706055e+01, -4.379999923706055e+01, -4.379999923706055e+01, -4.379999923706055e+01, 0e+00, 0e+00, 0e+00, 0e+00, -4.379999923706055e+01, -4.379999923706055e+01, -4.379999923706055e+01, -4.379999923706055e+01, 0e+00, 0e+00, 0e+00, 0e+00, 0e+00, -4.379999923706055e+01, -4.379999923706055e+01, -4.379999923706055e+01]
case900_gains.building.gF.intGaiOcc.mWat_flow=[0e+00, 0e+00, 0e+00, 1.861042255768552e-05, 1.861042255768552e-05, 1.861042255768552e-05, 1.861042255768552e-05, 0e+00, 0e+00, 0e+00, 0e+00, 1.861042255768552e-05, 1.861042255768552e-05, 1.861042255768552e-05, 1.861042255768552e-05, 1.861042255768552e-05, 0e+00, 0e+00, 0e+00, 0e+00, 1.861042255768552e-05, 1.861042255768552e-05, 1.861042255768552e-05, 1.861042255768552e-05, 0e+00, 0e+00, 0e+00, 0e+00, 0e+00, 1.861042255768552e-05, 1.861042255768552e-05, 1.861042255768552e-05, 1.861042255768552e-05, 0e+00, 0e+00, 0e+00, 0e+00, 1.861042255768552e-05, 1.861042255768552e-05, 1.861042255768552e-05, 1.861042255768552e-05, 1.861042255768552e-05, 0e+00, 0e+00, 0e+00, 0e+00, 1.861042255768552e-05, 1.861042255768552e-05, 1.861042255768552e-05, 1.861042255768552e-05, 0e+00, 0e+00, 0e+00, 0e+00, 0e+00, 1.861042255768552e-05, 1.861042255768552e-05, 1.861042255768552e-05, 1.861042255768552e-05, 0e+00, 0e+00, 0e+00, 0e+00, 1.861042255768552e-05, 1.861042255768552e-05, 1.861042255768552e-05, 1.861042255768552e-05, 0e+00, 0e+00, 0e+00, 0e+00, 0e+00, 1.861042255768552e-05, 1.861042255768552e-05, 1.861042255768552e-05, 1.861042255768552e-05, 0e+00, 0e+00, 0e+00, 0e+00, 1.861042255768552e-05, 1.861042255768552e-05, 1.861042255768552e-05, 1.861042255768552e-05, 1.861042255768552e-05, 0e+00, 0e+00, 0e+00, 0e+00, 1.861042255768552e-05, 1.861042255768552e-05, 1.861042255768552e-05, 1.861042255768552e-05, 0e+00, 0e+00, 0e+00, 0e+00, 0e+00, 1.861042255768552e-05, 1.861042255768552e-05, 1.861042255768552e-05]
ppms[2].y=[4e+02, 4.000005798339844e+02, 4.000007934570312e+02, 4.000008544921875e+02, 4.000008544921875e+02, 4.000008544921875e+02, 4.000008850097656e+02, 4.000008850097656e+02, 4.000008850097656e+02, 4.000008850097656e+02, 4.000008850097656e+02, 4.000008850097656e+02, 4.000008850097656e+02, 4.000008850097656e+02, 4.000008850097656e+02, 4.000008850097656e+02, 4.000008850097656e+02, 4.000008850097656e+02, 4.000008850097656e+02, 4.000008850097656e+02, 4.000008850097656e+02, 4.000008850097656e+02, 4.000008850097656e+02, 4.000008850097656e+02, 4.000008850097656e+02, 4.000008850097656e+02, 4.000008850097656e+02, 4.000008850097656e+02, 4.000008850097656e+02, 4.000008850097656e+02, 4.000008850097656e+02, 4.000008850097656e+02, 4.000008850097656e+02, 4.000008850097656e+02, 4.000008850097656e+02, 4.000008850097656e+02, 4.000008850097656e+02, 4.000008850097656e+02, 4.000008850097656e+02, 4.000008850097656e+02, 4.000008850097656e+02, 4.000008850097656e+02, 4.000008850097656e+02, 4.000008850097656e+02, 4.000008850097656e+02, 4.000008850097656e+02, 4.000008850097656e+02, 4.000008850097656e+02, 4.000008850097656e+02, 4.000008850097656e+02, 4.000008850097656e+02, 4.000008850097656e+02, 4.000008850097656e+02, 4.000008850097656e+02, 4.000008850097656e+02, 4.000008850097656e+02, 4.000008850097656e+02, 4.000008850097656e+02, 4.000008850097656e+02, 4.000008850097656e+02, 4.000008850097656e+02, 4.000008850097656e+02, 4.000008850097656e+02, 4.000008850097656e+02, 4.000008850097656e+02, 4.000008850097656e+02, 4.000008850097656e+02, 4.000008850097656e+02, 4.000008850097656e+02, 4.000008850097656e+02, 4.000008850097656e+02, 4.000008850097656e+02, 4.000008850097656e+02, 4.000008850097656e+02, 4.000008850097656e+02, 4.000008850097656e+02, 4.000008850097656e+02, 4.000008850097656e+02, 4.000008850097656e+02, 4.000008850097656e+02, 4.000008850097656e+02, 4.000008850097656e+02, 4.000008850097656e+02, 4.000008850097656e+02, 4.000008850097656e+02, 4.000008850097656e+02, 4.000008850097656e+02, 4.000008850097656e+02, 4.000008850097656e+02, 4.000008850097656e+02, 4.000008850097656e+02, 4.000008850097656e+02, 4.000008850097656e+02, 4.000008850097656e+02, 4.000008850097656e+02, 4.000008850097656e+02, 4.000008850097656e+02, 4.000008850097656e+02, 4.000008850097656e+02, 4.000008850097656e+02, 4.000008850097656e+02]
ppms[1].y=[4e+02, 4.000005798339844e+02, 4.000007934570312e+02, 6.4555517578125e+02, 7.498759765625e+02, 7.831522827148438e+02, 7.936884765625e+02, 6.187925415039062e+02, 4.699037170410156e+02, 4.223809204101562e+02, 4.071600646972656e+02, 4.830863037109375e+02, 6.980995483398438e+02, 7.665184936523438e+02, 7.882147216796875e+02, 7.952557983398438e+02, 5.447242431640625e+02, 4.459276733398438e+02, 4.146114807128906e+02, 4.046527709960938e+02, 5.892345581054688e+02, 7.321292114257812e+02, 7.774288330078125e+02, 7.918132934570312e+02, 7.021492309570312e+02, 4.964970703125e+02, 4.307219848632812e+02, 4.100442504882812e+02, 4.035208129882812e+02, 6.604766845703125e+02, 7.545939331054688e+02, 7.8455712890625e+02, 7.94026611328125e+02, 6.0083203125e+02, 4.639308776855469e+02, 4.203393249511719e+02, 4.064346008300781e+02, 5.099405822753906e+02, 7.060323486328125e+02, 7.686875610351562e+02, 7.890140380859375e+02, 7.954020385742188e+02, 5.3269677734375e+02, 4.42393798828125e+02, 4.134025268554688e+02, 4.042681579589844e+02, 6.072034301757812e+02, 7.375150756835938e+02, 7.79050048828125e+02, 7.923295288085938e+02, 6.751790161132812e+02, 4.876039123535156e+02, 4.278172607421875e+02, 4.092328796386719e+02, 4.032422790527344e+02, 6.723506469726562e+02, 7.570558471679688e+02, 7.854226684570312e+02, 7.943616943359375e+02, 5.822364501953125e+02, 4.578143005371094e+02, 4.184240112304688e+02, 4.059110412597656e+02, 5.350330810546875e+02, 7.137777709960938e+02, 7.713564453125e+02, 7.895029296875e+02, 7.777207641601562e+02, 5.210249633789062e+02, 4.387138671875e+02, 4.123219604492188e+02, 4.043641662597656e+02, 6.249036254882812e+02, 7.432288818359375e+02, 7.8086376953125e+02, 7.929104614257812e+02, 6.52418212890625e+02, 4.802281188964844e+02, 4.253804321289062e+02, 4.078467102050781e+02, 4.3676220703125e+02, 6.834574584960938e+02, 7.61884033203125e+02, 7.869083251953125e+02, 7.948201293945312e+02, 5.66135498046875e+02, 4.52817626953125e+02, 4.168548583984375e+02, 4.052844848632812e+02, 5.58077880859375e+02, 7.2197314453125e+02, 7.74077880859375e+02, 7.90577880859375e+02, 7.456392211914062e+02, 5.099008483886719e+02, 4.353283996582031e+02, 4.111483764648438e+02, 4.035611572265625e+02, 6.399579467773438e+02, 7.476062622070312e+02, 7.8230712890625e+02]
