last-generated=2019-12-15
statistics-simulation=
{
  "linear": " ",
  "nonlinear": " ",
  "numerical Jacobians": "0"
}
extConvForcedCoeffCeiling.hForcedConExt=[1.365528964996338e+01, 1.365528964996338e+01]
extConvForcedCoeffWall.hForcedConExt=[1.365528964996338e+01, 1.365528964996338e+01, 1.365528964996338e+01, 1.365528964996338e+01, 1.365528964996338e+01, 1.365528964996338e+01, 1.365528964996338e+01, 1.365528964996338e+01, 1.365528964996338e+01, 1.365528964996338e+01, 1.365528964996338e+01, 1.365528964996338e+01, 1.365528964996338e+01, 1.365528964996338e+01, 1.365528964996338e+01, 1.365528964996338e+01, 1.365528964996338e+01, 1.365528964996338e+01, 1.365528964996338e+01, 1.365528964996338e+01, 1.365528964996338e+01, 1.365528964996338e+01, 1.365528964996338e+01, 1.365528964996338e+01, 1.365528964996338e+01, 1.365528964996338e+01, 1.365528651660132e+01, 9.582809448242188e+00, 9.582809448242188e+00, 9.582809448242188e+00, 9.582809448242188e+00, 9.582809448242188e+00, 9.582809448242188e+00, 9.582809448242188e+00, 9.582809448242188e+00, 9.582809448242188e+00, 9.582809448242188e+00, 9.582809448242188e+00, 9.582809448242188e+00, 9.582809448242188e+00, 9.582809448242188e+00, 9.582809448242188e+00, 9.582809448242188e+00, 9.582809448242188e+00, 9.582809448242188e+00, 9.582809448242188e+00, 9.582809448242188e+00, 9.582809448242188e+00, 9.582809448242188e+00, 1.365528651660132e+01, 1.365528964996338e+01, 1.365528964996338e+01, 1.365528964996338e+01, 1.365528964996338e+01, 1.365528964996338e+01, 1.365528964996338e+01, 1.365528964996338e+01, 1.365528964996338e+01, 1.365528964996338e+01, 1.365528964996338e+01, 1.365528964996338e+01, 1.365528964996338e+01, 1.365528964996338e+01, 1.365528964996338e+01, 1.365528964996338e+01, 1.365528964996338e+01, 1.365528964996338e+01, 1.365528964996338e+01, 1.365528964996338e+01, 1.365528964996338e+01, 1.365528964996338e+01, 1.365528964996338e+01, 1.365528964996338e+01, 1.365528964996338e+01, 1.365528964996338e+01, 1.365528964996338e+01, 1.365528651664801e+01, 9.582809448242188e+00, 9.582809448242188e+00, 9.582809448242188e+00, 9.582809448242188e+00, 9.582809448242188e+00, 9.582809448242188e+00, 9.582809448242188e+00, 9.582809448242188e+00, 9.582809448242188e+00, 9.582809448242188e+00, 9.582809448242188e+00, 9.582809448242188e+00, 9.582809448242188e+00, 9.582809448242188e+00, 9.582809448242188e+00, 9.582809448242188e+00, 9.582809448242188e+00, 9.582809448242188e+00, 9.582809448242188e+00, 9.582809448242188e+00, 9.582809448242188e+00, 9.582809448242188e+00, 1.365528651664801e+01, 1.365528964996338e+01]
extConvForcedCoeffFloor.hForcedConExt=[9.582809448242188e+00, 9.582809448242188e+00]
time=[0e+00, 1e+00]
extConvForcedCoeffFloor.winDir=[-6.283185482025146e+00, -6.157521721892135e+00, -6.031857961759123e+00, -5.90619420162612e+00, -5.7805304414931e+00, -5.654866704766695e+00, -5.529202921227077e+00, -5.40353918450075e+00, -5.277875400961096e+00, -5.152212187884937e+00, -5.026548404345367e+00, -4.900884620805798e+00, -4.77522083726623e+00, -4.649557053726661e+00, -4.523893363813342e+00, -4.398229673900024e+00, -4.272565796734204e+00, -4.146902106821313e+00, -4.021238893744726e+00, -3.895574778160328e+00, -3.769911326665588e+00, -3.644247449498987e+00, -3.51858375958645e+00, -3.392920069673629e+00, -3.267256192507313e+00, -3.141592741012573e+00, -3.015928863845617e+00, -2.890265361185936e+00, -2.764601484020259e+00, -2.638937606854298e+00, -2.513274342612059e+00, -2.38761046544624e+00, -2.261946588280421e+00, -2.136283085621166e+00, -2.010619446872362e+00, -1.884955569706189e+00, -1.759292067046578e+00, -1.633628189880191e+00, -1.507964431923093e+00, -1.382300554757558e+00, -1.256637171306029e+00, -1.130973294139998e+00, -1.0053095361829e+00, -8.79646033523076e-01, -7.539822159615465e-01, -6.283183983998036e-01, -5.026549553445894e-01, -3.769911079807913e-01, -2.513272904191107e-01, -1.256638324626908e-01, 0e+00, 1.25663832460905e-01, 2.51327664921668e-01, 3.769914824817671e-01, 5.026545808420796e-01, 6.283183984020365e-01, 7.539822159611007e-01, 8.79646033521736e-01, 1.005309910685556e+00, 1.130973668641863e+00, 1.256636796804072e+00, 1.382300554760236e+00, 1.507964431923986e+00, 1.633628189879298e+00, 1.7592920670439e+00, 1.88495594420708e+00, 2.010619072369147e+00, 2.136282711117727e+00, 2.261946588281761e+00, 2.387610465446686e+00, 2.513274342609826e+00, 2.638937981357838e+00, 2.764601109520473e+00, 2.890264986684507e+00, 3.015928863847403e+00, 3.141592741012573e+00, 3.267256379759164e+00, 3.392920256924334e+00, 3.518584134086094e+00, 3.644247262248729e+00, 3.769911139413899e+00, 3.895574778159882e+00, 4.021238893743385e+00, 4.146902294074239e+00, 4.272566171240546e+00, 4.398229299399487e+00, 4.52389317656352e+00, 4.649557053727554e+00, 4.775220930891587e+00, 4.90088480805562e+00, 5.026548685219653e+00, 5.152211813378594e+00, 5.277875213711722e+00, 5.403539090875755e+00, 5.52920296804068e+00, 5.65486684520382e+00, 5.780530722367853e+00, 5.906193850533047e+00, 6.03185772769708e+00, 6.157521604861113e+00, 6.283185482025146e+00]
extConvForcedCoeffWall.azi=[-1.570796370506287e+00, -1.570796370506287e+00]
