last-generated=2023-05-02
statistics-initialization=
{
  "nonlinear": "9, 7",
  "numerical Jacobians": "0"
}
statistics-simulation=
{
  "linear": "0, 0, 0, 0, 0, 0, 0, 0, 4, 0, 0, 0, 0, 0, 0, 0, 0, 0, 0, 0, 0, 0, 4, 0, 0, 0, 0,   0, 0, 0",
  "nonlinear": "1",
  "number of continuous time states": "70",
  "numerical Jacobians": "0"
}
time=[0e+00, 6.048e+05]
zoneIntWal.TSensor=[2.931499938964844e+02, 2.9224365234375e+02, 2.919767456054688e+02, 2.917455139160156e+02, 2.915219116210938e+02, 2.912989807128906e+02, 2.912460632324219e+02, 2.911062927246094e+02, 2.909305725097656e+02, 2.907727661132812e+02, 2.905848693847656e+02, 2.903692626953125e+02, 2.901272277832031e+02, 2.898680114746094e+02, 2.896318359375e+02, 2.893958435058594e+02, 2.891629333496094e+02, 2.889434204101562e+02, 2.887157592773438e+02, 2.885142517089844e+02, 2.887228393554688e+02, 2.898277282714844e+02, 2.908966064453125e+02, 2.91560546875e+02, 2.909623413085938e+02, 2.90350830078125e+02, 2.900193176269531e+02, 2.897359619140625e+02, 2.894745483398438e+02, 2.892211303710938e+02, 2.889844665527344e+02, 2.8874853515625e+02, 2.885142822265625e+02, 2.882806701660156e+02, 2.881239929199219e+02, 2.886311645507812e+02, 2.895714721679688e+02, 2.898848571777344e+02, 2.89596923828125e+02, 2.890737609863281e+02, 2.888036499023438e+02, 2.885278015136719e+02, 2.8822119140625e+02, 2.879818420410156e+02, 2.877442626953125e+02, 2.875077514648438e+02, 2.872987060546875e+02, 2.871070861816406e+02, 2.869182739257812e+02, 2.870342102050781e+02, 2.876816711425781e+02, 2.881146240234375e+02, 2.876615600585938e+02, 2.872402954101562e+02, 2.869697265625e+02, 2.867470092773438e+02, 2.86567626953125e+02, 2.86384765625e+02, 2.862215576171875e+02, 2.860679931640625e+02, 2.859425048828125e+02, 2.858118591308594e+02, 2.856956787109375e+02, 2.857685241699219e+02, 2.859081115722656e+02, 2.860874938964844e+02, 2.860359191894531e+02, 2.85757080078125e+02, 2.855591125488281e+02, 2.853807373046875e+02, 2.852098388671875e+02, 2.85046142578125e+02, 2.84861328125e+02, 2.846833190917969e+02, 2.845261535644531e+02, 2.843817443847656e+02, 2.842440490722656e+02, 2.84234375e+02, 2.846586608886719e+02, 2.850953063964844e+02, 2.852790832519531e+02, 2.849383544921875e+02, 2.84677001953125e+02, 2.844993591308594e+02, 2.843579406738281e+02, 2.842217102050781e+02, 2.840898742675781e+02, 2.839649047851562e+02, 2.837955932617188e+02, 2.8356982421875e+02, 2.83525390625e+02, 2.834555969238281e+02, 2.834933471679688e+02, 2.835084533691406e+02, 2.835169372558594e+02, 2.834515991210938e+02, 2.833956909179688e+02, 2.833550720214844e+02, 2.8329052734375e+02, 2.832634887695312e+02, 2.832470397949219e+02]
zone.TSensor=[2.931499938964844e+02, 2.915847778320312e+02, 2.910380249023438e+02, 2.905596618652344e+02, 2.901015930175781e+02, 2.896546020507812e+02, 2.895267944335938e+02, 2.892823486328125e+02, 2.889500122070312e+02, 2.8865234375e+02, 2.883132629394531e+02, 2.879252624511719e+02, 2.875019836425781e+02, 2.870442810058594e+02, 2.866297912597656e+02, 2.862186889648438e+02, 2.858185729980469e+02, 2.854453125e+02, 2.850658569335938e+02, 2.847389526367188e+02, 2.851234741210938e+02, 2.874178466796875e+02, 2.8968408203125e+02, 2.911228942871094e+02, 2.902330627441406e+02, 2.890459289550781e+02, 2.884012451171875e+02, 2.878602905273438e+02, 2.873628540039062e+02, 2.868851318359375e+02, 2.864421997070312e+02, 2.860094909667969e+02, 2.855847473144531e+02, 2.851702880859375e+02, 2.848876037597656e+02, 2.858910522460938e+02, 2.878553161621094e+02, 2.886727600097656e+02, 2.882467346191406e+02, 2.872483215332031e+02, 2.867333984375e+02, 2.862295837402344e+02, 2.856706237792969e+02, 2.85223876953125e+02, 2.847906188964844e+02, 2.843670349121094e+02, 2.839952697753906e+02, 2.836656188964844e+02, 2.833587951660156e+02, 2.836085815429688e+02, 2.849552917480469e+02, 2.860357971191406e+02, 2.853076171875e+02, 2.845333251953125e+02, 2.840498657226562e+02, 2.836612548828125e+02, 2.833572082519531e+02, 2.830578918457031e+02, 2.828024291992188e+02, 2.82564208984375e+02, 2.823876953125e+02, 2.82216064453125e+02, 2.820751037597656e+02, 2.82278076171875e+02, 2.826782531738281e+02, 2.831575012207031e+02, 2.832177734375e+02, 2.827601013183594e+02, 2.824519653320312e+02, 2.821875305175781e+02, 2.819377136230469e+02, 2.816975708007812e+02, 2.81427734375e+02, 2.811676330566406e+02, 2.809397583007812e+02, 2.807398071289062e+02, 2.805574645996094e+02, 2.805800476074219e+02, 2.815013427734375e+02, 2.825165100097656e+02, 2.830494995117188e+02, 2.825156555175781e+02, 2.820596618652344e+02, 2.817716979980469e+02, 2.815515441894531e+02, 2.813484497070312e+02, 2.811555480957031e+02, 2.809779663085938e+02, 2.807306823730469e+02, 2.803830871582031e+02, 2.803443298339844e+02, 2.802728271484375e+02, 2.804121704101562e+02, 2.805357666015625e+02, 2.806539306640625e+02, 2.806346130371094e+02, 2.806242980957031e+02, 2.806325378417969e+02, 2.805951232910156e+02, 2.80630615234375e+02, 2.806893920898438e+02]
