last-generated=2022-07-19
statistics-initialization=
{
  "nonlinear": "7",
  "numerical Jacobians": "0"
}
statistics-simulation=
{
  "linear": "0, 0, 0, 0, 0, 0, 0, 0, 0, 4, 0, 0",
  "nonlinear": "1",
  "number of continuous time states": "28",
  "numerical Jacobians": "0"
}
time=[1e+07, 1.1e+07]
zone.TSensor=[2.931499938964844e+02, 2.935270690917969e+02, 2.933910522460938e+02, 2.931828002929688e+02, 2.929687805175781e+02, 2.92781494140625e+02, 2.92984619140625e+02, 2.935694580078125e+02, 2.936334533691406e+02, 2.934588928222656e+02, 2.932951354980469e+02, 2.9306103515625e+02, 2.928056335449219e+02, 2.925309753417969e+02, 2.923571472167969e+02, 2.9254541015625e+02, 2.928624877929688e+02, 2.929901123046875e+02, 2.929335327148438e+02, 2.927825317382812e+02, 2.925060119628906e+02, 2.921891174316406e+02, 2.919283447265625e+02, 2.921583862304688e+02, 2.929624633789062e+02, 2.931858520507812e+02, 2.93248291015625e+02, 2.931735534667969e+02, 2.929971618652344e+02, 2.927877502441406e+02, 2.925926818847656e+02, 2.924705200195312e+02, 2.925257263183594e+02, 2.927498168945312e+02, 2.930298461914062e+02, 2.930376586914062e+02, 2.92880615234375e+02, 2.925906066894531e+02, 2.922719421386719e+02, 2.919955139160156e+02, 2.9199951171875e+02, 2.925242614746094e+02, 2.930237121582031e+02, 2.929562377929688e+02, 2.927351379394531e+02, 2.924788818359375e+02, 2.921733703613281e+02, 2.918487243652344e+02, 2.916037902832031e+02, 2.918568725585938e+02, 2.925606079101562e+02, 2.930001525878906e+02, 2.929721984863281e+02, 2.92901123046875e+02, 2.926763610839844e+02, 2.923172302246094e+02, 2.919444274902344e+02, 2.918712463378906e+02, 2.926812133789062e+02, 2.934721069335938e+02, 2.937765808105469e+02, 2.937685852050781e+02, 2.936754150390625e+02, 2.9351806640625e+02, 2.93300537109375e+02, 2.930717468261719e+02, 2.932431640625e+02, 2.93960205078125e+02, 2.944592895507812e+02, 2.944767456054688e+02, 2.9434716796875e+02, 2.94060791015625e+02, 2.936765441894531e+02, 2.932895202636719e+02, 2.930476684570312e+02, 2.935569763183594e+02, 2.943462829589844e+02, 2.946191711425781e+02, 2.946893920898438e+02, 2.945923767089844e+02, 2.943359680175781e+02, 2.940363159179688e+02, 2.937004699707031e+02, 2.937157897949219e+02, 2.945207214355469e+02, 2.952961120605469e+02, 2.95593017578125e+02, 2.956303100585938e+02, 2.955942687988281e+02, 2.953762512207031e+02, 2.951201782226562e+02, 2.949158020019531e+02, 2.952851257324219e+02, 2.962734069824219e+02, 2.969727478027344e+02, 2.971488342285156e+02, 2.972398986816406e+02, 2.971094665527344e+02, 2.969345092773438e+02, 2.967519836425781e+02, 2.967208557128906e+02]
