last-generated=2023-09-21
statistics-initialization=
{
  "nonlinear": "7",
  "numerical Jacobians": "0"
}
statistics-simulation=
{
  "linear": "0, 0, 0, 0, 0, 0, 4, 0, 0, 0, 0, 0, 0, 0",
  "nonlinear": "1",
  "number of continuous time states": "32",
  "numerical Jacobians": "0"
}
time=[0e+00, 6.048e+05]
Zone.TSensor=[2.931499938964844e+02, 2.920835876464844e+02, 2.915396423339844e+02, 2.910886535644531e+02, 2.906692199707031e+02, 2.902604064941406e+02, 2.901122131347656e+02, 2.899202575683594e+02, 2.896233825683594e+02, 2.893373107910156e+02, 2.890292358398438e+02, 2.886701354980469e+02, 2.88281982421875e+02, 2.87865234375e+02, 2.874775390625e+02, 2.870838317871094e+02, 2.867032165527344e+02, 2.863457336425781e+02, 2.859839172363281e+02, 2.856553344726562e+02, 2.858819885253906e+02, 2.878375244140625e+02, 2.89998291015625e+02, 2.915741271972656e+02, 2.911492919921875e+02, 2.900740356445312e+02, 2.894339294433594e+02, 2.888988342285156e+02, 2.884122009277344e+02, 2.879504699707031e+02, 2.875205078125e+02, 2.871021118164062e+02, 2.866971130371094e+02, 2.862882995605469e+02, 2.859939575195312e+02, 2.86768310546875e+02, 2.885063171386719e+02, 2.8946728515625e+02, 2.893148193359375e+02, 2.884397888183594e+02, 2.878923645019531e+02, 2.874140319824219e+02, 2.868952331542969e+02, 2.86443359375e+02, 2.860198669433594e+02, 2.856124267578125e+02, 2.852413024902344e+02, 2.8490185546875e+02, 2.845851440429688e+02, 2.847218017578125e+02, 2.858356323242188e+02, 2.869347229003906e+02, 2.865310363769531e+02, 2.858154296875e+02, 2.852948303222656e+02, 2.848879089355469e+02, 2.845575256347656e+02, 2.842493286132812e+02, 2.839821472167969e+02, 2.837236328125e+02, 2.835140991210938e+02, 2.833189392089844e+02, 2.831463928222656e+02, 2.832523498535156e+02, 2.835974731445312e+02, 2.840306701660156e+02, 2.841548767089844e+02, 2.837952575683594e+02, 2.834761657714844e+02, 2.832033081054688e+02, 2.82948486328125e+02, 2.827042541503906e+02, 2.824461364746094e+02, 2.821814575195312e+02, 2.819437255859375e+02, 2.817244567871094e+02, 2.815263366699219e+02, 2.814876403808594e+02, 2.822291564941406e+02, 2.831376953125e+02, 2.8373095703125e+02, 2.83414306640625e+02, 2.829779968261719e+02, 2.826695556640625e+02, 2.824320068359375e+02, 2.822185668945312e+02, 2.820139770507812e+02, 2.818233947753906e+02, 2.816090393066406e+02, 2.812972412109375e+02, 2.811602478027344e+02, 2.810617065429688e+02, 2.811272583007812e+02, 2.812081909179688e+02, 2.812805786132812e+02, 2.812587280273438e+02, 2.812162475585938e+02, 2.81191650390625e+02, 2.811491088867188e+02, 2.811337585449219e+02, 2.811432189941406e+02]
