last-generated=2025-07-09
statistics-initialization=
{
  "nonlinear": "8, 8, 8, 8, 8, 1, 1, 1",
  "numerical Jacobians": "0"
}
statistics-simulation=
{
  "linear": "0, 0, 0, 0, 4, 0, 0, 0, 0, 0, 4, 0, 0, 0, 0, 0, 0, 0, 0, 0, 0, 0, 0, 0, 4, 0, 0,   0, 0, 0, 4, 0, 0, 0, 0, 0, 0, 0, 0, 0, 0, 0, 0, 0, 4, 0, 0, 0, 0, 0, 4, 0, 0,   0, 0, 0, 0, 0, 0, 0, 0, 0, 0, 0, 4, 0, 0, 0, 0, 0, 4, 0, 0, 0, 0, 0, 0, 0, 0,   0, 0, 0, 0, 0, 4, 0, 0, 0, 0, 0, 4, 0, 0, 0, 0, 0, 0, 0, 0, 0",
  "nonlinear": "1, 1, 1, 1, 1, 1, 1, 1",
  "number of continuous time states": "270",
  "numerical Jacobians": "0"
}
time=[0e+00, 3e+06]
Energy_Only.BoxModel.airModel.ACH=[5.000000074505806e-02, 5.000000074505806e-02]
Energy_n50Corr.BoxModel.airModel.ACH=[5.000000074505806e-02, 5.000000074505806e-02]
IAQ_1port.BoxModel.airModel.ACH=[6.031227856874466e-02, 5.583386123180389e-02, 6.189022213220596e-02, 6.661157310009003e-02, 4.70207966864109e-02, 6.1747957020998e-02, 2.79051847755909e-02, 2.775945514440536e-02, 3.954396024346352e-02, 1.105717942118645e-02, 5.358951538801193e-02, 3.769449517130852e-02, 4.147642478346825e-02, 6.118667498230934e-02, 4.971208050847046e-02, 2.164537832140923e-02, 2.451078034937382e-02, 1.145325694233179e-02, 2.840250171720982e-02, 4.749184474349022e-02, 6.90302699804306e-02, 5.838080868124962e-02, 1.583306640386581e-01, 9.313424676656723e-02, 4.742608219385147e-02, 1.006287932395935e-01, 6.618929654359818e-02, 4.201584681868553e-02, 3.24265919625755e-02, 6.529060006141631e-02, 2.836019173264503e-02, 8.919739723205566e-02, 2.867191471159458e-02, 6.643898040056229e-02, 5.381867662072228e-02, 5.420948565006256e-02, 7.030893117189407e-02, 1.028935834765434e-01, 1.045995056629181e-01, 6.806020438671112e-02, 1.938511058688164e-02, 2.811987698078156e-02, 8.869314193725586e-02, 1.102948784828186e-01, 8.268070220947266e-02, 7.019839435815811e-02, 1.172154322266579e-01, 9.404819458723068e-02, 1.024173200130463e-01, 3.762573003768921e-02, 2.404217794537544e-02, 2.915996313095093e-02, 4.078080505132675e-02, 4.774194210767746e-02, 2.259054593741894e-02, 2.516703680157729e-02, 2.841055020689948e-02, 6.359859555959591e-02, 3.763359412550871e-02, 1.145045086741447e-02, 2.65447124838829e-02, 8.750927448272705e-02, 7.397053390741348e-02, 5.852710083127022e-02, 6.314466893672943e-02, 4.596452042460442e-02, 2.559489570558071e-02, 2.501508034765728e-02, 2.863261289894574e-02, 2.901399694383123e-02, 2.400683052837849e-02, 8.067504316568375e-02, 7.044266909360886e-02, 4.569124057888985e-02, 1.18353970348835e-01, 1.320958137512207e-01, 1.174593940377235e-01, 6.502044200897217e-02, 1.501354277133942e-01, 1.145415157079697e-01, 5.730197951197624e-02, 2.17372439801693e-02, 4.98555526137352e-02, 9.649217128753662e-02, 4.715307429432869e-02, 2.706728130578995e-02, 5.055925995111465e-02, 2.843814343214035e-02, 4.237210378050804e-02, 8.98079052567482e-02, 9.815222024917603e-02, 1.166452914476395e-01, 1.694858521223068e-01, 8.823617547750473e-02, 6.941165775060654e-02, 4.797663539648056e-02, 5.524050071835518e-02, 7.664252072572708e-02, 2.788000926375389e-02, 1.192131265997887e-01, 8.847816288471222e-02]
IAQ_1port_trickle.BoxModel.airModel.ACH=[8.495211601257324e-02, 7.861051708459854e-02, 7.051895558834076e-02, 7.424040138721466e-02, 5.389440804719925e-02, 6.669453531503677e-02, 3.219395875930786e-02, 3.403230383992194e-02, 4.257772117853165e-02, 1.805613562464714e-02, 6.828033924102783e-02, 4.458026587963104e-02, 6.249621883034706e-02, 7.904079556465149e-02, 7.848884910345062e-02, 2.176204323768616e-02, 3.668048232793808e-02, 2.054413035511969e-02, 5.290991812944412e-02, 8.241124451160431e-02, 1.148779392242432e-01, 6.70095756649971e-02, 1.956410259008408e-01, 1.182176843285561e-01, 5.48320971429348e-02, 1.145638898015022e-01, 7.532916218042374e-02, 4.774615913629532e-02, 3.294020891189536e-02, 1.45944267511367e-01, 5.283025279641151e-02, 1.030987799167633e-01, 3.162107244133949e-02, 1.105461567640305e-01, 8.500397950410851e-02, 6.418537348508835e-02, 7.058552652597427e-02, 1.494867503643036e-01, 1.433592438697815e-01, 8.374503999948502e-02, 2.687204629182816e-02, 5.081792175769806e-02, 1.477165967226028e-01, 2.218219339847565e-01, 2.466751486063004e-01, 1.54398649930954e-01, 2.949079275131226e-01, 2.554284632205963e-01, 1.55101865530014e-01, 4.608938097953796e-02, 6.347829103469849e-02, 5.198479816317558e-02, 6.128860265016556e-02, 7.472978532314301e-02, 2.287792973220348e-02, 2.903317846357901e-02, 4.073113575577712e-02, 9.539958089589866e-02, 4.486684128642052e-02, 1.971101574599743e-02, 8.398649096488953e-02, 3.132944703102112e-01, 2.615855932235718e-01, 2.189181596040726e-01, 9.516134113073349e-02, 5.122216045856476e-02, 2.733552642166615e-02, 2.835538610816035e-02, 5.396794155240014e-02, 6.35596364736548e-02, 8.782108128070831e-02, 2.533440887928009e-01, 1.549276858568192e-01, 8.293282240629196e-02, 2.626169323921204e-01, 4.111148118972778e-01, 2.541087865829468e-01, 7.889945805072784e-02, 2.121139913797379e-01, 1.621011793613434e-01, 7.982702553272247e-02, 2.185401134192944e-02, 1.762556135654449e-01, 1.77903488278389e-01, 6.450637429952621e-02, 3.690922632813454e-02, 1.246252208948135e-01, 7.526613026857376e-02, 1.539795845746994e-01, 1.384109407663345e-01, 1.588951498270035e-01, 1.94160208106041e-01, 3.15607875585556e-01, 1.469543874263763e-01, 8.68857204914093e-02, 9.012023359537125e-02, 7.458897680044174e-02, 1.070852726697922e-01, 4.88165058195591e-02, 2.598522901535034e-01, 1.198160275816917e-01]
IAQ_2Port.BoxModel.airModel.ACH=[6.630755960941315e-02, 6.222508475184441e-02, 6.32110983133316e-02, 7.023025304079056e-02, 5.324961617588997e-02, 6.677280366420746e-02, 4.040142893791199e-02, 4.06603142619133e-02, 4.805286973714828e-02, 3.711219131946564e-02, 5.845718085765839e-02, 5.48318438231945e-02, 5.031560361385345e-02, 6.363594532012939e-02, 6.16409145295619e-02, 4.41797636449337e-02, 4.062846675515175e-02, 3.394134715199471e-02, 4.182864725589752e-02, 5.103220418095589e-02, 7.05389678478241e-02, 6.380331516265869e-02, 1.598378866910934e-01, 9.504931420087814e-02, 5.509850382804871e-02, 1.022855043411255e-01, 7.198522984981537e-02, 5.682866275310516e-02, 5.080857500433892e-02, 6.828928738832452e-02, 4.099190607666969e-02, 9.095387905836105e-02, 4.441883414983749e-02, 6.893523037433624e-02, 6.234588101506264e-02, 6.270107626914978e-02, 7.671687006950378e-02, 1.047440767288208e-01, 1.061477139592171e-01, 6.969993561506271e-02, 3.994917869567871e-02, 4.102007299661636e-02, 9.050070494413376e-02, 1.12417958676815e-01, 8.555829524993896e-02, 7.225425541400909e-02, 1.194109097123146e-01, 9.608789533376694e-02, 1.08293354511261e-01, 5.62150813639164e-02, 4.658681526780128e-02, 4.379946738481522e-02, 5.710294842720032e-02, 5.986864119768143e-02, 4.999721050262451e-02, 5.331635847687768e-02, 5.372395738959287e-02, 7.167764753103167e-02, 5.475244671106332e-02, 4.318032041192055e-02, 5.201627686619759e-02, 9.883006662130356e-02, 8.348485082387924e-02, 7.425586134195328e-02, 6.980049610137939e-02, 5.660009756684303e-02, 4.901305586099625e-02, 4.984751716256131e-02, 4.402429610490805e-02, 4.718281328678123e-02, 4.986320436000824e-02, 8.720202744007111e-02, 7.25347176194191e-02, 5.085701867938042e-02, 1.203110814094543e-01, 1.337259560823441e-01, 1.195612400770187e-01, 7.055781036615372e-02, 1.519132107496262e-01, 1.161528006196022e-01, 6.33820965886116e-02, 4.645455256104469e-02, 6.327638030052185e-02, 9.946049004793167e-02, 5.730745196342468e-02, 5.057945474982262e-02, 6.022863462567329e-02, 5.164272710680962e-02, 6.51480033993721e-02, 9.25891324877739e-02, 9.949135035276413e-02, 1.178819313645363e-01, 1.708789169788361e-01, 8.9838907122612e-02, 7.709820568561554e-02, 5.313859134912491e-02, 6.300535798072815e-02, 8.135627955198288e-02, 4.178248345851898e-02, 1.215522289276123e-01, 8.98817703127861e-02]
