last-generated=2019-09-19
statistics-initialization=
{
  "linear": "0, 0, 0, 0",
  "nonlinear": "7, 7, 2, 2, 1, 0, 1, 1",
  "numerical Jacobians": "0"
}
statistics-simulation=
{
  "linear": "0, 0, 0, 0, 0, 0, 0, 0, 0, 0, 0, 0, 0, 0, 0, 0, 0, 0, 0",
  "nonlinear": "1, 1, 1, 1, 2",
  "number of continuous time states": "57",
  "numerical Jacobians": "0"
}
rectangularZoneTemplate.ppm=[4e+02, 4.877740173339844e+02, 4.340129699707031e+02, 4.131924133300781e+02, 4.051076965332031e+02, 4.019797668457031e+02, 4.007677001953125e+02, 4.002980346679688e+02, 4.001160278320312e+02, 4.000455017089844e+02, 4.000181579589844e+02, 4.00007568359375e+02, 4.000034790039062e+02, 4.000018920898438e+02, 4.000012512207031e+02, 4.000010375976562e+02, 4.000009460449219e+02, 4.000008850097656e+02, 4.000008850097656e+02, 4.000008850097656e+02, 4.000008850097656e+02, 4.000008850097656e+02, 4.000008850097656e+02, 1.001705688476562e+03, 1e+03, 1e+03, 1e+03, 6.15395751953125e+02, 4.835303955078125e+02, 4.323523254394531e+02, 4.125337219238281e+02, 4.048573913574219e+02, 9.999852905273438e+02, 1e+03, 1e+03, 7.953853759765625e+02, 5.532139282226562e+02, 4.593706970214844e+02, 4.230060424804688e+02, 4.089154968261719e+02, 1.0386787109375e+03, 9.999995727539062e+02, 1e+03, 1e+03, 6.810844116210938e+02, 5.089278259277344e+02, 4.422125244140625e+02, 4.163587951660156e+02, 4.063399353027344e+02, 9.997190551757812e+02, 1e+03, 1e+03, 9.156092529296875e+02, 5.998167724609375e+02, 4.774366149902344e+02, 4.300099487304688e+02, 4.116301879882812e+02, 5.117630920410156e+02, 9.999906005859375e+02, 1e+03, 1e+03, 7.66531982421875e+02, 5.420446166992188e+02, 4.550478515625e+02, 4.213335266113281e+02, 4.082680358886719e+02, 4.032046813964844e+02, 4.012424621582031e+02, 4.004820251464844e+02, 4.001873474121094e+02, 4.000731201171875e+02, 4.000288696289062e+02, 4.0001171875e+02, 4.000050659179688e+02, 4.000025024414062e+02, 4.000014953613281e+02, 4.000011291503906e+02, 4.000009765625e+02, 4.000009155273438e+02, 4.000008850097656e+02, 4.000008850097656e+02, 4.000008850097656e+02, 4.000008850097656e+02, 7.099434814453125e+02, 1.000003845214844e+03, 1e+03, 1e+03, 7.397636108398438e+02, 5.316709594726562e+02, 4.510276794433594e+02, 4.197755737304688e+02, 4.076642761230469e+02, 9.948596801757812e+02, 1.000000061035156e+03, 1e+03, 1e+03, 6.41529052734375e+02, 4.936015930175781e+02, 4.362744445800781e+02, 4.140581665039062e+02, 4.054485778808594e+02]
rectangularZoneTemplate1.ppm=[4e+02, 9.99753662109375e+02, 1e+03, 1e+03, 1e+03, 1e+03, 1e+03, 1e+03, 1e+03, 1e+03, 1e+03, 1e+03, 1e+03, 1e+03, 1e+03, 1e+03, 1e+03, 1e+03, 1e+03, 1e+03, 1e+03, 1e+03, 1e+03, 1.000091979980469e+03, 1e+03, 1e+03, 1e+03, 1e+03, 1e+03, 1e+03, 1e+03, 1e+03, 1.000000183105469e+03, 1e+03, 1e+03, 9.999782104492188e+02, 1e+03, 1e+03, 1e+03, 1e+03, 1.000406616210938e+03, 9.999998779296875e+02, 1e+03, 1e+03, 1.000000305175781e+03, 1e+03, 1e+03, 1e+03, 1e+03, 1.000010925292969e+03, 1e+03, 1e+03, 9.996302490234375e+02, 1e+03, 1e+03, 1e+03, 1e+03, 1e+03, 9.999979858398438e+02, 1e+03, 1e+03, 1.000003295898438e+03, 1e+03, 1e+03, 1e+03, 1e+03, 1e+03, 1e+03, 1e+03, 1e+03, 1e+03, 1e+03, 1e+03, 1e+03, 1e+03, 1e+03, 1e+03, 1e+03, 1e+03, 1e+03, 1e+03, 1e+03, 1e+03, 1e+03, 1.000000366210938e+03, 1e+03, 1e+03, 1.00000341796875e+03, 1e+03, 1e+03, 1e+03, 1e+03, 9.997566528320312e+02, 1e+03, 1e+03, 1e+03, 9.999998779296875e+02, 1e+03, 1e+03, 1e+03, 1e+03]
time=[1e+07, 1.1e+07]
conPID1.y=[1.000000014901161e-01, 3.095986545085907e-01, 3.081641495227814e-01, 3.081640899181366e-01, 3.081640899181366e-01, 3.081640899181366e-01, 3.081640899181366e-01, 3.081640899181366e-01, 3.081640899181366e-01, 3.081640899181366e-01, 3.081640899181366e-01, 3.081640899181366e-01, 3.081640899181366e-01, 3.081640899181366e-01, 3.081640899181366e-01, 3.081640899181366e-01, 3.081640899181366e-01, 3.081640899181366e-01, 3.081640899181366e-01, 3.081640899181366e-01, 3.081640899181366e-01, 3.081640899181366e-01, 3.081640899181366e-01, 3.124090731143951e-01, 3.124989569187164e-01, 3.124990165233612e-01, 3.124990165233612e-01, 3.081640303134918e-01, 3.081640899181366e-01, 3.081640899181366e-01, 3.081640899181366e-01, 3.081640899181366e-01, 3.125276863574982e-01, 3.124990165233612e-01, 3.124990165233612e-01, 3.08107316493988e-01, 3.081640899181366e-01, 3.081640899181366e-01, 3.081640899181366e-01, 3.081640899181366e-01, 3.12262088060379e-01, 3.124984204769135e-01, 3.124990165233612e-01, 3.124990165233612e-01, 3.081620037555695e-01, 3.081640899181366e-01, 3.081640899181366e-01, 3.081640899181366e-01, 3.081640899181366e-01, 3.128538727760315e-01, 3.124989867210388e-01, 3.124990165233612e-01, 3.077345192432404e-01, 3.081641793251038e-01, 3.081640899181366e-01, 3.081640899181366e-01, 3.081640899181366e-01, 3.081640899181366e-01, 3.124921917915344e-01, 3.124990165233612e-01, 3.124990165233612e-01, 3.081172704696655e-01, 3.081640899181366e-01, 3.081640899181366e-01, 3.081640899181366e-01, 3.081640899181366e-01, 3.081640899181366e-01, 3.081640899181366e-01, 3.081640899181366e-01, 3.081640899181366e-01, 3.081640899181366e-01, 3.081640899181366e-01, 3.081640899181366e-01, 3.081640899181366e-01, 3.081640899181366e-01, 3.081640899181366e-01, 3.081640899181366e-01, 3.081640899181366e-01, 3.081640899181366e-01, 3.081640899181366e-01, 3.081640899181366e-01, 3.081640899181366e-01, 3.081640899181366e-01, 3.081640899181366e-01, 3.124942779541016e-01, 3.124990165233612e-01, 3.124990165233612e-01, 3.08186799287796e-01, 3.081640899181366e-01, 3.081640899181366e-01, 3.081640899181366e-01, 3.081640899181366e-01, 3.119336068630219e-01, 3.124991953372955e-01, 3.124990165233612e-01, 3.124990165233612e-01, 3.08164119720459e-01, 3.081640899181366e-01, 3.081640899181366e-01, 3.081640899181366e-01, 3.081640899181366e-01]
conPID.y=[1.000000014901161e-01, 1.000000014901161e-01, 1.000000014901161e-01, 1.000000014901161e-01, 1.000000014901161e-01, 1.000000014901161e-01, 1.000000014901161e-01, 1.000000014901161e-01, 1.000000014901161e-01, 1.000000014901161e-01, 1.000000014901161e-01, 1.000000014901161e-01, 1.000000014901161e-01, 1.000000014901161e-01, 1.000000014901161e-01, 1.000000014901161e-01, 1.000000014901161e-01, 1.000000014901161e-01, 1.000000014901161e-01, 1.000000014901161e-01, 1.000000014901161e-01, 1.000000014901161e-01, 1.000000014901161e-01, 6.785069108009338e-01, 6.734554767608643e-01, 6.734556555747986e-01, 6.734556555747986e-01, 1.000000014901161e-01, 1.000000014901161e-01, 1.000000014901161e-01, 1.000000014901161e-01, 1.000000014901161e-01, 6.735889315605164e-01, 6.734556555747986e-01, 6.734556555747986e-01, 1.000000014901161e-01, 1.000000014901161e-01, 1.000000014901161e-01, 1.000000014901161e-01, 1.000000014901161e-01, 7.860626578330994e-01, 6.734527349472046e-01, 6.734556555747986e-01, 6.734556555747986e-01, 1.000000014901161e-01, 1.000000014901161e-01, 1.000000014901161e-01, 1.000000014901161e-01, 1.000000014901161e-01, 6.766019463539124e-01, 6.734555959701538e-01, 6.734556555747986e-01, 1.000000014901161e-01, 1.000000014901161e-01, 1.000000014901161e-01, 1.000000014901161e-01, 1.000000014901161e-01, 1.000000014901161e-01, 6.733925938606262e-01, 6.734556555747986e-01, 6.734556555747986e-01, 1.000000014901161e-01, 1.000000014901161e-01, 1.000000014901161e-01, 1.000000014901161e-01, 1.000000014901161e-01, 1.000000014901161e-01, 1.000000014901161e-01, 1.000000014901161e-01, 1.000000014901161e-01, 1.000000014901161e-01, 1.000000014901161e-01, 1.000000014901161e-01, 1.000000014901161e-01, 1.000000014901161e-01, 1.000000014901161e-01, 1.000000014901161e-01, 1.000000014901161e-01, 1.000000014901161e-01, 1.000000014901161e-01, 1.000000014901161e-01, 1.000000014901161e-01, 1.000000014901161e-01, 1.000000014901161e-01, 6.73443615436554e-01, 6.734556555747986e-01, 6.734556555747986e-01, 1.000000014901161e-01, 1.000000014901161e-01, 1.000000014901161e-01, 1.000000014901161e-01, 1.000000014901161e-01, 6.414656043052673e-01, 6.734561920166016e-01, 6.734556555747986e-01, 6.734556555747986e-01, 1.000000014901161e-01, 1.000000014901161e-01, 1.000000014901161e-01, 1.000000014901161e-01, 1.000000014901161e-01]
