last-generated=2019-12-02
statistics-initialization=
{
  "nonlinear": "18, 10, 8, 11, 10, 8, 12",
  "numerical Jacobians": "0"
}
statistics-simulation=
{
  "linear": "0, 0, 0, 0, 0, 0, 0, 0, 0, 0, 0, 0, 0, 0, 0, 0, 0, 0, 0, 0, 0, 0, 0, 0, 0, 0, 0,   0, 0, 0, 0, 0, 0, 0, 0, 0, 0, 0, 0, 0, 0, 0, 0, 0, 0, 0, 0, 0, 0, 0, 0, 0, 0,   0, 0, 0, 0, 0, 0, 0, 0, 0, 0, 0, 0, 0, 0, 0, 0, 0, 0, 0, 0, 0, 0, 0, 0, 0, 0,   0, 0, 0, 0, 0, 0, 0, 0, 0, 0, 0, 0, 0, 0, 0, 0, 0, 0, 0, 0, 0, 0, 0, 0, 0, 0,   0, 0, 0, 0, 0, 0, 0, 0, 0, 0, 0, 0, 0, 0, 0, 0, 0, 0, 0, 0, 0, 0, 0, 0, 0, 0,   0, 0",
  "nonlinear": "3, 6, 1, 1, 1, 1, 1, 1, 1, 1",
  "number of continuous time states": "373",
  "numerical Jacobians": "0"
}
heaSys.heaSche.TdegC[1].y=[3.031360168457031e+02, 3.031360168457031e+02, 3.031360168457031e+02, 3.031360168457031e+02, 3.031360168457031e+02, 3.031360168457031e+02, 3.031360168457031e+02, 3.031360168457031e+02, 3.031360168457031e+02, 3.031360168457031e+02, 3.031360168457031e+02, 3.031360168457031e+02, 3.031360168457031e+02, 3.031360168457031e+02, 3.031360168457031e+02, 3.031360168457031e+02, 3.031360168457031e+02, 3.031360168457031e+02, 3.031360168457031e+02, 3.031360168457031e+02, 3.031360168457031e+02, 3.031360168457031e+02, 3.031360168457031e+02, 3.031360168457031e+02, 3.031360168457031e+02, 3.031360168457031e+02, 3.031360168457031e+02, 3.031360168457031e+02, 3.031360168457031e+02, 3.031360168457031e+02, 3.031360168457031e+02, 3.031360168457031e+02, 3.031360168457031e+02, 3.031360168457031e+02, 3.031360168457031e+02, 3.031360168457031e+02, 3.031360168457031e+02, 3.031360168457031e+02, 3.031360168457031e+02, 3.031360168457031e+02, 3.031360168457031e+02, 3.031360168457031e+02, 3.031360168457031e+02, 3.031360168457031e+02, 3.031360168457031e+02, 3.031360168457031e+02, 3.031360168457031e+02, 3.031360168457031e+02, 3.031360168457031e+02, 3.031360168457031e+02, 3.031360168457031e+02, 3.031360168457031e+02, 3.031360168457031e+02, 3.031360168457031e+02, 3.031360168457031e+02, 3.031360168457031e+02, 3.031360168457031e+02, 3.031360168457031e+02, 3.031360168457031e+02, 3.031566979980469e+02, 3.031549255371094e+02, 3.031681502278646e+02, 3.031586458800269e+02, 3.031499814987183e+02, 3.031488899739583e+02, 3.031598470052083e+02, 3.031428112792969e+02, 3.031367883300781e+02, 3.005173478190104e+02, 3.000359936523437e+02, 2.983834777832031e+02, 2.970857287597656e+02, 2.954567053222656e+02, 2.958717272949219e+02, 2.970119999186198e+02, 2.973654479980469e+02, 2.979108231608073e+02, 2.974407934570312e+02, 2.96683935546875e+02, 2.942657670084636e+02, 2.928125142415365e+02, 2.920661206054688e+02, 2.913698055013021e+02, 2.958438423665365e+02, 2.981514135742187e+02, 2.981447631835937e+02, 2.981467936197917e+02, 2.981531884765625e+02, 2.981561869303385e+02, 2.963656787109375e+02, 2.933755310058594e+02, 2.920279459635416e+02, 2.91316328531901e+02, 2.909127587890625e+02, 2.909366552734375e+02, 2.914933024088542e+02, 2.909561218261719e+02, 2.903412158203125e+02, 2.89828798421224e+02, 2.889145068359375e+02, 2.882002258300781e+02]
struct.TSensor[1]=[2.931499938964844e+02, 3.017090502929688e+02, 3.031351570638021e+02, 3.03136962890625e+02, 3.031375427246094e+02, 3.031377868652344e+02, 3.03137939453125e+02, 3.031380615234375e+02, 3.031381225585938e+02, 3.031381530761719e+02, 3.0313818359375e+02, 3.031382141113281e+02, 3.031382446289062e+02, 3.031382446289062e+02, 3.031382751464844e+02, 3.031382751464844e+02, 3.031382751464844e+02, 3.031382751464844e+02, 3.031382751464844e+02, 3.031382751464844e+02, 3.031382751464844e+02, 3.031382751464844e+02, 3.031383056640625e+02, 3.031383056640625e+02, 3.031383056640625e+02, 3.031383056640625e+02, 3.031383056640625e+02, 3.031383056640625e+02, 3.031383056640625e+02, 3.031383056640625e+02, 3.031383056640625e+02, 3.031383056640625e+02, 3.031383056640625e+02, 3.031383056640625e+02, 3.031383056640625e+02, 3.031383056640625e+02, 3.031383056640625e+02, 3.031383056640625e+02, 3.031383056640625e+02, 3.031383056640625e+02, 3.031383056640625e+02, 3.031383056640625e+02, 3.031383056640625e+02, 3.031383056640625e+02, 3.031383056640625e+02, 3.031383056640625e+02, 3.031383056640625e+02, 3.031383056640625e+02, 3.031383056640625e+02, 3.031383056640625e+02, 3.031383056640625e+02, 3.031383056640625e+02, 3.031383056640625e+02, 3.031383056640625e+02, 3.031383056640625e+02, 3.031383056640625e+02, 3.031383056640625e+02, 3.031383056640625e+02, 3.031383056640625e+02, 3.031370149739583e+02, 3.031372619628906e+02, 3.03138301188151e+02, 3.031388549804688e+02, 3.031402893066406e+02, 3.031381335449219e+02, 3.031387064615885e+02, 3.031394128417969e+02, 3.031372867838542e+02, 2.996710713704427e+02, 2.998666589355469e+02, 2.980861083984375e+02, 2.970003129069011e+02, 2.953877758789063e+02, 2.957448527018229e+02, 2.967082930501302e+02, 2.969880981445312e+02, 2.977355167643229e+02, 2.967442342122396e+02, 2.960520666503906e+02, 2.938758158365885e+02, 2.923258422851562e+02, 2.914949621582031e+02, 2.907949837239584e+02, 2.954450223795573e+02, 2.981389294433594e+02, 2.981418416341146e+02, 2.981404418945312e+02, 2.981409619140625e+02, 2.98141864827474e+02, 2.959751249186198e+02, 2.93792822265625e+02, 2.920891231282552e+02, 2.913952490234375e+02, 2.908099633789063e+02, 2.906888163248698e+02, 2.913231811523438e+02, 2.907226245117188e+02, 2.899735461425781e+02, 2.893641528320313e+02, 2.884280847167969e+02, 2.876691284179688e+02]
time=[1.5e+07, 2.35872e+07]
heaSys.heaSche.TdegC[2].y=[3.031993103027344e+02, 3.031993103027344e+02, 3.031993103027344e+02, 3.031993103027344e+02, 3.031993103027344e+02, 3.031993103027344e+02, 3.031993103027344e+02, 3.031993103027344e+02, 3.031993103027344e+02, 3.031993103027344e+02, 3.031993103027344e+02, 3.031993103027344e+02, 3.031993103027344e+02, 3.031993103027344e+02, 3.031993103027344e+02, 3.031993103027344e+02, 3.031993103027344e+02, 3.031993103027344e+02, 3.031993103027344e+02, 3.031993103027344e+02, 3.031993103027344e+02, 3.031993103027344e+02, 3.031993103027344e+02, 3.031993103027344e+02, 3.031993103027344e+02, 3.031993103027344e+02, 3.031993103027344e+02, 3.031993103027344e+02, 3.031993103027344e+02, 3.031993103027344e+02, 3.031993103027344e+02, 3.031993103027344e+02, 3.031993103027344e+02, 3.031993103027344e+02, 3.031993103027344e+02, 3.031993103027344e+02, 3.031993103027344e+02, 3.031993103027344e+02, 3.031993103027344e+02, 3.031993103027344e+02, 3.031993103027344e+02, 3.031993103027344e+02, 3.031993103027344e+02, 3.031993103027344e+02, 3.031993103027344e+02, 3.031993103027344e+02, 3.031993103027344e+02, 3.031993103027344e+02, 3.031993103027344e+02, 3.031993103027344e+02, 3.031993103027344e+02, 3.031993103027344e+02, 3.031993103027344e+02, 3.031993103027344e+02, 3.031993103027344e+02, 3.031993103027344e+02, 3.031993103027344e+02, 3.031993103027344e+02, 3.031993103027344e+02, 3.031961730957031e+02, 3.032340637207031e+02, 3.033282649739583e+02, 3.033284101642546e+02, 3.033190011978149e+02, 3.033246801757812e+02, 3.033201985677084e+02, 3.033067602539062e+02, 3.033239501953125e+02, 3.011796085611979e+02, 3.001304602050781e+02, 2.989952758789062e+02, 2.973662878417969e+02, 2.962697082519531e+02, 2.960590608723958e+02, 2.968429846191406e+02, 2.971441040039062e+02, 2.976796248372396e+02, 2.975354646809896e+02, 2.96864365234375e+02, 2.950991251627604e+02, 2.937280029296875e+02, 2.930097790527344e+02, 2.920682088216146e+02, 2.958661612955729e+02, 2.981982556152344e+02, 2.982716756184896e+02, 2.982968505859375e+02, 2.983101330566406e+02, 2.983160286458333e+02, 2.969369246419271e+02, 2.943506896972656e+02, 2.929302958170573e+02, 2.922265584309896e+02, 2.917359265136719e+02, 2.916001212565104e+02, 2.918391398111979e+02, 2.914057336425781e+02, 2.908829935709635e+02, 2.903894571940104e+02, 2.895677416992187e+02, 2.88826416015625e+02]
struct.TSensor[2]=[2.931499938964844e+02, 2.997488500976563e+02, 3.020584834798177e+02, 3.025112622070312e+02, 3.026292639160156e+02, 3.026671305338542e+02, 3.026839575195312e+02, 3.026939632161458e+02, 3.027010380045573e+02, 3.027064038085937e+02, 3.027105753580729e+02, 3.027138838704427e+02, 3.027164599609375e+02, 3.027185172526042e+02, 3.027201472981771e+02, 3.02721435546875e+02, 3.027224426269531e+02, 3.027232360839844e+02, 3.02723876953125e+02, 3.02724365234375e+02, 3.027247701009115e+02, 3.0272509765625e+02, 3.02725341796875e+02, 3.027255249023438e+02, 3.027256774902344e+02, 3.027258097330729e+02, 3.027259216308594e+02, 3.027259826660156e+02, 3.027260437011719e+02, 3.027261047363281e+02, 3.027261352539062e+02, 3.027261657714844e+02, 3.027261962890625e+02, 3.027261962890625e+02, 3.027262268066406e+02, 3.027262268066406e+02, 3.027262268066406e+02, 3.027262573242188e+02, 3.027262573242188e+02, 3.027262573242188e+02, 3.027262573242188e+02, 3.027262573242188e+02, 3.027262573242188e+02, 3.027262573242188e+02, 3.027262573242188e+02, 3.027262573242188e+02, 3.027262573242188e+02, 3.027262573242188e+02, 3.027262573242188e+02, 3.027262573242188e+02, 3.027262573242188e+02, 3.027262573242188e+02, 3.027262573242188e+02, 3.027262573242188e+02, 3.027262573242188e+02, 3.027262573242188e+02, 3.027262573242188e+02, 3.027262573242188e+02, 3.027262573242188e+02, 3.027121329752604e+02, 3.027693481445312e+02, 3.028066178385417e+02, 3.027960365170338e+02, 3.028261156082153e+02, 3.027487890625e+02, 3.027583435058594e+02, 3.027551843261719e+02, 3.027218493652344e+02, 3.012497696940104e+02, 3.006038061523437e+02, 2.993014078776042e+02, 2.978553531901042e+02, 2.966213293457031e+02, 2.962566076660156e+02, 2.967793119303386e+02, 2.970095520019531e+02, 2.974738655598958e+02, 2.971418094889323e+02, 2.966093408203125e+02, 2.950249401855469e+02, 2.937302490234375e+02, 2.9291146484375e+02, 2.919858939615885e+02, 2.93554668375651e+02, 2.971923046875e+02, 2.980549540201823e+02, 2.982271956380208e+02, 2.983062939453125e+02, 2.983168953450521e+02, 2.974660111490886e+02, 2.954722045898437e+02, 2.938923722330729e+02, 2.929285583496094e+02, 2.9215650390625e+02, 2.917742728678385e+02, 2.919007385253906e+02, 2.913292346191406e+02, 2.906894576009115e+02, 2.901199080403646e+02, 2.893425329589843e+02, 2.885712890625e+02]
heaSys.heaSche.TdegC[3].y=[3.0312939453125e+02, 3.0312939453125e+02, 3.0312939453125e+02, 3.0312939453125e+02, 3.0312939453125e+02, 3.0312939453125e+02, 3.0312939453125e+02, 3.0312939453125e+02, 3.0312939453125e+02, 3.0312939453125e+02, 3.0312939453125e+02, 3.0312939453125e+02, 3.0312939453125e+02, 3.0312939453125e+02, 3.0312939453125e+02, 3.0312939453125e+02, 3.0312939453125e+02, 3.0312939453125e+02, 3.0312939453125e+02, 3.0312939453125e+02, 3.0312939453125e+02, 3.0312939453125e+02, 3.0312939453125e+02, 3.0312939453125e+02, 3.0312939453125e+02, 3.0312939453125e+02, 3.0312939453125e+02, 3.0312939453125e+02, 3.0312939453125e+02, 3.0312939453125e+02, 3.0312939453125e+02, 3.0312939453125e+02, 3.0312939453125e+02, 3.0312939453125e+02, 3.0312939453125e+02, 3.0312939453125e+02, 3.0312939453125e+02, 3.0312939453125e+02, 3.0312939453125e+02, 3.0312939453125e+02, 3.0312939453125e+02, 3.0312939453125e+02, 3.0312939453125e+02, 3.0312939453125e+02, 3.0312939453125e+02, 3.0312939453125e+02, 3.0312939453125e+02, 3.0312939453125e+02, 3.0312939453125e+02, 3.0312939453125e+02, 3.0312939453125e+02, 3.0312939453125e+02, 3.0312939453125e+02, 3.0312939453125e+02, 3.0312939453125e+02, 3.0312939453125e+02, 3.0312939453125e+02, 3.0312939453125e+02, 3.0312939453125e+02, 3.032199877929688e+02, 3.032847900390625e+02, 3.031992443847656e+02, 3.031610717773438e+02, 3.031455383300781e+02, 3.03159082438151e+02, 3.031503967285156e+02, 3.031563793945313e+02, 3.031545166015625e+02, 3.009260457356771e+02, 2.997968603515625e+02, 2.987770568847656e+02, 2.971344685872396e+02, 2.960803125e+02, 2.958870304361979e+02, 2.966016825358073e+02, 2.968663024902344e+02, 2.97340468343099e+02, 2.973211999511719e+02, 2.966828503417969e+02, 2.948757425944011e+02, 2.935184122721354e+02, 2.928620654296875e+02, 2.918941678873698e+02, 2.966872041829427e+02, 2.981503344726563e+02, 2.981515563964844e+02, 2.981489998372396e+02, 2.981533166503907e+02, 2.981525244140625e+02, 2.96760947672526e+02, 2.9412822265625e+02, 2.927351094563802e+02, 2.920570520019531e+02, 2.915239514160156e+02, 2.914565759277344e+02, 2.91816943359375e+02, 2.913139636230469e+02, 2.90756680094401e+02, 2.902638362630208e+02, 2.89394208984375e+02, 2.886743469238281e+02]
struct.TSensor[3]=[2.931499938964844e+02, 3.031456730143229e+02, 3.031477355957031e+02, 3.031481628417969e+02, 3.031483154296875e+02, 3.031483764648438e+02, 3.031484069824219e+02, 3.031484069824219e+02, 3.031484375e+02, 3.031484375e+02, 3.031484680175781e+02, 3.031484680175781e+02, 3.031484680175781e+02, 3.031484680175781e+02, 3.031484680175781e+02, 3.031484680175781e+02, 3.031484680175781e+02, 3.031484680175781e+02, 3.031484680175781e+02, 3.031484680175781e+02, 3.031484680175781e+02, 3.031484680175781e+02, 3.031484680175781e+02, 3.031484680175781e+02, 3.031484680175781e+02, 3.031484680175781e+02, 3.031484680175781e+02, 3.031484680175781e+02, 3.031484680175781e+02, 3.031484680175781e+02, 3.031484680175781e+02, 3.031484680175781e+02, 3.031484680175781e+02, 3.031484680175781e+02, 3.031484680175781e+02, 3.031484680175781e+02, 3.031484680175781e+02, 3.031484680175781e+02, 3.031484680175781e+02, 3.031484680175781e+02, 3.031484680175781e+02, 3.031484680175781e+02, 3.031484680175781e+02, 3.031484680175781e+02, 3.031484680175781e+02, 3.031484680175781e+02, 3.031484680175781e+02, 3.031484680175781e+02, 3.031484680175781e+02, 3.031484680175781e+02, 3.031484680175781e+02, 3.031484680175781e+02, 3.031484680175781e+02, 3.031484680175781e+02, 3.031484680175781e+02, 3.031484680175781e+02, 3.031484680175781e+02, 3.031484680175781e+02, 3.031484680175781e+02, 3.031484916178385e+02, 3.031487731933594e+02, 3.031488102213542e+02, 3.031488037109375e+02, 3.031489868164062e+02, 3.03148681640625e+02, 3.031487121582031e+02, 3.031487121582031e+02, 3.031485689290365e+02, 3.014140592447916e+02, 3.005952014160156e+02, 2.995777709960938e+02, 2.980166711425781e+02, 2.971102819824219e+02, 2.965739082845052e+02, 2.967202620442708e+02, 2.968085632324219e+02, 2.971022041829427e+02, 2.971112438964844e+02, 2.966952770996094e+02, 2.954806787109375e+02, 2.943645568847656e+02, 2.938427404785156e+02, 2.925498852539063e+02, 2.981026676432292e+02, 2.981483679199219e+02, 2.981493225097656e+02, 2.981493835449219e+02, 2.981494750976562e+02, 2.981495056152344e+02, 2.975731888834636e+02, 2.959824035644531e+02, 2.945892313639323e+02, 2.937607218424479e+02, 2.928197680664063e+02, 2.925661397298177e+02, 2.925735595703125e+02, 2.917070349121093e+02, 2.910681404622396e+02, 2.905283264160156e+02, 2.898017175292969e+02, 2.890285949707031e+02]
heaSys.heaSche.TdegC[4].y=[3.031470642089844e+02, 3.031470642089844e+02, 3.031470642089844e+02, 3.031470642089844e+02, 3.031470642089844e+02, 3.031470642089844e+02, 3.031470642089844e+02, 3.031470642089844e+02, 3.031470642089844e+02, 3.031470642089844e+02, 3.031470642089844e+02, 3.031470642089844e+02, 3.031470642089844e+02, 3.031470642089844e+02, 3.031470642089844e+02, 3.031470642089844e+02, 3.031470642089844e+02, 3.031470642089844e+02, 3.031470642089844e+02, 3.031470642089844e+02, 3.031470642089844e+02, 3.031470642089844e+02, 3.031470642089844e+02, 3.031470642089844e+02, 3.031470642089844e+02, 3.031470642089844e+02, 3.031470642089844e+02, 3.031470642089844e+02, 3.031470642089844e+02, 3.031470642089844e+02, 3.031470642089844e+02, 3.031470642089844e+02, 3.031470642089844e+02, 3.031470642089844e+02, 3.031470642089844e+02, 3.031470642089844e+02, 3.031470642089844e+02, 3.031470642089844e+02, 3.031470642089844e+02, 3.031470642089844e+02, 3.031470642089844e+02, 3.031470642089844e+02, 3.031470642089844e+02, 3.031470642089844e+02, 3.031470642089844e+02, 3.031470642089844e+02, 3.031470642089844e+02, 3.031470642089844e+02, 3.031470642089844e+02, 3.031470642089844e+02, 3.031470642089844e+02, 3.031470642089844e+02, 3.031470642089844e+02, 3.031470642089844e+02, 3.031470642089844e+02, 3.031470642089844e+02, 3.031470642089844e+02, 3.031470642089844e+02, 3.031470642089844e+02, 3.031406477864583e+02, 3.031186462402344e+02, 3.031501208496094e+02, 3.031509824659004e+02, 3.031482801437378e+02, 3.031564827473958e+02, 3.031488891601563e+02, 3.031507580566406e+02, 3.031548364257812e+02, 3.009309993489583e+02, 2.997498706054687e+02, 2.986632446289062e+02, 2.9710900390625e+02, 2.959812280273438e+02, 2.957644262695313e+02, 2.963872741699219e+02, 2.966893920898438e+02, 2.970937036132813e+02, 2.971420943196615e+02, 2.965530334472656e+02, 2.9487693359375e+02, 2.935362874348958e+02, 2.927940234375e+02, 2.918426407877604e+02, 2.960942399088541e+02, 2.981475268554688e+02, 2.981504557291667e+02, 2.981444600423177e+02, 2.981455651855469e+02, 2.981601989746094e+02, 2.96684600016276e+02, 2.940852905273438e+02, 2.926908520507812e+02, 2.91957822672526e+02, 2.914587438964843e+02, 2.913234106445312e+02, 2.914977945963541e+02, 2.911826818847656e+02, 2.907050728352864e+02, 2.902214900716146e+02, 2.894200122070313e+02, 2.88713134765625e+02]
struct.TSensor[4]=[2.931499938964844e+02, 3.024338334147135e+02, 3.031460213216146e+02, 3.031468811035156e+02, 3.031471557617188e+02, 3.031473083496094e+02, 3.031473999023438e+02, 3.031474609375e+02, 3.031474914550781e+02, 3.031475219726562e+02, 3.031475219726562e+02, 3.031475524902344e+02, 3.031475524902344e+02, 3.031475524902344e+02, 3.031475524902344e+02, 3.031475524902344e+02, 3.031475830078125e+02, 3.031475830078125e+02, 3.031475830078125e+02, 3.031475830078125e+02, 3.031475830078125e+02, 3.031475830078125e+02, 3.031475830078125e+02, 3.031475830078125e+02, 3.031475830078125e+02, 3.031475830078125e+02, 3.031475830078125e+02, 3.031475830078125e+02, 3.031475830078125e+02, 3.031475830078125e+02, 3.031475830078125e+02, 3.031475830078125e+02, 3.031475830078125e+02, 3.031475830078125e+02, 3.031475830078125e+02, 3.031475830078125e+02, 3.031475830078125e+02, 3.031475830078125e+02, 3.031475830078125e+02, 3.031475830078125e+02, 3.031475830078125e+02, 3.031475830078125e+02, 3.031475830078125e+02, 3.031475830078125e+02, 3.031475830078125e+02, 3.031475830078125e+02, 3.031475830078125e+02, 3.031475830078125e+02, 3.031475830078125e+02, 3.031475830078125e+02, 3.031475830078125e+02, 3.031475830078125e+02, 3.031475830078125e+02, 3.031475830078125e+02, 3.031475830078125e+02, 3.031475830078125e+02, 3.031475830078125e+02, 3.031475830078125e+02, 3.031475830078125e+02, 3.031474914550781e+02, 3.031476135253906e+02, 3.031477966308594e+02, 3.031478881835938e+02, 3.031481018066406e+02, 3.031478576660156e+02, 3.031478576660156e+02, 3.031478881835938e+02, 3.03147705078125e+02, 3.016156038411459e+02, 3.00284443359375e+02, 2.993299987792969e+02, 2.980323347981771e+02, 2.970377807617188e+02, 2.963053080240886e+02, 2.961954960123698e+02, 2.9622119140625e+02, 2.964578434244792e+02, 2.965269620768229e+02, 2.962801428222656e+02, 2.953264530436198e+02, 2.943263875325521e+02, 2.934980895996094e+02, 2.925217895507812e+02, 2.960003527832031e+02, 2.981466369628906e+02, 2.9814794921875e+02, 2.981481628417969e+02, 2.981482543945312e+02, 2.981483459472656e+02, 2.970857621256511e+02, 2.955373229980469e+02, 2.941986393229167e+02, 2.932599381510417e+02, 2.924496081542969e+02, 2.919615747070313e+02, 2.918563293457031e+02, 2.914607604980469e+02, 2.909424967447916e+02, 2.904094360351563e+02, 2.897404943847656e+02, 2.890279541015625e+02]
struct.TSensor[5]=[2.931499938964844e+02, 3.031433052571614e+02, 3.031456298828125e+02, 3.031461791992188e+02, 3.031463623046875e+02, 3.03146484375e+02, 3.031465454101562e+02, 3.031465759277344e+02, 3.031466064453125e+02, 3.031466369628906e+02, 3.031466369628906e+02, 3.031466674804688e+02, 3.031466674804688e+02, 3.031466674804688e+02, 3.031466674804688e+02, 3.031466674804688e+02, 3.031466674804688e+02, 3.031466674804688e+02, 3.031466674804688e+02, 3.031466674804688e+02, 3.031466674804688e+02, 3.031466674804688e+02, 3.031466674804688e+02, 3.031466674804688e+02, 3.031466674804688e+02, 3.031466674804688e+02, 3.031466674804688e+02, 3.031466674804688e+02, 3.031466674804688e+02, 3.031466674804688e+02, 3.031466674804688e+02, 3.031466674804688e+02, 3.031466674804688e+02, 3.031466674804688e+02, 3.031466674804688e+02, 3.031466674804688e+02, 3.031466674804688e+02, 3.031466674804688e+02, 3.031466674804688e+02, 3.031466674804688e+02, 3.031466674804688e+02, 3.031466674804688e+02, 3.031466674804688e+02, 3.031466674804688e+02, 3.031466674804688e+02, 3.031466674804688e+02, 3.031466674804688e+02, 3.031466674804688e+02, 3.031466674804688e+02, 3.031466674804688e+02, 3.031466674804688e+02, 3.031466674804688e+02, 3.031466674804688e+02, 3.031466674804688e+02, 3.031466674804688e+02, 3.031466674804688e+02, 3.031466674804688e+02, 3.031466674804688e+02, 3.031466674804688e+02, 3.031463859049479e+02, 3.031467529296875e+02, 3.03147070719401e+02, 3.031471437548028e+02, 3.031474914550781e+02, 3.031468644205729e+02, 3.031469767252604e+02, 3.031471252441406e+02, 3.031466674804688e+02, 3.007824796549479e+02, 2.996669409179688e+02, 2.989407491048177e+02, 2.971675614420573e+02, 2.963702062988281e+02, 2.96246953125e+02, 2.962238850911459e+02, 2.9620263671875e+02, 2.963249503580729e+02, 2.963715148925781e+02, 2.957710827636719e+02, 2.952955037434896e+02, 2.938081583658854e+02, 2.930168994140625e+02, 2.918611368815104e+02, 2.966664078776042e+02, 3.031430798339844e+02, 3.031456298828125e+02, 3.031456298828125e+02, 3.031460888671875e+02, 3.031462097167969e+02, 3.006142635091146e+02, 2.976646789550781e+02, 2.957769641113281e+02, 2.946432535807292e+02, 2.940087243652344e+02, 2.93553310546875e+02, 2.935192708333333e+02, 2.924097790527344e+02, 2.915172115071614e+02, 2.907938623046875e+02, 2.89873544921875e+02, 2.890072326660156e+02]
heaSys.heaSche.TdegC[5].y=[3.0313671875e+02, 3.0313671875e+02, 3.0313671875e+02, 3.0313671875e+02, 3.0313671875e+02, 3.0313671875e+02, 3.0313671875e+02, 3.0313671875e+02, 3.0313671875e+02, 3.0313671875e+02, 3.0313671875e+02, 3.0313671875e+02, 3.0313671875e+02, 3.0313671875e+02, 3.0313671875e+02, 3.0313671875e+02, 3.0313671875e+02, 3.0313671875e+02, 3.0313671875e+02, 3.0313671875e+02, 3.0313671875e+02, 3.0313671875e+02, 3.0313671875e+02, 3.0313671875e+02, 3.0313671875e+02, 3.0313671875e+02, 3.0313671875e+02, 3.0313671875e+02, 3.0313671875e+02, 3.0313671875e+02, 3.0313671875e+02, 3.0313671875e+02, 3.0313671875e+02, 3.0313671875e+02, 3.0313671875e+02, 3.0313671875e+02, 3.0313671875e+02, 3.0313671875e+02, 3.0313671875e+02, 3.0313671875e+02, 3.0313671875e+02, 3.0313671875e+02, 3.0313671875e+02, 3.0313671875e+02, 3.0313671875e+02, 3.0313671875e+02, 3.0313671875e+02, 3.0313671875e+02, 3.0313671875e+02, 3.0313671875e+02, 3.0313671875e+02, 3.0313671875e+02, 3.0313671875e+02, 3.0313671875e+02, 3.0313671875e+02, 3.0313671875e+02, 3.0313671875e+02, 3.0313671875e+02, 3.0313671875e+02, 3.031591979980469e+02, 3.031619201660156e+02, 3.031660823567709e+02, 3.03154541015625e+02, 3.031486682891846e+02, 3.031485046386719e+02, 3.031328491210937e+02, 3.031478002929687e+02, 3.031454252115885e+02, 3.003424471028646e+02, 2.988025793457031e+02, 2.979611897786459e+02, 2.960664298502604e+02, 2.951804663085937e+02, 2.954259029134114e+02, 2.957232381184896e+02, 2.958912353515625e+02, 2.960247473144531e+02, 2.961410815429688e+02, 2.954523754882812e+02, 2.949671948242187e+02, 2.932097188313802e+02, 2.924218579101562e+02, 2.911758898925781e+02, 2.970436429850261e+02, 2.981498608398438e+02, 2.98153135172526e+02, 2.981533520507812e+02, 2.981468090820313e+02, 2.981483276367188e+02, 2.961378633626302e+02, 2.937140319824219e+02, 2.925633740234375e+02, 2.919309903971354e+02, 2.918592041015625e+02, 2.917480696614583e+02, 2.919398132324219e+02, 2.910723608398437e+02, 2.904604056803386e+02, 2.900028361002604e+02, 2.892000561523437e+02, 2.883916931152344e+02]
struct.TSensor[6]=[2.931499938964844e+02, 3.031462833658854e+02, 3.031478881835938e+02, 3.031482849121094e+02, 3.031484069824219e+02, 3.031484375e+02, 3.031484680175781e+02, 3.031484985351562e+02, 3.031484985351562e+02, 3.031485290527344e+02, 3.031485290527344e+02, 3.031485290527344e+02, 3.031485290527344e+02, 3.031485290527344e+02, 3.031485290527344e+02, 3.031485595703125e+02, 3.031485595703125e+02, 3.031485595703125e+02, 3.031485595703125e+02, 3.031485595703125e+02, 3.031485595703125e+02, 3.031485595703125e+02, 3.031485595703125e+02, 3.031485595703125e+02, 3.031485595703125e+02, 3.031485595703125e+02, 3.031485595703125e+02, 3.031485595703125e+02, 3.031485595703125e+02, 3.031485595703125e+02, 3.031485595703125e+02, 3.031485595703125e+02, 3.031485595703125e+02, 3.031485595703125e+02, 3.031485595703125e+02, 3.031485595703125e+02, 3.031485595703125e+02, 3.031485595703125e+02, 3.031485595703125e+02, 3.031485595703125e+02, 3.031485595703125e+02, 3.031485595703125e+02, 3.031485595703125e+02, 3.031485595703125e+02, 3.031485595703125e+02, 3.031485595703125e+02, 3.031485595703125e+02, 3.031485595703125e+02, 3.031485595703125e+02, 3.031485595703125e+02, 3.031485595703125e+02, 3.031485595703125e+02, 3.031485595703125e+02, 3.031485595703125e+02, 3.031485595703125e+02, 3.031485595703125e+02, 3.031485595703125e+02, 3.031485595703125e+02, 3.031485595703125e+02, 3.031484493001302e+02, 3.03148583984375e+02, 3.031486576334635e+02, 3.031487121582031e+02, 3.031488342285156e+02, 3.031486206054688e+02, 3.03148681640625e+02, 3.031487121582031e+02, 3.031485595703125e+02, 3.013213757324219e+02, 2.999669201660156e+02, 2.991067443847656e+02, 2.976900911458333e+02, 2.96766123046875e+02, 2.961809700520834e+02, 2.959183935546875e+02, 2.958336181640625e+02, 2.959855090332031e+02, 2.960790478515625e+02, 2.958224523925781e+02, 2.950154235839844e+02, 2.940375895182291e+02, 2.932224328613281e+02, 2.922118758138021e+02, 2.985613004557292e+02, 3.031459875488281e+02, 3.031474914550781e+02, 3.031476135253906e+02, 3.031477355957031e+02, 3.031478271484375e+02, 3.009086271158854e+02, 2.980142456054688e+02, 2.960094567871094e+02, 2.946399426269531e+02, 2.935883361816406e+02, 2.929168420410156e+02, 2.926996337890625e+02, 2.921141442871094e+02, 2.914337377929688e+02, 2.907889139811198e+02, 2.899759692382813e+02, 2.891960754394531e+02]
heaSys.heaSche.TdegC[6].y=[3.031622314453125e+02, 3.031622314453125e+02, 3.031622314453125e+02, 3.031622314453125e+02, 3.031622314453125e+02, 3.031622314453125e+02, 3.031622314453125e+02, 3.031622314453125e+02, 3.031622314453125e+02, 3.031622314453125e+02, 3.031622314453125e+02, 3.031622314453125e+02, 3.031622314453125e+02, 3.031622314453125e+02, 3.031622314453125e+02, 3.031622314453125e+02, 3.031622314453125e+02, 3.031622314453125e+02, 3.031622314453125e+02, 3.031622314453125e+02, 3.031622314453125e+02, 3.031622314453125e+02, 3.031622314453125e+02, 3.031622314453125e+02, 3.031622314453125e+02, 3.031622314453125e+02, 3.031622314453125e+02, 3.031622314453125e+02, 3.031622314453125e+02, 3.031622314453125e+02, 3.031622314453125e+02, 3.031622314453125e+02, 3.031622314453125e+02, 3.031622314453125e+02, 3.031622314453125e+02, 3.031622314453125e+02, 3.031622314453125e+02, 3.031622314453125e+02, 3.031622314453125e+02, 3.031622314453125e+02, 3.031622314453125e+02, 3.031622314453125e+02, 3.031622314453125e+02, 3.031622314453125e+02, 3.031622314453125e+02, 3.031622314453125e+02, 3.031622314453125e+02, 3.031622314453125e+02, 3.031622314453125e+02, 3.031622314453125e+02, 3.031622314453125e+02, 3.031622314453125e+02, 3.031622314453125e+02, 3.031622314453125e+02, 3.031622314453125e+02, 3.031622314453125e+02, 3.031622314453125e+02, 3.031622314453125e+02, 3.031622314453125e+02, 3.031462605794271e+02, 3.031526794433594e+02, 3.031633256022135e+02, 3.031534403816598e+02, 3.031490335464478e+02, 3.031507727050781e+02, 3.031429911295573e+02, 3.031494616699219e+02, 3.031506591796875e+02, 3.009080928548177e+02, 2.989505517578125e+02, 2.980511433919271e+02, 2.966162093098959e+02, 2.956721911621094e+02, 2.9540138671875e+02, 2.954007100423177e+02, 2.95432861328125e+02, 2.95631562906901e+02, 2.957826460774739e+02, 2.955466528320313e+02, 2.946401790364583e+02, 2.935517211914063e+02, 2.927693347167969e+02, 2.918028995768229e+02, 2.98189795328776e+02, 2.981478259277344e+02, 2.981478983561198e+02, 2.98164766031901e+02, 2.98153583984375e+02, 2.981462577311198e+02, 2.966881172688802e+02, 2.943078247070313e+02, 2.930038452148438e+02, 2.921597696940104e+02, 2.916634753417969e+02, 2.91296552734375e+02, 2.913660298665365e+02, 2.910529028320312e+02, 2.906289424641927e+02, 2.901841328938802e+02, 2.8944740234375e+02, 2.887413330078125e+02]
struct.TSensor[7]=[2.931499938964844e+02, 3.029860009765625e+02, 3.031463012695312e+02, 3.031470031738281e+02, 3.031472473144531e+02, 3.031473693847656e+02, 3.031474609375e+02, 3.031475219726562e+02, 3.031475524902344e+02, 3.031475830078125e+02, 3.031475830078125e+02, 3.031475830078125e+02, 3.031476135253906e+02, 3.031476135253906e+02, 3.031476135253906e+02, 3.031476135253906e+02, 3.031476135253906e+02, 3.031476135253906e+02, 3.031476135253906e+02, 3.031476135253906e+02, 3.031476135253906e+02, 3.031476135253906e+02, 3.031476135253906e+02, 3.031476440429688e+02, 3.031476440429688e+02, 3.031476440429688e+02, 3.031476440429688e+02, 3.031476440429688e+02, 3.031476440429688e+02, 3.031476440429688e+02, 3.031476440429688e+02, 3.031476440429688e+02, 3.031476440429688e+02, 3.031476440429688e+02, 3.031476440429688e+02, 3.031476440429688e+02, 3.031476440429688e+02, 3.031476440429688e+02, 3.031476440429688e+02, 3.031476440429688e+02, 3.031476440429688e+02, 3.031476440429688e+02, 3.031476440429688e+02, 3.031476440429688e+02, 3.031476440429688e+02, 3.031476440429688e+02, 3.031476440429688e+02, 3.031476440429688e+02, 3.031476440429688e+02, 3.031476440429688e+02, 3.031476440429688e+02, 3.031476440429688e+02, 3.031476440429688e+02, 3.031476440429688e+02, 3.031476440429688e+02, 3.031476440429688e+02, 3.031476440429688e+02, 3.031476440429688e+02, 3.031476440429688e+02, 3.031475948079427e+02, 3.031477600097656e+02, 3.031478946940104e+02, 3.031480102539062e+02, 3.03148193359375e+02, 3.031479797363281e+02, 3.031479797363281e+02, 3.031479797363281e+02, 3.031478576660156e+02, 3.015763911946615e+02, 3.00316455078125e+02, 2.994523986816406e+02, 2.982929036458333e+02, 2.974310571289063e+02, 2.967351704915365e+02, 2.963583247884114e+02, 2.961475219726562e+02, 2.961494449869792e+02, 2.961825687662761e+02, 2.96073271484375e+02, 2.955110217285156e+02, 2.947083658854166e+02, 2.940930895996094e+02, 2.931155818684896e+02, 2.967167667643229e+02, 3.02327861328125e+02, 3.03145263671875e+02, 3.031458435058594e+02, 3.031460571289062e+02, 3.031462097167969e+02, 3.010201180013021e+02, 2.9821826171875e+02, 2.964329284667969e+02, 2.951882430013021e+02, 2.940912731933594e+02, 2.933344372558594e+02, 2.929465942382812e+02, 2.923419226074218e+02, 2.917438993326823e+02, 2.91202216389974e+02, 2.905316491699219e+02, 2.89796630859375e+02]
heaSys.heaSche.TdegC[7].y=[3.031509399414062e+02, 3.031509399414062e+02, 3.031509399414062e+02, 3.031509399414062e+02, 3.031509399414062e+02, 3.031509399414062e+02, 3.031509399414062e+02, 3.031509399414062e+02, 3.031509399414062e+02, 3.031509399414062e+02, 3.031509399414062e+02, 3.031509399414062e+02, 3.031509399414062e+02, 3.031509399414062e+02, 3.031509399414062e+02, 3.031509399414062e+02, 3.031509399414062e+02, 3.031509399414062e+02, 3.031509399414062e+02, 3.031509399414062e+02, 3.031509399414062e+02, 3.031509399414062e+02, 3.031509399414062e+02, 3.031509399414062e+02, 3.031509399414062e+02, 3.031509399414062e+02, 3.031509399414062e+02, 3.031509399414062e+02, 3.031509399414062e+02, 3.031509399414062e+02, 3.031509399414062e+02, 3.031509399414062e+02, 3.031509399414062e+02, 3.031509399414062e+02, 3.031509399414062e+02, 3.031509399414062e+02, 3.031509399414062e+02, 3.031509399414062e+02, 3.031509399414062e+02, 3.031509399414062e+02, 3.031509399414062e+02, 3.031509399414062e+02, 3.031509399414062e+02, 3.031509399414062e+02, 3.031509399414062e+02, 3.031509399414062e+02, 3.031509399414062e+02, 3.031509399414062e+02, 3.031509399414062e+02, 3.031509399414062e+02, 3.031509399414062e+02, 3.031509399414062e+02, 3.031509399414062e+02, 3.031509399414062e+02, 3.031509399414062e+02, 3.031509399414062e+02, 3.031509399414062e+02, 3.031509399414062e+02, 3.031509399414062e+02, 3.031531416829427e+02, 3.031559631347656e+02, 3.031586991373698e+02, 3.031480352683146e+02, 3.031428823471069e+02, 3.031486804199219e+02, 3.031467000325521e+02, 3.031521545410156e+02, 3.031530684407552e+02, 3.011923661295573e+02, 2.993719104003906e+02, 2.983482727050781e+02, 2.972056770833333e+02, 2.963346557617188e+02, 2.957730525716146e+02, 2.955567720540365e+02, 2.954555358886719e+02, 2.955151241048177e+02, 2.95628622639974e+02, 2.955542529296875e+02, 2.949260172526041e+02, 2.940760009765625e+02, 2.934734228515625e+02, 2.925160127766927e+02, 2.973942700195312e+02, 2.981493579101563e+02, 2.981498881022135e+02, 2.981512622070313e+02, 2.98150546875e+02, 2.981502237955729e+02, 2.968683178710937e+02, 2.947584716796875e+02, 2.935555354817708e+02, 2.926975378417969e+02, 2.919737670898438e+02, 2.914856030273438e+02, 2.913217142740885e+02, 2.91015263671875e+02, 2.907115055338542e+02, 2.904199784342448e+02, 2.898993896484375e+02, 2.892545471191406e+02]
heaSys.Qhea[1]=[1.82e+03, 1.82e+03, 1.484018736979167e+03, 1.303411000976562e+03, 1.246896248372396e+03, 1.220328946940104e+03, 1.204843295898437e+03, 1.194912174479167e+03, 1.188222828776042e+03, 1.183569990234375e+03, 1.180265486653646e+03, 1.1778694140625e+03, 1.17610708984375e+03, 1.174790043945312e+03, 1.173799412434896e+03, 1.173047924804687e+03, 1.172474977213542e+03, 1.172031505533854e+03, 1.17168732421875e+03, 1.171419669596354e+03, 1.171211637369792e+03, 1.171048076171875e+03, 1.170920528971354e+03, 1.170819757486979e+03, 1.170740537109375e+03, 1.170678019205729e+03, 1.17062912109375e+03, 1.170590517578125e+03, 1.170560284830729e+03, 1.170535768229167e+03, 1.17051650390625e+03, 1.170502342122396e+03, 1.170490694986979e+03, 1.170480590820312e+03, 1.170473876953125e+03, 1.170467472330729e+03, 1.170463012695312e+03, 1.17045947265625e+03, 1.17045654296875e+03, 1.17045423828125e+03, 1.170452392578125e+03, 1.170450445963542e+03, 1.170449584960938e+03, 1.17044873046875e+03, 1.170448509114583e+03, 1.170447338867187e+03, 1.170446655273438e+03, 1.170446411132812e+03, 1.170446411132812e+03, 1.170445922851562e+03, 1.170446126302083e+03, 1.170445922851562e+03, 1.170445250651042e+03, 1.170445068359375e+03, 1.170445190429688e+03, 1.170445556640625e+03, 1.170445068359375e+03, 1.170445556640625e+03, 1.170445068359375e+03, 1.299230257161458e+03, 1.274664916992188e+03, 1.170350997721354e+03, 1.115065783891522e+03, 9.723276615142822e+02, 1.185932779947917e+03, 1.129376798502604e+03, 1.058970317382812e+03, 1.272134391276042e+03, 1.388002232958873e-02, 5.000555187988281e+02, 1.161762583069503e-03, 4.999834195963542e+02, 0e+00, 5.000797086588541e+02, 5.001837076822916e+02, 4.99848388671875e+02, 4.999617106119792e+02, 1.060694329440594e-02, 1.552451707422733e-02, 0e+00, 0e+00, 0e+00, 1.231320598473152e-02, 1.82e+03, 1.107328193359375e+03, 8.17230790201823e+02, 9.564231575520834e+02, 9.039988476562499e+02, 8.128759448242188e+02, 1.087218338002761e-02, 4.750388115644455e-02, 4.00932473440965e-02, 5.504919523994128e-02, 5.2820213586092e-02, 3.577298219005267e-02, 3.24382704993089e-02, 4.333248779177665e-02, 4.400631745656331e-02, 5.810848370194435e-02, 5.358335852622986e-02, 4.516699910163879e-02]
heaSys.heaSche.Pel_IDEAL[1]=[1.1482958984375e+03, 1.1482958984375e+03, 1.1482958984375e+03, 1.1482958984375e+03, 1.1482958984375e+03, 1.1482958984375e+03, 1.1482958984375e+03, 1.1482958984375e+03, 1.1482958984375e+03, 1.1482958984375e+03, 1.1482958984375e+03, 1.1482958984375e+03, 1.1482958984375e+03, 1.1482958984375e+03, 1.1482958984375e+03, 1.1482958984375e+03, 1.1482958984375e+03, 1.1482958984375e+03, 1.1482958984375e+03, 1.1482958984375e+03, 1.1482958984375e+03, 1.1482958984375e+03, 1.1482958984375e+03, 1.1482958984375e+03, 1.1482958984375e+03, 1.1482958984375e+03, 1.1482958984375e+03, 1.1482958984375e+03, 1.1482958984375e+03, 1.1482958984375e+03, 1.1482958984375e+03, 1.1482958984375e+03, 1.1482958984375e+03, 1.1482958984375e+03, 1.1482958984375e+03, 1.1482958984375e+03, 1.1482958984375e+03, 1.1482958984375e+03, 1.1482958984375e+03, 1.1482958984375e+03, 1.1482958984375e+03, 1.1482958984375e+03, 1.1482958984375e+03, 1.1482958984375e+03, 1.1482958984375e+03, 1.1482958984375e+03, 1.1482958984375e+03, 1.1482958984375e+03, 1.1482958984375e+03, 1.1482958984375e+03, 1.1482958984375e+03, 1.1482958984375e+03, 1.1482958984375e+03, 1.1482958984375e+03, 1.1482958984375e+03, 1.1482958984375e+03, 1.1482958984375e+03, 1.1482958984375e+03, 1.1482958984375e+03, 1.265359905598958e+03, 1.219719677734375e+03, 1.099763126627604e+03, 1.04736984703189e+03, 9.113274955749512e+02, 1.166508416341146e+03, 1.069226082356771e+03, 9.989011474609375e+02, 1.223894682617188e+03, 1.388002232958873e-02, 5.000555187988281e+02, 1.161762583069503e-03, 4.999834195963542e+02, 0e+00, 5.000797086588541e+02, 5.001837076822916e+02, 4.99848388671875e+02, 4.999617106119792e+02, 1.060694329440594e-02, 1.552451707422733e-02, 0e+00, 0e+00, 0e+00, 1.231320598473152e-02, 1.831648051757812e+03, 9.476201538085937e+02, 7.7937197265625e+02, 9.714805387369792e+02, 9.825216943359375e+02, 8.67020096842448e+02, 1.087218338002761e-02, 4.750388115644455e-02, 4.00932473440965e-02, 5.504919523994128e-02, 5.2820213586092e-02, 3.577298219005267e-02, 3.24382704993089e-02, 4.333248779177665e-02, 4.400631745656331e-02, 5.810848370194435e-02, 5.358335852622986e-02, 4.516699910163879e-02]
heaSys.Qhea[3]=[7.5e+02, 4.324220552571614e+02, 2.255367647298177e+02, 1.834093835449219e+02, 1.695869685872396e+02, 1.634658406575521e+02, 1.600562591552734e+02, 1.579001375325521e+02, 1.564356205240885e+02, 1.554005456542969e+02, 1.546469797770182e+02, 1.540894303385417e+02, 1.536687573242187e+02, 1.533473970540365e+02, 1.531004416910807e+02, 1.529162811279297e+02, 1.527696514892578e+02, 1.526507002766927e+02, 1.525625994873047e+02, 1.524879541015625e+02, 1.524340891520182e+02, 1.523894757080078e+02, 1.523586405436198e+02, 1.523229901123047e+02, 1.523042431640625e+02, 1.522811940511068e+02, 1.522665441894531e+02, 1.522615447998047e+02, 1.522551357014974e+02, 1.52242602742513e+02, 1.522425231933594e+02, 1.522422025553385e+02, 1.522293900553385e+02, 1.522175476074219e+02, 1.522232067871094e+02, 1.522255086263021e+02, 1.522123028564453e+02, 1.522113372802734e+02, 1.522123765055339e+02, 1.522190759277344e+02, 1.522056081136068e+02, 1.522069946289062e+02, 1.522082763671875e+02, 1.522122975667318e+02, 1.522142525227865e+02, 1.522074737548828e+02, 1.522075714111328e+02, 1.522075583902995e+02, 1.522093817138672e+02, 1.522093973795573e+02, 1.522101694742838e+02, 1.522115325927734e+02, 1.522130525716146e+02, 1.522128617350261e+02, 1.522141137695313e+02, 1.522155914306641e+02, 1.522172961425781e+02, 1.522184246826172e+02, 1.522194097900391e+02, 1.510712986246745e+02, 1.237448852539062e+02, 1.201042445882161e+02, 1.210896019857438e+02, 1.016270751953125e+02, 1.327282651774088e+02, 1.276447514851888e+02, 1.281382244873047e+02, 1.427631341552734e+02, 7.218269834915797e-02, 0e+00, 0e+00, 0e+00, 0e+00, 0e+00, 0e+00, 0e+00, 0e+00, 0e+00, 0e+00, 0e+00, 0e+00, 0e+00, 0e+00, 7.440437150065104e+02, 1.641167626953125e+02, 6.853205261230468e+01, 6.125991317749023e+01, 5.180506942749023e+01, 4.927502319335937e+01, 8.033366570870082e-02, 0e+00, 0e+00, 0e+00, 0e+00, 0e+00, 0e+00, 0e+00, 0e+00, 0e+00, 0e+00, 0e+00]
heaSys.heaSche.Pel_IDEAL[3]=[1.95525390625e+02, 1.95525390625e+02, 1.95525390625e+02, 1.95525390625e+02, 1.95525390625e+02, 1.95525390625e+02, 1.95525390625e+02, 1.95525390625e+02, 1.95525390625e+02, 1.95525390625e+02, 1.95525390625e+02, 1.95525390625e+02, 1.95525390625e+02, 1.95525390625e+02, 1.95525390625e+02, 1.95525390625e+02, 1.95525390625e+02, 1.95525390625e+02, 1.95525390625e+02, 1.95525390625e+02, 1.95525390625e+02, 1.95525390625e+02, 1.95525390625e+02, 1.95525390625e+02, 1.95525390625e+02, 1.95525390625e+02, 1.95525390625e+02, 1.95525390625e+02, 1.95525390625e+02, 1.95525390625e+02, 1.95525390625e+02, 1.95525390625e+02, 1.95525390625e+02, 1.95525390625e+02, 1.95525390625e+02, 1.95525390625e+02, 1.95525390625e+02, 1.95525390625e+02, 1.95525390625e+02, 1.95525390625e+02, 1.95525390625e+02, 1.95525390625e+02, 1.95525390625e+02, 1.95525390625e+02, 1.95525390625e+02, 1.95525390625e+02, 1.95525390625e+02, 1.95525390625e+02, 1.95525390625e+02, 1.95525390625e+02, 1.95525390625e+02, 1.95525390625e+02, 1.95525390625e+02, 1.95525390625e+02, 1.95525390625e+02, 1.95525390625e+02, 1.95525390625e+02, 1.95525390625e+02, 1.95525390625e+02, 1.077377620442708e+02, 5.189975585937501e+01, 1.430058304850261e+02, 1.583604773849737e+02, 1.363961930274963e+02, 1.743756427001953e+02, 1.646248514811198e+02, 1.647554870605469e+02, 1.876993607584635e+02, 7.218269834915797e-02, 0e+00, 0e+00, 0e+00, 0e+00, 0e+00, 0e+00, 0e+00, 0e+00, 0e+00, 0e+00, 0e+00, 0e+00, 0e+00, 0e+00, 7.750027189127604e+02, 1.698689849853516e+02, 1.480752512613932e+02, 1.625502970377604e+02, 1.509081658935547e+02, 1.386764794921875e+02, 8.033366570870082e-02, 0e+00, 0e+00, 0e+00, 0e+00, 0e+00, 0e+00, 0e+00, 0e+00, 0e+00, 0e+00, 0e+00]
heaSys.Qhea[4]=[7.5e+02, 7.5e+02, 3.983806188964843e+02, 3.128114428710937e+02, 2.832514013671875e+02, 2.687732381184896e+02, 2.60261396484375e+02, 2.548420926920573e+02, 2.512445151774089e+02, 2.487846655273437e+02, 2.47069287109375e+02, 2.458465486653646e+02, 2.449622772216797e+02, 2.443111173502604e+02, 2.438281382242839e+02, 2.434669006347656e+02, 2.431937683105469e+02, 2.429842771402995e+02, 2.428229742431641e+02, 2.426982596842448e+02, 2.426015319824219e+02, 2.42526245727539e+02, 2.424676472981771e+02, 2.424216125488281e+02, 2.423852209472656e+02, 2.423568064371745e+02, 2.423344848632813e+02, 2.423169085693359e+02, 2.423031809488932e+02, 2.422923754882812e+02, 2.422839385986328e+02, 2.422775105794271e+02, 2.422722910563151e+02, 2.422678039550781e+02, 2.422643094889323e+02, 2.422618957519531e+02, 2.422599560546875e+02, 2.422580997721354e+02, 2.422567272949219e+02, 2.422558099365234e+02, 2.422552093505859e+02, 2.422544740804036e+02, 2.422538952636719e+02, 2.422537910970052e+02, 2.422537174479167e+02, 2.422533905029297e+02, 2.422529443359375e+02, 2.422526420084635e+02, 2.422529522705078e+02, 2.422527655029297e+02, 2.422526652018229e+02, 2.422528802490234e+02, 2.422526094563802e+02, 2.422525954182943e+02, 2.422526708984375e+02, 2.42252826944987e+02, 2.422529709879557e+02, 2.422527618408203e+02, 2.422526702880859e+02, 2.517624879964193e+02, 2.398682891845703e+02, 2.207500551350911e+02, 2.10498432597176e+02, 1.897996397018433e+02, 2.131876200358073e+02, 2.128210439046224e+02, 2.114668469238281e+02, 2.28779585164388e+02, 1.171302696069082e-01, 3.821562185883522e-02, 3.891944959759712e-02, 3.854666699965795e-02, 4.23929163813591e-02, 3.853051955501238e-02, 3.825907667477926e-02, 4.24170009791851e-02, 3.72940082848072e-02, 3.852315361301104e-02, 3.818601667881012e-02, 4.263555124402046e-02, 3.966160913308461e-02, 3.766097411513328e-02, 3.908053790529569e-02, 7.5e+02, 3.361251037597656e+02, 2.050847961425781e+02, 1.849876593017578e+02, 1.754248455810547e+02, 1.659314117431641e+02, 1.154813618461291e-01, 3.528055995702743e-02, 3.718616396188736e-02, 4.720215092102686e-02, 3.753710076212883e-02, 3.338143552343051e-02, 3.581358939409256e-02, 3.763950064778328e-02, 3.655238971114159e-02, 3.431935471793016e-02, 3.743234381079674e-02, 4.306700080633163e-02]
heaSys.heaSche.Pel_IDEAL[4]=[3.624784545898438e+02, 3.624784545898438e+02, 3.624784545898438e+02, 3.624784545898438e+02, 3.624784545898438e+02, 3.624784545898438e+02, 3.624784545898438e+02, 3.624784545898438e+02, 3.624784545898438e+02, 3.624784545898438e+02, 3.624784545898438e+02, 3.624784545898438e+02, 3.624784545898438e+02, 3.624784545898438e+02, 3.624784545898438e+02, 3.624784545898438e+02, 3.624784545898438e+02, 3.624784545898438e+02, 3.624784545898438e+02, 3.624784545898438e+02, 3.624784545898438e+02, 3.624784545898438e+02, 3.624784545898438e+02, 3.624784545898438e+02, 3.624784545898438e+02, 3.624784545898438e+02, 3.624784545898438e+02, 3.624784545898438e+02, 3.624784545898438e+02, 3.624784545898438e+02, 3.624784545898438e+02, 3.624784545898438e+02, 3.624784545898438e+02, 3.624784545898438e+02, 3.624784545898438e+02, 3.624784545898438e+02, 3.624784545898438e+02, 3.624784545898438e+02, 3.624784545898438e+02, 3.624784545898438e+02, 3.624784545898438e+02, 3.624784545898438e+02, 3.624784545898438e+02, 3.624784545898438e+02, 3.624784545898438e+02, 3.624784545898438e+02, 3.624784545898438e+02, 3.624784545898438e+02, 3.624784545898438e+02, 3.624784545898438e+02, 3.624784545898438e+02, 3.624784545898438e+02, 3.624784545898438e+02, 3.624784545898438e+02, 3.624784545898438e+02, 3.624784545898438e+02, 3.624784545898438e+02, 3.624784545898438e+02, 3.624784545898438e+02, 3.510102844238281e+02, 3.226813415527344e+02, 2.937624357096354e+02, 2.866764236200051e+02, 2.680862636566162e+02, 3.007419083658854e+02, 2.968406290690104e+02, 2.953560546875e+02, 3.171920072428385e+02, 1.171302696069082e-01, 3.821562185883522e-02, 3.891944959759712e-02, 3.854666699965795e-02, 4.23929163813591e-02, 3.853051955501238e-02, 3.825907667477926e-02, 4.24170009791851e-02, 3.72940082848072e-02, 3.852315361301104e-02, 3.818601667881012e-02, 4.263555124402046e-02, 3.966160913308461e-02, 3.766097411513328e-02, 3.908053790529569e-02, 7.725170198567708e+02, 3.68180888671875e+02, 2.917607299804687e+02, 2.940689274088542e+02, 2.882565417480469e+02, 2.664429077148437e+02, 1.154813618461291e-01, 3.528055995702743e-02, 3.718616396188736e-02, 4.720215092102686e-02, 3.753710076212883e-02, 3.338143552343051e-02, 3.581358939409256e-02, 3.763950064778328e-02, 3.655238971114159e-02, 3.431935471793016e-02, 3.743234381079674e-02, 4.306700080633163e-02]
heaSys.heaSche.Pel_IDEAL[5]=[1.694965209960938e+02, 1.694965209960938e+02, 1.694965209960938e+02, 1.694965209960938e+02, 1.694965209960938e+02, 1.694965209960938e+02, 1.694965209960938e+02, 1.694965209960938e+02, 1.694965209960938e+02, 1.694965209960938e+02, 1.694965209960938e+02, 1.694965209960938e+02, 1.694965209960938e+02, 1.694965209960938e+02, 1.694965209960938e+02, 1.694965209960938e+02, 1.694965209960938e+02, 1.694965209960938e+02, 1.694965209960938e+02, 1.694965209960938e+02, 1.694965209960938e+02, 1.694965209960938e+02, 1.694965209960938e+02, 1.694965209960938e+02, 1.694965209960938e+02, 1.694965209960938e+02, 1.694965209960938e+02, 1.694965209960938e+02, 1.694965209960938e+02, 1.694965209960938e+02, 1.694965209960938e+02, 1.694965209960938e+02, 1.694965209960938e+02, 1.694965209960938e+02, 1.694965209960938e+02, 1.694965209960938e+02, 1.694965209960938e+02, 1.694965209960938e+02, 1.694965209960938e+02, 1.694965209960938e+02, 1.694965209960938e+02, 1.694965209960938e+02, 1.694965209960938e+02, 1.694965209960938e+02, 1.694965209960938e+02, 1.694965209960938e+02, 1.694965209960938e+02, 1.694965209960938e+02, 1.694965209960938e+02, 1.694965209960938e+02, 1.694965209960938e+02, 1.694965209960938e+02, 1.694965209960938e+02, 1.694965209960938e+02, 1.694965209960938e+02, 1.694965209960938e+02, 1.694965209960938e+02, 1.694965209960938e+02, 1.694965209960938e+02, 1.482323942057292e+02, 1.16247477722168e+02, 1.115396725463867e+02, 1.294839182369045e+02, 1.300806527137756e+02, 1.422248956298828e+02, 1.492191518147787e+02, 1.495097454833984e+02, 1.420806793212891e+02, -1.438711735026042e+02, -1.063751669311524e+02, -7.496523132324219e+01, -8.628615956624348e+01, -5.028893035888672e+01, -7.411785532633463e+01, -7.461906778971354e+01, -8.156156921386719e+01, -5.133353378295899e+01, -5.433077458699545e+01, -5.378089370727539e+01, -7.509255015055338e+01, -7.272313842773437e+01, -6.174055755615235e+01, -5.162819188435872e+01, 6.61037197265625e+02, 2.085265545654297e+02, 1.566329233805339e+02, 1.44114853515625e+02, 1.33791806640625e+02, 1.402317417399088e+02, -9.904454091389974e+01, -5.934945068359375e+01, -8.504895985921225e+01, -6.508414927164714e+01, -7.445955383300782e+01, -5.525932205200196e+01, -1.978502209981282e+01, -1.902037536621094e+01, -2.885745404561361e+01, -3.199160906473795e+01, -3.956168106079102e+01, -3.243476104736328e+01]
heaSys.Qhea[5]=[7.5e+02, 5.225856966145833e+02, 2.88272910563151e+02, 2.354664416503906e+02, 2.151800805664062e+02, 2.045639790852865e+02, 1.980998492431641e+02, 1.939252349853516e+02, 1.91147651163737e+02, 1.892593328857422e+02, 1.879550140380859e+02, 1.87037934366862e+02, 1.863839691162109e+02, 1.859100244140625e+02, 1.855638354492187e+02, 1.853079345703125e+02, 1.851184364827474e+02, 1.849744514973958e+02, 1.848645233154297e+02, 1.847803875732422e+02, 1.847165771484375e+02, 1.846663861083984e+02, 1.846283032226563e+02, 1.845979215494792e+02, 1.845743426513672e+02, 1.845557047526042e+02, 1.845414088948568e+02, 1.845302130126953e+02, 1.845215386962891e+02, 1.845140384928386e+02, 1.845083587646484e+02, 1.845048313395182e+02, 1.845015765380859e+02, 1.844981079101562e+02, 1.844967972819011e+02, 1.844945302327474e+02, 1.844932727050781e+02, 1.844924774169922e+02, 1.844915610758464e+02, 1.844909338378906e+02, 1.844903411865234e+02, 1.844894706217448e+02, 1.844894964599609e+02, 1.844891967773438e+02, 1.844895094807943e+02, 1.844886413574219e+02, 1.844883424886068e+02, 1.844884228515625e+02, 1.84488642578125e+02, 1.844882318115234e+02, 1.844886220296224e+02, 1.844884655761719e+02, 1.84487861328125e+02, 1.844877610270182e+02, 1.844879498291016e+02, 1.844882924397786e+02, 1.844877669270833e+02, 1.844883575439453e+02, 1.844879146321614e+02, 1.892875402832031e+02, 1.476655609130859e+02, 1.33711435953776e+02, 1.379088565013448e+02, 1.280603923797607e+02, 1.513687866210938e+02, 1.516351003011068e+02, 1.518965435791016e+02, 1.586837516276042e+02, -1.438711735026042e+02, -1.063751669311524e+02, -7.496523132324219e+01, -8.628615956624348e+01, -5.028893035888672e+01, -7.411785532633463e+01, -7.461906778971354e+01, -8.156156921386719e+01, -5.133353378295899e+01, -5.433077458699545e+01, -5.378089370727539e+01, -7.509255015055338e+01, -7.272313842773437e+01, -6.174055755615235e+01, -5.162819188435872e+01, 7.5e+02, 6.025039013671875e+02, 3.471984517415365e+02, 3.084514074707031e+02, 2.598227685546875e+02, 2.695019681803386e+02, -9.904454091389974e+01, -5.934945068359375e+01, -8.504895985921225e+01, -6.508414927164714e+01, -7.445955383300782e+01, -5.525932205200196e+01, -1.978502209981282e+01, -1.902037536621094e+01, -2.885745404561361e+01, -3.199160906473795e+01, -3.956168106079102e+01, -3.243476104736328e+01]
heaSys.Qhea[6]=[7.5e+02, 3.714384712727864e+02, 2.101578232828776e+02, 1.726858197021485e+02, 1.607490309651693e+02, 1.553340515136719e+02, 1.521875817871094e+02, 1.501405535888672e+02, 1.487385660807292e+02, 1.47749150390625e+02, 1.470383941650391e+02, 1.465190956624349e+02, 1.461351928710938e+02, 1.458468326822917e+02, 1.456298297119141e+02, 1.454652740478516e+02, 1.453394165039062e+02, 1.452422253417969e+02, 1.451668560791016e+02, 1.451084808349609e+02, 1.45063080851237e+02, 1.450274719238281e+02, 1.449999743652344e+02, 1.449777671305339e+02, 1.449607196044922e+02, 1.449470621744792e+02, 1.449364548746745e+02, 1.449281970214844e+02, 1.449219948323568e+02, 1.449164577229818e+02, 1.449119781494141e+02, 1.449092399088542e+02, 1.449068568929036e+02, 1.449043414306641e+02, 1.449031292724609e+02, 1.449012563069661e+02, 1.449005847167969e+02, 1.449000063069661e+02, 1.448991117350261e+02, 1.448984783935547e+02, 1.448980224609375e+02, 1.448977233886719e+02, 1.448974273681641e+02, 1.448969637044271e+02, 1.448970029703776e+02, 1.448962921142578e+02, 1.448965635172526e+02, 1.448962459309896e+02, 1.448956982421875e+02, 1.448959855143229e+02, 1.448952992757162e+02, 1.448956311035156e+02, 1.448952060953776e+02, 1.448947823079427e+02, 1.448943878173828e+02, 1.448941660563151e+02, 1.448938511149088e+02, 1.448940191650391e+02, 1.448937327067057e+02, 1.543436181640625e+02, 1.426030059814453e+02, 1.332714455159505e+02, 1.280568172267226e+02, 1.158265297412872e+02, 1.37715229695638e+02, 1.327266235351562e+02, 1.286265447998047e+02, 1.446016286214193e+02, 1.105265368024508e-01, 2.663118533790112e-02, 2.223564460873604e-02, 2.925884234408537e-02, 2.860437504947186e-02, 2.598198771476746e-02, 3.081977002322674e-02, 2.831700071692467e-02, 2.333926223218441e-02, 3.059879114230474e-02, 2.76437759399414e-02, 2.552881814539433e-02, 3.00786371032397e-02, 2.369841918349266e-02, 2.831608571112156e-02, 7.5e+02, 4.019352001953125e+02, 2.505354197184245e+02, 2.393923960367839e+02, 2.278333190917969e+02, 2.160364516194661e+02, 1.065432000160217e-01, 2.927718199789524e-02, 2.566054321825504e-02, 2.743249036371708e-02, 2.699641332030296e-02, 3.14441318064928e-02, 2.422875252862771e-02, 2.681538566946983e-02, 2.808345603446166e-02, 3.343569869796435e-02, 3.15064038336277e-02, 3.003299981355667e-02]
heaSys.heaSche.Pel_IDEAL[6]=[1.818350982666016e+02, 1.818350982666016e+02, 1.818350982666016e+02, 1.818350982666016e+02, 1.818350982666016e+02, 1.818350982666016e+02, 1.818350982666016e+02, 1.818350982666016e+02, 1.818350982666016e+02, 1.818350982666016e+02, 1.818350982666016e+02, 1.818350982666016e+02, 1.818350982666016e+02, 1.818350982666016e+02, 1.818350982666016e+02, 1.818350982666016e+02, 1.818350982666016e+02, 1.818350982666016e+02, 1.818350982666016e+02, 1.818350982666016e+02, 1.818350982666016e+02, 1.818350982666016e+02, 1.818350982666016e+02, 1.818350982666016e+02, 1.818350982666016e+02, 1.818350982666016e+02, 1.818350982666016e+02, 1.818350982666016e+02, 1.818350982666016e+02, 1.818350982666016e+02, 1.818350982666016e+02, 1.818350982666016e+02, 1.818350982666016e+02, 1.818350982666016e+02, 1.818350982666016e+02, 1.818350982666016e+02, 1.818350982666016e+02, 1.818350982666016e+02, 1.818350982666016e+02, 1.818350982666016e+02, 1.818350982666016e+02, 1.818350982666016e+02, 1.818350982666016e+02, 1.818350982666016e+02, 1.818350982666016e+02, 1.818350982666016e+02, 1.818350982666016e+02, 1.818350982666016e+02, 1.818350982666016e+02, 1.818350982666016e+02, 1.818350982666016e+02, 1.818350982666016e+02, 1.818350982666016e+02, 1.818350982666016e+02, 1.818350982666016e+02, 1.818350982666016e+02, 1.818350982666016e+02, 1.818350982666016e+02, 1.818350982666016e+02, 1.774959897867839e+02, 1.581708953857422e+02, 1.506814426676432e+02, 1.507253910752594e+02, 1.347213644981384e+02, 1.625447273763021e+02, 1.573305308024088e+02, 1.51347431640625e+02, 1.660419944254557e+02, 1.105265368024508e-01, 2.663118533790112e-02, 2.223564460873604e-02, 2.925884234408537e-02, 2.860437504947186e-02, 2.598198771476746e-02, 3.081977002322674e-02, 2.831700071692467e-02, 2.333926223218441e-02, 3.059879114230474e-02, 2.76437759399414e-02, 2.552881814539433e-02, 3.00786371032397e-02, 2.369841918349266e-02, 2.831608571112156e-02, 6.016779541015625e+02, 1.697183172607422e+02, 1.230776555379232e+02, 1.27075991007487e+02, 1.417883624267578e+02, 1.371340098063151e+02, 1.065432000160217e-01, 2.927718199789524e-02, 2.566054321825504e-02, 2.743249036371708e-02, 2.699641332030296e-02, 3.14441318064928e-02, 2.422875252862771e-02, 2.681538566946983e-02, 2.808345603446166e-02, 3.343569869796435e-02, 3.15064038336277e-02, 3.003299981355667e-02]
