last-generated=2022-04-10
statistics-initialization=
{
  "linear": "6"
}
statistics-simulation=
{
  "linear": "0, 4, 0",
  "nonlinear": " ",
  "number of continuous time states": "5",
  "numerical Jacobians": "0"
}
time=[0e+00, 3.1536e+07]
thermalZoneThreeElements.TAir=[2.951499938964844e+02, 2.955013916015625e+02, 2.911482543945312e+02, 2.924536682128906e+02, 2.952003723144531e+02, 2.919334716796875e+02, 2.931109619140625e+02, 2.949756164550781e+02, 2.929073974609375e+02, 2.945643920898438e+02, 2.98007568359375e+02, 2.943131530761719e+02, 2.952817260742187e+02, 3.009416320800781e+02, 2.9669462890625e+02, 2.988169555664062e+02, 3.020813903808594e+02, 2.996269836425781e+02, 3.047383117675781e+02, 3.02851513671875e+02, 3.037913818359375e+02, 3.064193237304688e+02, 3.030607788085937e+02, 3.004515869140625e+02, 3.067511535644531e+02, 3.063563537597656e+02, 3.060948974609375e+02, 3.073578308105469e+02, 3.04822119140625e+02, 3.061249267578125e+02, 3.130820007324219e+02, 3.064560485839844e+02, 3.093099731445312e+02, 3.170397521972656e+02, 3.116858581542969e+02, 3.128479614257812e+02, 3.178392517089844e+02, 3.086932983398438e+02, 3.114761535644531e+02, 3.155695434570313e+02, 3.109123229980469e+02, 3.141926086425781e+02, 3.181263305664062e+02, 3.157338684082031e+02, 3.201005065917969e+02, 3.150663146972656e+02, 3.097182006835938e+02, 3.12828466796875e+02, 3.099081726074219e+02, 3.105744689941406e+02, 3.187272338867188e+02, 3.121995544433594e+02, 3.129712951660156e+02, 3.183431274414062e+02, 3.114728393554688e+02, 3.109723510742188e+02, 3.179448364257813e+02, 3.123238708496094e+02, 3.143089477539062e+02, 3.191729248046875e+02, 3.139354858398438e+02, 3.18789013671875e+02, 3.10977587890625e+02, 3.091542663574219e+02, 3.136921813964844e+02, 3.071433410644531e+02, 3.084037109375e+02, 3.134055419921875e+02, 3.083564819335937e+02, 3.097220092773438e+02, 3.119166564941406e+02, 3.087128601074219e+02, 3.079874694824219e+02, 3.11877734375e+02, 3.037016662597656e+02, 3.04277099609375e+02, 3.110009704589844e+02, 3.040691284179687e+02, 3.073957702636719e+02, 3.093276550292969e+02, 3.042645874023438e+02, 3.057429443359375e+02, 3.021437316894531e+02, 3.009104858398438e+02, 3.041577819824219e+02, 2.974339904785156e+02, 2.963861145019531e+02, 3.008611206054687e+02, 2.964843322753906e+02, 2.989272827148437e+02, 3.005352172851562e+02, 2.965555969238281e+02, 2.96433251953125e+02, 2.972673095703125e+02, 2.933518981933594e+02, 2.941361694335938e+02, 2.950044006347656e+02, 2.926102294921875e+02, 2.959852600097656e+02, 2.94574853515625e+02, 2.932498168945312e+02]
