last-generated=2023-10-23
statistics-initialization=
{
  "nonlinear": "2",
  "numerical Jacobians": "0"
}
statistics-simulation=
{
  "linear": "0, 0, 0, 0, 0, 0, 0, 0, 4, 0, 0, 0, 0, 0, 0, 0, 0, 0",
  "nonlinear": "2, 1",
  "number of continuous time states": "53",
  "numerical Jacobians": "0"
}
time=[0e+00, 1e+06]
zone1.TSensor=[2.931499938964844e+02, 2.917702941894531e+02, 2.909370422363281e+02, 2.903174133300781e+02, 2.8975341796875e+02, 2.891712036132812e+02, 2.888431091308594e+02, 2.882077941894531e+02, 2.87645263671875e+02, 2.871183471679688e+02, 2.863999938964844e+02, 2.860312194824219e+02, 2.854646606445312e+02, 2.854003295898438e+02, 2.857644653320312e+02, 2.856345825195312e+02, 2.852091369628906e+02, 2.847125854492188e+02, 2.841908874511719e+02, 2.8382373046875e+02, 2.832814331054688e+02, 2.830045166015625e+02, 2.831343994140625e+02, 2.833069458007812e+02, 2.831127319335938e+02, 2.826582336425781e+02, 2.821658935546875e+02, 2.81777587890625e+02, 2.812978210449219e+02, 2.810983276367188e+02, 2.809324645996094e+02, 2.810450134277344e+02, 2.809443359375e+02, 2.805672607421875e+02, 2.80363037109375e+02, 2.801387634277344e+02, 2.799381103515625e+02, 2.799197082519531e+02, 2.798368225097656e+02, 2.79947509765625e+02, 2.800407409667969e+02, 2.799337158203125e+02, 2.797929382324219e+02, 2.795667114257812e+02, 2.793341979980469e+02, 2.79165283203125e+02, 2.789471740722656e+02, 2.789512634277344e+02, 2.792066040039062e+02, 2.793925476074219e+02, 2.792993774414062e+02, 2.791260070800781e+02, 2.790084838867188e+02, 2.788800964355469e+02, 2.78561279296875e+02, 2.786197814941406e+02, 2.787389221191406e+02, 2.789271240234375e+02, 2.790401000976562e+02, 2.791525268554688e+02, 2.792626342773438e+02, 2.79430908203125e+02, 2.794635620117188e+02, 2.792868957519531e+02, 2.791874389648438e+02, 2.796461181640625e+02, 2.801267700195312e+02, 2.80193603515625e+02, 2.800243530273438e+02, 2.798386840820312e+02, 2.79581298828125e+02, 2.793406066894531e+02, 2.790987243652344e+02, 2.790655212402344e+02, 2.795039978027344e+02, 2.799750061035156e+02, 2.799194946289062e+02, 2.796739501953125e+02, 2.79377685546875e+02, 2.79114013671875e+02, 2.787837829589844e+02, 2.785526123046875e+02, 2.785040893554688e+02, 2.787193603515625e+02, 2.786877746582031e+02, 2.78421630859375e+02, 2.7815625e+02, 2.778764038085938e+02, 2.777218322753906e+02, 2.77601806640625e+02, 2.77559814453125e+02, 2.779511413574219e+02, 2.783638000488281e+02, 2.784778137207031e+02, 2.785068664550781e+02, 2.784800415039062e+02, 2.784492797851562e+02, 2.784158935546875e+02, 2.78343017578125e+02, 2.78449951171875e+02, 2.786877136230469e+02]
zone.TSensor=[2.931499938964844e+02, 2.921488647460938e+02, 2.916316528320312e+02, 2.90993896484375e+02, 2.904627380371094e+02, 2.90079345703125e+02, 2.895253295898438e+02, 2.89153564453125e+02, 2.886003112792969e+02, 2.880418395996094e+02, 2.876759338378906e+02, 2.870092468261719e+02, 2.866482849121094e+02, 2.862971801757812e+02, 2.860366516113281e+02, 2.858296508789062e+02, 2.854633483886719e+02, 2.851250305175781e+02, 2.848001708984375e+02, 2.843667907714844e+02, 2.84089111328125e+02, 2.836981201171875e+02, 2.835102233886719e+02, 2.834341735839844e+02, 2.832217407226562e+02, 2.829739990234375e+02, 2.826260375976562e+02, 2.822831726074219e+02, 2.820526428222656e+02, 2.817010803222656e+02, 2.815504455566406e+02, 2.814375610351562e+02, 2.81240478515625e+02, 2.810675964355469e+02, 2.808128356933594e+02, 2.8065625e+02, 2.80544677734375e+02, 2.803927917480469e+02, 2.803727722167969e+02, 2.803146362304688e+02, 2.803026733398438e+02, 2.802684631347656e+02, 2.801152954101562e+02, 2.800149230957031e+02, 2.798395690917969e+02, 2.796610107421875e+02, 2.795874938964844e+02, 2.794169616699219e+02, 2.79455810546875e+02, 2.794822692871094e+02, 2.794207153320312e+02, 2.793454895019531e+02, 2.792498168945312e+02, 2.791783447265625e+02, 2.7902880859375e+02, 2.789602661132812e+02, 2.790189208984375e+02, 2.791207580566406e+02, 2.79208740234375e+02, 2.792903137207031e+02, 2.793598327636719e+02, 2.79458984375e+02, 2.795151062011719e+02, 2.79449462890625e+02, 2.793937072753906e+02, 2.794853210449219e+02, 2.796173706054688e+02, 2.796478271484375e+02, 2.796372985839844e+02, 2.795407409667969e+02, 2.794350891113281e+02, 2.793262329101562e+02, 2.792181701660156e+02, 2.791113586425781e+02, 2.791510009765625e+02, 2.793128662109375e+02, 2.793333435058594e+02, 2.791943054199219e+02, 2.790884094238281e+02, 2.789635620117188e+02, 2.788172607421875e+02, 2.786747741699219e+02, 2.786062622070312e+02, 2.786376342773438e+02, 2.786375122070312e+02, 2.785311279296875e+02, 2.783557739257812e+02, 2.782230834960938e+02, 2.780595397949219e+02, 2.77979736328125e+02, 2.779588317871094e+02, 2.78050537109375e+02, 2.782459106445312e+02, 2.783436279296875e+02, 2.78400634765625e+02, 2.784133605957031e+02, 2.784244384765625e+02, 2.784288330078125e+02, 2.784134826660156e+02, 2.78433349609375e+02, 2.785391845703125e+02]
zone.airModel.phi=[6.920580863952637e-01, 4.935990273952484e-01, 4.369213581085205e-01, 4.321015179157257e-01, 4.506412148475647e-01, 4.95667040348053e-01, 5.658524036407471e-01, 5.209296941757202e-01, 4.604426324367523e-01, 4.283360242843628e-01, 3.953905999660492e-01, 4.127195179462433e-01, 4.096450805664062e-01, 4.451951086521149e-01, 4.562647938728333e-01, 4.529079496860504e-01, 4.72154438495636e-01, 4.808398187160492e-01, 4.996514022350311e-01, 5.178433060646057e-01, 5.318751931190491e-01, 5.57678759098053e-01, 5.749305486679077e-01, 5.714406371116638e-01, 5.701364278793335e-01, 5.780629515647888e-01, 5.74493944644928e-01, 5.933686494827271e-01, 6.092122793197632e-01, 6.658909916877747e-01, 7.019398808479309e-01, 6.033287048339844e-01, 5.61475932598114e-01, 5.748470425605774e-01, 6.377084851264954e-01, 7.078408002853394e-01, 7.777253389358521e-01, 8.534435033798218e-01, 8.889238238334656e-01, 9.092088937759399e-01, 8.996952176094055e-01, 8.810175061225891e-01, 8.564856052398682e-01, 8.315206170082092e-01, 7.952514290809631e-01, 7.705063223838806e-01, 7.66961395740509e-01, 7.902994751930237e-01, 7.905978560447693e-01, 7.742531895637512e-01, 7.885971665382385e-01, 8.146997094154358e-01, 8.421503901481628e-01, 8.497219085693359e-01, 7.968700528144836e-01, 9.007955193519592e-01, 9.772781729698181e-01, 1.045196294784546e+00, 1.07657778263092e+00, 1.053419709205627e+00, 1.085180640220642e+00, 1.146812081336975e+00, 1.00248646736145e+00, 8.458327651023865e-01, 8.219952583312988e-01, 8.162189126014709e-01, 8.08590829372406e-01, 8.039642572402954e-01, 7.828307151794434e-01, 7.594912648200989e-01, 7.158820033073425e-01, 7.327229976654053e-01, 7.539169192314148e-01, 7.601416707038879e-01, 7.40301251411438e-01, 6.86279833316803e-01, 6.253814697265625e-01, 5.958410501480103e-01, 6.043291687965393e-01, 6.27089262008667e-01, 6.287527680397034e-01, 6.399675607681274e-01, 6.507062911987305e-01, 6.334324479103088e-01, 5.767618417739868e-01, 6.089800000190735e-01, 6.741419434547424e-01, 7.069371342658997e-01, 7.733134627342224e-01, 8.38697075843811e-01, 9.037250876426697e-01, 1.019463658332825e+00, 1.114481568336487e+00, 1.066941022872925e+00, 1.044784426689148e+00, 1.031521677970886e+00, 9.755389094352722e-01, 9.684836864471436e-01, 9.376399517059326e-01, 8.911387920379639e-01, 9.407323598861694e-01]
zone1.airModel.phi=[6.919458508491516e-01, 5.066154599189758e-01, 4.568121731281281e-01, 4.518110454082489e-01, 4.734384417533875e-01, 5.364117622375488e-01, 5.866961479187012e-01, 5.459651947021484e-01, 4.864127635955811e-01, 4.487879574298859e-01, 4.302079975605011e-01, 4.322223961353302e-01, 4.418357610702515e-01, 4.740853309631348e-01, 4.679211378097534e-01, 4.665811955928802e-01, 4.837006032466888e-01, 4.986557364463806e-01, 5.247978568077087e-01, 5.345823764801025e-01, 5.660290718078613e-01, 5.814623236656189e-01, 5.915414690971375e-01, 5.832617878913879e-01, 5.788484811782837e-01, 5.92746913433075e-01, 5.957549214363098e-01, 6.130475997924805e-01, 6.489092707633972e-01, 6.886751651763916e-01, 7.300145626068115e-01, 6.204338073730469e-01, 5.728225708007812e-01, 6.035539507865906e-01, 6.565800905227661e-01, 7.364609837532043e-01, 8.189098238945007e-01, 8.741391897201538e-01, 9.218701720237732e-01, 9.290444850921631e-01, 9.134237170219421e-01, 8.990135788917542e-01, 8.713549971580505e-01, 8.54559600353241e-01, 8.197120428085327e-01, 7.912102341651917e-01, 8.024102449417114e-01, 8.09934675693512e-01, 8.025763630867004e-01, 7.829294204711914e-01, 7.981098890304565e-01, 8.31488311290741e-01, 8.557676076889038e-01, 8.640972971916199e-01, 8.259984254837036e-01, 9.185413718223572e-01, 1.003358721733093e+00, 1.059644103050232e+00, 1.085590004920959e+00, 1.051454663276672e+00, 1.102774977684021e+00, 1.149582147598267e+00, 9.461506605148315e-01, 8.487867116928101e-01, 8.306841850280762e-01, 8.115448951721191e-01, 7.884834408760071e-01, 7.829516530036926e-01, 7.71811842918396e-01, 7.428200244903564e-01, 7.060829997062683e-01, 7.412655353546143e-01, 7.63606071472168e-01, 7.659558057785034e-01, 7.318439483642578e-01, 6.657679080963135e-01, 6.078383326530457e-01, 5.822058916091919e-01, 5.994275808334351e-01, 6.294150352478027e-01, 6.347256898880005e-01, 6.483157277107239e-01, 6.636072993278503e-01, 6.262340545654297e-01, 5.653521418571472e-01, 6.218857765197754e-01, 6.860172152519226e-01, 7.352123260498047e-01, 7.914611101150513e-01, 8.647779822349548e-01, 9.358136653900146e-01, 1.043761014938354e+00, 1.104895949363708e+00, 1.050234198570251e+00, 1.036113381385803e+00, 1.017579793930054e+00, 9.668364524841309e-01, 9.712828397750854e-01, 9.295769333839417e-01, 8.908982872962952e-01, 9.481359124183655e-01]
