last-generated=2020-05-07
statistics-initialization=
{
  "linear": "0",
  "nonlinear": "2",
  "numerical Jacobians": "0"
}
statistics-simulation=
{
  "linear": "0",
  "nonlinear": "1",
  "number of continuous time states": "3",
  "numerical Jacobians": "0"
}
time=[0e+00, 1e+04]
zone.propsBus[1].surfCon.T=[2.931499938964844e+02, 2.931499633789062e+02, 2.931499633789062e+02, 2.931499328613281e+02, 2.9314990234375e+02, 2.9314990234375e+02, 2.931498718261719e+02, 2.931498718261719e+02, 2.931498413085938e+02, 2.931498413085938e+02, 2.931498107910156e+02, 2.931498107910156e+02, 2.931498107910156e+02, 2.931497802734375e+02, 2.931497802734375e+02, 2.931497802734375e+02, 2.931497802734375e+02, 2.931497497558594e+02, 2.931497497558594e+02, 2.931497497558594e+02, 2.931497497558594e+02, 2.931497497558594e+02, 2.931497497558594e+02, 2.931497192382812e+02, 2.931497192382812e+02, 2.931497192382812e+02, 2.931497192382812e+02, 2.931497192382812e+02, 2.931497192382812e+02, 2.931497192382812e+02, 2.931497192382812e+02, 2.931497192382812e+02, 2.931497192382812e+02, 2.931497192382812e+02, 2.931497192382812e+02, 2.931496887207031e+02, 2.931496887207031e+02, 2.931496887207031e+02, 2.931496887207031e+02, 2.931496887207031e+02, 2.931496887207031e+02, 2.931496887207031e+02, 2.931496887207031e+02, 2.931496887207031e+02, 2.931496887207031e+02, 2.931496887207031e+02, 2.931496887207031e+02, 2.931496887207031e+02, 2.931496887207031e+02, 2.931496887207031e+02, 2.931496887207031e+02, 2.931496887207031e+02, 2.931496887207031e+02, 2.931496887207031e+02, 2.931496887207031e+02, 2.931496887207031e+02, 2.931496887207031e+02, 2.931496887207031e+02, 2.931496887207031e+02, 2.931496887207031e+02, 2.931496887207031e+02, 2.931496887207031e+02, 2.931496887207031e+02, 2.931496887207031e+02, 2.931496887207031e+02, 2.931496887207031e+02, 2.931496887207031e+02, 2.931496887207031e+02, 2.931496887207031e+02, 2.931496887207031e+02, 2.931496887207031e+02, 2.931496887207031e+02, 2.931496887207031e+02, 2.931496887207031e+02, 2.931496887207031e+02, 2.931496887207031e+02, 2.931496887207031e+02, 2.931496887207031e+02, 2.931496887207031e+02, 2.931496887207031e+02, 2.931496887207031e+02, 2.931496887207031e+02, 2.931496887207031e+02, 2.931496887207031e+02, 2.931496887207031e+02, 2.931496887207031e+02, 2.931496887207031e+02, 2.931496887207031e+02, 2.931496887207031e+02, 2.931496887207031e+02, 2.931496887207031e+02, 2.931496887207031e+02, 2.931496887207031e+02, 2.931496887207031e+02, 2.931496887207031e+02, 2.931496887207031e+02, 2.931496887207031e+02, 2.931496887207031e+02, 2.931496887207031e+02, 2.931496887207031e+02, 2.931496887207031e+02]
zone.propsBus[2].surfCon.T=[2.931499938964844e+02, 2.931499633789062e+02, 2.931499633789062e+02, 2.931499328613281e+02, 2.9314990234375e+02, 2.9314990234375e+02, 2.931498718261719e+02, 2.931498718261719e+02, 2.931498413085938e+02, 2.931498413085938e+02, 2.931498107910156e+02, 2.931498107910156e+02, 2.931498107910156e+02, 2.931497802734375e+02, 2.931497802734375e+02, 2.931497802734375e+02, 2.931497802734375e+02, 2.931497497558594e+02, 2.931497497558594e+02, 2.931497497558594e+02, 2.931497497558594e+02, 2.931497497558594e+02, 2.931497497558594e+02, 2.931497192382812e+02, 2.931497192382812e+02, 2.931497192382812e+02, 2.931497192382812e+02, 2.931497192382812e+02, 2.931497192382812e+02, 2.931497192382812e+02, 2.931497192382812e+02, 2.931497192382812e+02, 2.931497192382812e+02, 2.931497192382812e+02, 2.931497192382812e+02, 2.931496887207031e+02, 2.931496887207031e+02, 2.931496887207031e+02, 2.931496887207031e+02, 2.931496887207031e+02, 2.931496887207031e+02, 2.931496887207031e+02, 2.931496887207031e+02, 2.931496887207031e+02, 2.931496887207031e+02, 2.931496887207031e+02, 2.931496887207031e+02, 2.931496887207031e+02, 2.931496887207031e+02, 2.931496887207031e+02, 2.931496887207031e+02, 2.931496887207031e+02, 2.931496887207031e+02, 2.931496887207031e+02, 2.931496887207031e+02, 2.931496887207031e+02, 2.931496887207031e+02, 2.931496887207031e+02, 2.931496887207031e+02, 2.931496887207031e+02, 2.931496887207031e+02, 2.931496887207031e+02, 2.931496887207031e+02, 2.931496887207031e+02, 2.931496887207031e+02, 2.931496887207031e+02, 2.931496887207031e+02, 2.931496887207031e+02, 2.931496887207031e+02, 2.931496887207031e+02, 2.931496887207031e+02, 2.931496887207031e+02, 2.931496887207031e+02, 2.931496887207031e+02, 2.931496887207031e+02, 2.931496887207031e+02, 2.931496887207031e+02, 2.931496887207031e+02, 2.931496887207031e+02, 2.931496887207031e+02, 2.931496887207031e+02, 2.931496887207031e+02, 2.931496887207031e+02, 2.931496887207031e+02, 2.931496887207031e+02, 2.931496887207031e+02, 2.931496887207031e+02, 2.931496887207031e+02, 2.931496887207031e+02, 2.931496887207031e+02, 2.931496887207031e+02, 2.931496887207031e+02, 2.931496887207031e+02, 2.931496887207031e+02, 2.931496887207031e+02, 2.931496887207031e+02, 2.931496887207031e+02, 2.931496887207031e+02, 2.931496887207031e+02, 2.931496887207031e+02, 2.931496887207031e+02]
zone.gainRad.T=[2.931499938964844e+02, 2.931499938964844e+02]
zone.propsBus[1].surfRad.T=[2.931499938964844e+02, 2.931499938964844e+02]
zone.propsBus[2].surfRad.T=[2.931499938964844e+02, 2.931499938964844e+02]
zone.propsBus[1].iSolDir.T=[2.931499938964844e+02, 2.931499938964844e+02]
zone.propsBus[1].iSolDif.T=[2.931499938964844e+02, 2.931499938964844e+02]
zone.propsBus[2].surfRad.Q_flow=[1.353589202529593e-11, 1.353589202529593e-11]
zone.propsBus[1].surfRad.Q_flow=[-1.353589202529593e-11, -1.353589202529593e-11]
zone.propsBus[2].surfCon.Q_flow=[0e+00, 0e+00, 0e+00, 0e+00, 0e+00, 0e+00, 0e+00, 0e+00, 0e+00, 0e+00, 0e+00, 0e+00, 0e+00, 0e+00, 0e+00, 0e+00, 0e+00, 0e+00, 0e+00, 0e+00, 0e+00, 0e+00, 0e+00, 0e+00, 0e+00, 0e+00, 0e+00, 0e+00, 0e+00, 0e+00, 0e+00, 0e+00, 0e+00, 0e+00, 0e+00, 0e+00, 0e+00, 0e+00, 0e+00, 0e+00, 0e+00, 0e+00, 0e+00, 0e+00, 0e+00, 0e+00, 0e+00, 0e+00, 0e+00, 0e+00, 0e+00, 0e+00, 0e+00, 0e+00, 0e+00, 0e+00, 0e+00, 0e+00, 0e+00, 0e+00, 0e+00, 0e+00, 0e+00, 0e+00, 0e+00, 0e+00, 0e+00, 0e+00, 0e+00, 0e+00, 0e+00, 0e+00, 0e+00, 0e+00, 0e+00, 0e+00, 0e+00, 0e+00, 0e+00, 0e+00, 0e+00, 0e+00, 0e+00, 0e+00, 0e+00, 0e+00, 0e+00, 0e+00, 0e+00, 0e+00, 0e+00, 0e+00, 0e+00, 0e+00, 0e+00, 0e+00, 0e+00, 0e+00, 0e+00, 0e+00, 0e+00]
zone.propsBus[1].surfCon.Q_flow=[0e+00, 0e+00, 0e+00, 0e+00, 0e+00, 0e+00, 0e+00, 0e+00, 0e+00, 0e+00, 0e+00, 0e+00, 0e+00, 0e+00, 0e+00, 0e+00, 0e+00, 0e+00, 0e+00, 0e+00, 0e+00, 0e+00, 0e+00, 0e+00, 0e+00, 0e+00, 0e+00, 0e+00, 0e+00, 0e+00, 0e+00, 0e+00, 0e+00, 0e+00, 0e+00, 0e+00, 0e+00, 0e+00, 0e+00, 0e+00, 0e+00, 0e+00, 0e+00, 0e+00, 0e+00, 0e+00, 0e+00, 0e+00, 0e+00, 0e+00, 0e+00, 0e+00, 0e+00, 0e+00, 0e+00, 0e+00, 0e+00, 0e+00, 0e+00, 0e+00, 0e+00, 0e+00, 0e+00, 0e+00, 0e+00, 0e+00, 0e+00, 0e+00, 0e+00, 0e+00, 0e+00, 0e+00, 0e+00, 0e+00, 0e+00, 0e+00, 0e+00, 0e+00, 0e+00, 0e+00, 0e+00, 0e+00, 0e+00, 0e+00, 0e+00, 0e+00, 0e+00, 0e+00, 0e+00, 0e+00, 0e+00, 0e+00, 0e+00, 0e+00, 0e+00, 0e+00, 0e+00, 0e+00, 0e+00, 0e+00, 0e+00]
