last-generated=2019-08-31
statistics-initialization=
{
  "nonlinear": "0, 8, 8, 8, 8, 0, 1, 1, 1, 1, 1",
  "numerical Jacobians": "0"
}
statistics-simulation=
{
  "linear": "0, 0, 0, 0, 0, 0, 0, 0, 0, 0, 0, 0, 0, 0, 0, 0, 0, 5, 5, 0, 0, 0, 0, 0, 0, 0, 0,   0, 5, 5, 0, 0, 0, 0, 0, 0, 0, 0, 0, 0, 0, 0, 0, 0, 0, 5, 5, 0, 0, 0, 0, 0, 0,   5, 5, 0, 0, 0, 0, 0",
  "nonlinear": "1, 1, 1, 1, 1, 1, 1, 1",
  "number of continuous time states": "140",
  "numerical Jacobians": "0"
}
conPID3.y=[2.000000029802322e-01, 1e+00, 1e+00, 1e+00, 1e+00, 1.000000014901161e-01, 1.000000014901161e-01, 1.000000014901161e-01, 1.000000014901161e-01, 1.000000014901161e-01, 1.000000014901161e-01, 1e+00, 1e+00, 1.000000014901161e-01, 1.000000014901161e-01, 1.000000014901161e-01, 1.000000014901161e-01, 1.000000014901161e-01, 1.259406954050064e-01, 1e+00, 1e+00, 1e+00, 1e+00, 1.000000014901161e-01, 1.000000014901161e-01, 1.000000014901161e-01, 5.960740447044373e-01, 1e+00, 1e+00, 1e+00, 9.520036578178406e-01, 1.000000014901161e-01, 1.000000014901161e-01, 1.000000014901161e-01, 1.000000014901161e-01, 8.049116730690002e-01, 1e+00, 1e+00, 1e+00, 1e+00, 1.000000014901161e-01, 1.000000014901161e-01, 1.000000014901161e-01, 2.100482434034348e-01, 1e+00, 1e+00, 1e+00, 1e+00, 1.000000014901161e-01, 1.000000014901161e-01, 1.000000014901161e-01, 1.000000014901161e-01, 1.000000014901161e-01, 1e+00, 1e+00, 1e+00, 1.000000014901161e-01, 1.000000014901161e-01, 1.000000014901161e-01, 1.000000014901161e-01, 1.000000014901161e-01, 1.000000014901161e-01, 1e+00, 1e+00, 1e+00, 1e+00, 1.000000014901161e-01, 1.000000014901161e-01, 1.000000014901161e-01, 1.000000014901161e-01, 1e+00, 5.307780504226685e-01, 1e+00, 1.000000014901161e-01, 1.000000014901161e-01, 1.000000014901161e-01, 1.000000014901161e-01, 1.000000014901161e-01, 1.000000014901161e-01, 8.104768395423889e-01, 1e+00, 1e+00, 1e+00, 2.961038053035736e-01, 1.000000014901161e-01, 8.49417507648468e-01, 5.803597569465637e-01, 1e+00, 1e+00, 1e+00, 1e+00, 6.772331595420837e-01, 1e+00, 9.877522587776184e-01, 5.316416621208191e-01, 1e+00, 1e+00, 1e+00, 1e+00, 9.74091112613678e-01, 1e+00]
conPID1.y=[2.000000029802322e-01, 1e+00, 1e+00, 9.844366908073425e-01, 1e+00, 1.000000014901161e-01, 1.000000014901161e-01, 1.000000014901161e-01, 1.000000014901161e-01, 1.000000014901161e-01, 1.000000014901161e-01, 1.000000014901161e-01, 1.000000014901161e-01, 1.000000014901161e-01, 1.000000014901161e-01, 1.000000014901161e-01, 1.000000014901161e-01, 1.000000014901161e-01, 1.000000014901161e-01, 1e+00, 3.062401711940765e-01, 2.645951509475708e-01, 1e+00, 1.000000014901161e-01, 1e+00, 4.952968657016754e-01, 4.959373772144318e-01, 1e+00, 8.746147751808167e-01, 1e+00, 7.762424945831299e-01, 2.051831632852554e-01, 1e+00, 1.146365404129028e-01, 1e+00, 8.256016969680786e-01, 9.808148741722107e-01, 1e+00, 9.125433564186096e-01, 1e+00, 7.746129035949707e-01, 1.544340699911118e-01, 1e+00, 7.396643757820129e-01, 1e+00, 1e+00, 1e+00, 1e+00, 1.000000014901161e-01, 1.000000014901161e-01, 1.000000014901161e-01, 1.000000014901161e-01, 1.000000014901161e-01, 1.000000014901161e-01, 1e+00, 1e+00, 1.000000014901161e-01, 1.000000014901161e-01, 1.000000014901161e-01, 1.000000014901161e-01, 1.000000014901161e-01, 1.000000014901161e-01, 1e+00, 5.572414994239807e-01, 1e+00, 1e+00, 1.000000014901161e-01, 1.000000014901161e-01, 1.000000014901161e-01, 1.000000014901161e-01, 1.000000014901161e-01, 1.000000014901161e-01, 1.000000014901161e-01, 1.000000014901161e-01, 1.000000014901161e-01, 1.000000014901161e-01, 1.000000014901161e-01, 1.000000014901161e-01, 1.000000014901161e-01, 1.000000014901161e-01, 1.000000014901161e-01, 1.000000014901161e-01, 1.000000014901161e-01, 1.000000014901161e-01, 1.000000014901161e-01, 1.000000014901161e-01, 1.000000014901161e-01, 1e+00, 7.901959419250488e-01, 1e+00, 1e+00, 6.227036118507385e-01, 1e+00, 1e+00, 7.17491090297699e-01, 1e+00, 1e+00, 1e+00, 1e+00, 2.005703002214432e-01, 1e+00]
conPID4.y=[2.000000029802322e-01, 1e+00, 1e+00, 1e+00, 1e+00, 1.000000014901161e-01, 1.000000014901161e-01, 1.000000014901161e-01, 1.000000014901161e-01, 1.000000014901161e-01, 1.000000014901161e-01, 1e+00, 1e+00, 1.000000014901161e-01, 1.000000014901161e-01, 1.000000014901161e-01, 1.000000014901161e-01, 1.000000014901161e-01, 1.000000014901161e-01, 1e+00, 1e+00, 1e+00, 1e+00, 1.000000014901161e-01, 1.000000014901161e-01, 1.000000014901161e-01, 1.07552669942379e-01, 1e+00, 1e+00, 1e+00, 7.387079000473022e-01, 1.000000014901161e-01, 1.000000014901161e-01, 1.000000014901161e-01, 1.000000014901161e-01, 1.000000014901161e-01, 1e+00, 1e+00, 1e+00, 1e+00, 1.000000014901161e-01, 1.000000014901161e-01, 1.000000014901161e-01, 1.000000014901161e-01, 1e+00, 1e+00, 1e+00, 1e+00, 1.000000014901161e-01, 1.000000014901161e-01, 1.000000014901161e-01, 1.000000014901161e-01, 1.000000014901161e-01, 2.735767662525177e-01, 1e+00, 1e+00, 1.000000014901161e-01, 1.000000014901161e-01, 1.000000014901161e-01, 1.000000014901161e-01, 1.000000014901161e-01, 1.000000014901161e-01, 1e+00, 1e+00, 1e+00, 1e+00, 1.000000014901161e-01, 1.000000014901161e-01, 1.000000014901161e-01, 1.000000014901161e-01, 1.000000014901161e-01, 1.970599442720413e-01, 1e+00, 1.000000014901161e-01, 1.000000014901161e-01, 1.000000014901161e-01, 1.000000014901161e-01, 1.000000014901161e-01, 1.000000014901161e-01, 1.424616426229477e-01, 1e+00, 9.993637800216675e-01, 1e+00, 1.000000014901161e-01, 1.000000014901161e-01, 1.000000014901161e-01, 1.105754226446152e-01, 1e+00, 1e+00, 1e+00, 1e+00, 3.04638683795929e-01, 1.000000014901161e-01, 1.000000014901161e-01, 1.000000014901161e-01, 1e+00, 1e+00, 1e+00, 1e+00, 8.925154209136963e-01, 1e+00]
conPID2.y=[2.000000029802322e-01, 1e+00, 1e+00, 1e+00, 1e+00, 1.000000014901161e-01, 1.000000014901161e-01, 1.000000014901161e-01, 1.000000014901161e-01, 1.000000014901161e-01, 1.000000014901161e-01, 1.000000014901161e-01, 1.000000014901161e-01, 1.000000014901161e-01, 1.000000014901161e-01, 1.000000014901161e-01, 1.000000014901161e-01, 1.000000014901161e-01, 1.000000014901161e-01, 1.000000014901161e-01, 1.000000014901161e-01, 1.000000014901161e-01, 1.000000014901161e-01, 1.000000014901161e-01, 1.000000014901161e-01, 1.000000014901161e-01, 1.000000014901161e-01, 1.000000014901161e-01, 1.000000014901161e-01, 1e+00, 1.628932356834412e-01, 1.000000014901161e-01, 1.000000014901161e-01, 1.000000014901161e-01, 1.000000014901161e-01, 1.000000014901161e-01, 1.000000014901161e-01, 1e+00, 4.46624368429184e-01, 1e+00, 1.000000014901161e-01, 1.000000014901161e-01, 1.000000014901161e-01, 1.000000014901161e-01, 1e+00, 1e+00, 8.879721760749817e-01, 1e+00, 1.000000014901161e-01, 1.000000014901161e-01, 1.000000014901161e-01, 1.000000014901161e-01, 1.000000014901161e-01, 1.000000014901161e-01, 1.000000014901161e-01, 5.724167823791504e-01, 1.000000014901161e-01, 1.000000014901161e-01, 1.000000014901161e-01, 1.000000014901161e-01, 1.000000014901161e-01, 1.000000014901161e-01, 1.000000014901161e-01, 1.000000014901161e-01, 1.000000014901161e-01, 1.000000014901161e-01, 1.000000014901161e-01, 1.000000014901161e-01, 1.000000014901161e-01, 1.000000014901161e-01, 1.000000014901161e-01, 1.000000014901161e-01, 1.000000014901161e-01, 1.000000014901161e-01, 1.000000014901161e-01, 1.000000014901161e-01, 1.000000014901161e-01, 1.000000014901161e-01, 1.000000014901161e-01, 1.000000014901161e-01, 1.000000014901161e-01, 1.000000014901161e-01, 1.000000014901161e-01, 1.000000014901161e-01, 1.000000014901161e-01, 1.000000014901161e-01, 1.000000014901161e-01, 1.000000014901161e-01, 1.000000014901161e-01, 1.107154488563538e-01, 1e+00, 1.000000014901161e-01, 1e+00, 4.281002879142761e-01, 1.426209807395935e-01, 1e+00, 9.797964692115784e-01, 1e+00, 1e+00, 9.415611624717712e-01, 1e+00]
time=[1.2e+07, 1.3e+07]
adsolair58.THeaExp.y=[2.933804626464844e+02, 2.891509704589844e+02, 2.891510620117188e+02, 2.971834716796875e+02, 2.890995178222656e+02, 2.971638488769531e+02, 2.890945434570312e+02, 2.891907653808594e+02, 2.971390686035156e+02, 2.8915283203125e+02, 2.9713037109375e+02, 2.891856384277344e+02, 2.892129821777344e+02, 2.9716845703125e+02, 2.891535034179688e+02, 2.971553649902344e+02, 2.896513977050781e+02, 2.890740051269531e+02, 2.971318359375e+02, 2.891442565917969e+02, 2.971695556640625e+02, 2.926622619628906e+02, 2.893360290527344e+02, 2.971566772460938e+02, 2.891487426757812e+02, 2.969410400390625e+02, 2.913541564941406e+02, 2.891477355957031e+02, 2.971505126953125e+02, 2.891552124023438e+02, 2.972100524902344e+02, 2.971540222167969e+02, 2.892733459472656e+02, 2.971029052734375e+02, 2.892672119140625e+02, 2.972027587890625e+02, 2.971339721679688e+02, 2.891513671875e+02, 2.971763000488281e+02, 2.891506042480469e+02, 2.972520141601562e+02, 2.971463623046875e+02, 2.887244873046875e+02, 2.971193237304688e+02, 2.891377258300781e+02, 2.968998413085938e+02, 2.971674499511719e+02, 2.891728210449219e+02, 2.971799011230469e+02, 2.891497192382812e+02, 2.961656494140625e+02, 2.971211547851562e+02, 2.891465454101562e+02, 2.971283264160156e+02, 2.891443176269531e+02, 2.946351623535156e+02, 2.971721801757812e+02, 2.895582885742188e+02, 2.971708984375e+02, 2.893538208007812e+02, 2.891466674804688e+02, 2.971316223144531e+02, 2.891414794921875e+02, 2.971600036621094e+02, 2.896657104492188e+02, 2.895465087890625e+02, 2.972538146972656e+02, 2.892196350097656e+02, 2.970306396484375e+02, 2.891936950683594e+02, 2.891302795410156e+02, 2.971437683105469e+02, 2.891671142578125e+02, 2.974181518554688e+02, 2.891058959960938e+02, 2.891543273925781e+02, 2.971440734863281e+02, 2.891132507324219e+02, 2.965823059082031e+02, 2.888213500976562e+02, 2.891501159667969e+02, 2.971611328125e+02, 2.891512145996094e+02, 2.971254577636719e+02, 2.891521301269531e+02, 2.891821899414062e+02, 2.971336364746094e+02, 2.891366271972656e+02, 2.971536560058594e+02, 2.896285400390625e+02, 2.891551513671875e+02, 2.971766052246094e+02, 2.891550598144531e+02, 2.968516845703125e+02, 2.9714111328125e+02, 2.891378479003906e+02, 2.971336059570312e+02, 2.891456909179688e+02, 2.971732177734375e+02, 2.972024230957031e+02, 2.89158935546875e+02]
TSetPulse.y=[2.971499938964844e+02, 2.891499938964844e+02, 2.891499938964844e+02, 2.971499938964844e+02, 2.891499938964844e+02, 2.971499938964844e+02, 2.891499938964844e+02, 2.891499938964844e+02, 2.971499938964844e+02, 2.891499938964844e+02, 2.971499938964844e+02, 2.891499938964844e+02, 2.891499938964844e+02, 2.971499938964844e+02, 2.891499938964844e+02, 2.971499938964844e+02, 2.891499938964844e+02, 2.891499938964844e+02, 2.971499938964844e+02, 2.891499938964844e+02, 2.971499938964844e+02, 2.891499938964844e+02, 2.891499938964844e+02, 2.971499938964844e+02, 2.891499938964844e+02, 2.971499938964844e+02, 2.891499938964844e+02, 2.891499938964844e+02, 2.971499938964844e+02, 2.891499938964844e+02, 2.971499938964844e+02, 2.971499938964844e+02, 2.891499938964844e+02, 2.971499938964844e+02, 2.891499938964844e+02, 2.971499938964844e+02, 2.971499938964844e+02, 2.891499938964844e+02, 2.971499938964844e+02, 2.891499938964844e+02, 2.971499938964844e+02, 2.971499938964844e+02, 2.891499938964844e+02, 2.971499938964844e+02, 2.891499938964844e+02, 2.971499938964844e+02, 2.971499938964844e+02, 2.891499938964844e+02, 2.971499938964844e+02, 2.891499938964844e+02, 2.971499938964844e+02, 2.971499938964844e+02, 2.891499938964844e+02, 2.971499938964844e+02, 2.891499938964844e+02, 2.971499938964844e+02, 2.971499938964844e+02, 2.891499938964844e+02, 2.971499938964844e+02, 2.891499938964844e+02, 2.891499938964844e+02, 2.971499938964844e+02, 2.891499938964844e+02, 2.971499938964844e+02, 2.891499938964844e+02, 2.891499938964844e+02, 2.971499938964844e+02, 2.891499938964844e+02, 2.971499938964844e+02, 2.891499938964844e+02, 2.891499938964844e+02, 2.971499938964844e+02, 2.891499938964844e+02, 2.971499938964844e+02, 2.891499938964844e+02, 2.891499938964844e+02, 2.971499938964844e+02, 2.891499938964844e+02, 2.971499938964844e+02, 2.891499938964844e+02, 2.891499938964844e+02, 2.971499938964844e+02, 2.891499938964844e+02, 2.971499938964844e+02, 2.891499938964844e+02, 2.891499938964844e+02, 2.971499938964844e+02, 2.891499938964844e+02, 2.971499938964844e+02, 2.891499938964844e+02, 2.891499938964844e+02, 2.971499938964844e+02, 2.891499938964844e+02, 2.971499938964844e+02, 2.971499938964844e+02, 2.891499938964844e+02, 2.971499938964844e+02, 2.891499938964844e+02, 2.971499938964844e+02, 2.971499938964844e+02, 2.891499938964844e+02]
sim.Te=[2.878827209472656e+02, 2.876631164550781e+02, 2.878403625488281e+02, 2.890982971191406e+02, 2.938551940917969e+02, 2.972634887695312e+02, 2.988500061035156e+02, 2.993914184570312e+02, 2.971833190917969e+02, 2.938351745605469e+02, 2.90949951171875e+02, 2.901370544433594e+02, 2.912240600585938e+02, 2.934812316894531e+02, 2.950619201660156e+02, 2.956499938964844e+02, 2.947335510253906e+02, 2.929280090332031e+02, 2.895499877929688e+02, 2.874996948242188e+02, 2.873032836914062e+02, 2.891833190917969e+02, 2.910314331054688e+02, 2.921002197265625e+02, 2.9225e+02, 2.909833374023438e+02, 2.892000732421875e+02, 2.881796264648438e+02, 2.878408508300781e+02, 2.881795959472656e+02, 2.915475158691406e+02, 2.933944396972656e+02, 2.937166748046875e+02, 2.939500122070312e+02, 2.926807861328125e+02, 2.891277770996094e+02, 2.856129760742188e+02, 2.847657165527344e+02, 2.867408447265625e+02, 2.895499877929688e+02, 2.915390319824219e+02, 2.919953308105469e+02, 2.906499938964844e+02, 2.880484924316406e+02, 2.847117309570312e+02, 2.829371643066406e+02, 2.834650573730469e+02, 2.876611022949219e+02, 2.92044189453125e+02, 2.944971618652344e+02, 2.947574768066406e+02, 2.921499938964844e+02, 2.888166809082031e+02, 2.862611083984375e+02, 2.851990661621094e+02, 2.868772277832031e+02, 2.904166564941406e+02, 2.933055419921875e+02, 2.946685180664062e+02, 2.941232604980469e+02, 2.916499938964844e+02, 2.886304321289062e+02, 2.869989624023438e+02, 2.865601196289062e+02, 2.895055541992188e+02, 2.932232360839844e+02, 2.958477783203125e+02, 2.966829223632812e+02, 2.952557678222656e+02, 2.928500061035156e+02, 2.914738159179688e+02, 2.911499938964844e+02, 2.92185791015625e+02, 2.964944458007812e+02, 2.988221740722656e+02, 2.992380676269531e+02, 2.977732849121094e+02, 2.961366271972656e+02, 2.928500061035156e+02, 2.8946142578125e+02, 2.880219116210938e+02, 2.885833435058594e+02, 2.897915649414062e+02, 2.906277770996094e+02, 2.910166625976562e+02, 2.903351745605469e+02, 2.894797668457031e+02, 2.871499938964844e+02, 2.861236572265625e+02, 2.862899169921875e+02, 2.874833374023438e+02, 2.888037719726562e+02, 2.896277770996094e+02, 2.898833312988281e+02, 2.893166809082031e+02, 2.875281982421875e+02, 2.844500122070312e+02, 2.819485473632812e+02, 2.832760314941406e+02, 2.880166625976562e+02, 2.925007934570312e+02]
adsolair58.m_condens=[0e+00, 0e+00, 0e+00, 0e+00, 2.489232225343585e-03, 2.265902548970189e-05, 1.093670027330518e-03, 1.738590188324451e-03, 0e+00, 4.237061366438866e-03, 0e+00, 3.193865297362208e-03, 4.341274034231901e-03, 0e+00, 1.803254126571119e-03, 4.083036401425488e-06, 4.441168159246445e-03, 3.398562548682094e-03, 0e+00, 0e+00, 0e+00, 0e+00, 0e+00, 0e+00, 0e+00, 0e+00, 0e+00, 7.232697498693597e-07, 0e+00, 2.379266561547411e-09, 0e+00, 0e+00, 0e+00, 0e+00, 0e+00, 0e+00, 0e+00, 0e+00, 0e+00, 0e+00, 9.719691433929256e-07, 0e+00, 1.371103804558516e-03, 0e+00, 0e+00, 0e+00, 0e+00, 6.264356144924932e-09, 0e+00, 0e+00, 5.392111575019953e-07, 0e+00, 3.938889676646795e-06, 0e+00, 0e+00, 0e+00, 0e+00, 0e+00, 0e+00, 0e+00, 0e+00, 0e+00, 0e+00, 0e+00, 0e+00, 7.067747646942735e-04, 1.06415477318933e-07, 1.191311632283032e-03, 3.384389628990903e-06, 2.464660676196218e-03, 1.690708450041711e-03, 0e+00, 4.078157246112823e-03, 8.711416739970446e-06, 2.310058800503612e-03, 1.762711675837636e-03, 0e+00, 1.771770068444312e-03, 0e+00, 1.512529444880784e-03, 1.209609649777121e-06, 0e+00, 0e+00, 0e+00, 0e+00, 1.813489361666143e-03, 0e+00, 0e+00, 0e+00, 0e+00, 0e+00, 0e+00, 0e+00, 0e+00, 0e+00, 0e+00, 0e+00, 0e+00, 0e+00, 0e+00, 0e+00]
adsolair58.com.P=[0e+00, 0e+00, 0e+00, 0e+00, 1.773036376953125e+03, 0e+00, 1.127850708007812e+03, 1.509980834960938e+03, 0e+00, 2.751781005859375e+03, 0e+00, 1.989720458984375e+03, 2.703907958984375e+03, 0e+00, 1.435925415039062e+03, 0e+00, 2.832380126953125e+03, 2.268245849609375e+03, 0e+00, 0e+00, 0e+00, 0e+00, 0e+00, 0e+00, 0e+00, 0e+00, 0e+00, 0e+00, 0e+00, 0e+00, 0e+00, 0e+00, 0e+00, 0e+00, 0e+00, 0e+00, 0e+00, 0e+00, 0e+00, 0e+00, 0e+00, 0e+00, 1.087546997070312e+03, 0e+00, 0e+00, 0e+00, 0e+00, 0e+00, 0e+00, 0e+00, 0e+00, 0e+00, 0e+00, 0e+00, 0e+00, 0e+00, 0e+00, 0e+00, 0e+00, 0e+00, 0e+00, 0e+00, 0e+00, 0e+00, 0e+00, 0e+00, 0e+00, 1.122036743164062e+03, 0e+00, 1.725501220703125e+03, 1.282949096679688e+03, 0e+00, 2.53106005859375e+03, 0e+00, 1.843091674804688e+03, 1.528191284179688e+03, 0e+00, 1.45912890625e+03, 0e+00, 1.155060546875e+03, 0e+00, 0e+00, 0e+00, 0e+00, 0e+00, 1.316182373046875e+03, 0e+00, 0e+00, 0e+00, 0e+00, 0e+00, 0e+00, 0e+00, 0e+00, 0e+00, 0e+00, 0e+00, 0e+00, 0e+00, 0e+00, 0e+00]
hea.Q_flow=[7.45421484375e+04, 0e+00, 0e+00, 1.0308107421875e+04, -0e+00, 0e+00, 0e+00, 0e+00, 0e+00, 0e+00, 6.71875390625e+03, 0e+00, 0e+00, 5.34998486328125e+03, 0e+00, 3.910972412109375e+03, 0e+00, 0e+00, 7.604314453125e+03, 0e+00, 1.11171611328125e+04, 0e+00, 0e+00, 6.04309326171875e+03, 0e+00, 6.40940234375e+03, -0e+00, 0e+00, 1.0811271484375e+04, 0e+00, 7.42595361328125e+03, 5.394306640625e+03, -0e+00, 4.74236083984375e+03, 0e+00, 8.852056640625e+03, 1.2361853515625e+04, 0e+00, 1.19719755859375e+04, 0e+00, 1.8122318359375e+04, 5.884892578125e+03, 0e+00, 8.9780498046875e+03, 0e+00, 1.6505296875e+04, 1.56979150390625e+04, 0e+00, 6.16886572265625e+03, 0e+00, 4.22390771484375e+03, 5.47471923828125e+03, 0e+00, 1.0449423828125e+04, 0e+00, 3.468938232421875e+03, 7.23963818359375e+03, 0e+00, 7.03114013671875e+03, 0e+00, 0e+00, 8.05139111328125e+03, 0e+00, 1.17976064453125e+04, 0e+00, 0e+00, 3.525956298828125e+03, 0e+00, 4.847115234375e+03, 0e+00, 0e+00, 6.98994775390625e+03, 0e+00, 2.0039697265625e+03, 0e+00, 0e+00, 0e+00, 0e+00, 4.01993115234375e+03, 0e+00, 0e+00, 9.44658203125e+03, 0e+00, 6.971080078125e+03, -0e+00, -0e+00, 7.98114306640625e+03, 0e+00, 1.245334375e+04, 0e+00, 0e+00, 8.994220703125e+03, -0e+00, 7.79489404296875e+03, 8.46425390625e+03, 0e+00, 1.45792109375e+04, 0e+00, 1.6791330078125e+04, 1.041673828125e+04, 0e+00]
