last-generated=2024-10-24
statistics-simulation=
{
  "linear": " ",
  "nonlinear": "1",
  "number of continuous time states": "1",
  "numerical Jacobians": "0"
}
time=[0e+00, 1e+06]
walCap.T=[2.931499938964844e+02, 2.930484313964844e+02, 2.929498291015625e+02, 2.928537292480469e+02, 2.927679748535156e+02, 2.926961364746094e+02, 2.926293029785156e+02, 2.925618591308594e+02, 2.924957580566406e+02, 2.924267578125e+02, 2.923555297851562e+02, 2.922890625e+02, 2.922265930175781e+02, 2.921695556640625e+02, 2.921110229492188e+02, 2.92051025390625e+02, 2.919926452636719e+02, 2.919364013671875e+02, 2.918768310546875e+02, 2.918172302246094e+02, 2.917501831054688e+02, 2.91677978515625e+02, 2.916077270507812e+02, 2.915395202636719e+02, 2.914717712402344e+02, 2.914042663574219e+02, 2.913370056152344e+02, 2.912698974609375e+02, 2.912029724121094e+02, 2.911370544433594e+02, 2.910736694335938e+02, 2.910133056640625e+02, 2.909517517089844e+02, 2.908819885253906e+02, 2.908098754882812e+02, 2.907320861816406e+02, 2.906520690917969e+02, 2.905556335449219e+02, 2.904556274414062e+02, 2.903692626953125e+02, 2.902960205078125e+02, 2.902282409667969e+02, 2.901546936035156e+02, 2.900740051269531e+02, 2.899870910644531e+02, 2.898920593261719e+02, 2.897921447753906e+02, 2.896947326660156e+02, 2.896040649414062e+02, 2.89513916015625e+02, 2.894137573242188e+02, 2.893044128417969e+02, 2.891941528320312e+02, 2.890808410644531e+02, 2.889629516601562e+02, 2.888436889648438e+02, 2.88741943359375e+02, 2.886488342285156e+02, 2.885533142089844e+02, 2.884477844238281e+02, 2.883366394042969e+02, 2.882227478027344e+02, 2.881067810058594e+02, 2.879898681640625e+02, 2.878821105957031e+02, 2.8779345703125e+02, 2.877138366699219e+02, 2.876355285644531e+02, 2.875588989257812e+02, 2.874849548339844e+02, 2.87411376953125e+02, 2.87339111328125e+02, 2.872686157226562e+02, 2.872076110839844e+02, 2.871602783203125e+02, 2.871197814941406e+02, 2.8707666015625e+02, 2.870335693359375e+02, 2.869874267578125e+02, 2.869404907226562e+02, 2.868946228027344e+02, 2.868436889648438e+02, 2.868005981445312e+02, 2.86762939453125e+02, 2.867208557128906e+02, 2.866659851074219e+02, 2.866056518554688e+02, 2.865473327636719e+02, 2.864946594238281e+02, 2.864413452148438e+02, 2.863884887695312e+02, 2.863443298339844e+02, 2.86312744140625e+02, 2.862800903320312e+02, 2.862471008300781e+02, 2.862120056152344e+02, 2.861753540039062e+02, 2.861438293457031e+02, 2.861089172363281e+02, 2.860749206542969e+02, 2.860425109863281e+02]
