last-generated=2026-04-01
statistics-initialization=
{
  "nonlinear": "7, 7, 5, 5, 1, 1, 0, 0",
  "numerical Jacobians": "0"
}
statistics-simulation=
{
  "linear": "0, 0, 0, 0, 0, 0, 0, 0, 0, 0, 0, 0, 0, 0, 0, 4, 0, 0, 0, 0, 0, 0, 0, 0, 0, 0, 0,   0, 0, 0, 0, 0, 0, 0, 0, 4, 0, 0, 0, 0, 0, 0, 0, 0, 0, 0, 0",
  "nonlinear": "0, 0, 0, 0, 2, 1",
  "number of continuous time states": "115",
  "numerical Jacobians": "0"
}
time=[1e+07, 1.1e+07]
recZon.TSensor=[2.931499938964844e+02, 2.935778503417969e+02, 2.9379052734375e+02, 2.938763122558594e+02, 2.939138793945312e+02, 2.939598693847656e+02, 2.94240234375e+02, 2.944969482421875e+02, 2.94493408203125e+02, 2.944640808105469e+02, 2.94428955078125e+02, 2.943742370605469e+02, 2.943496704101562e+02, 2.943089599609375e+02, 2.94360595703125e+02, 2.945052490234375e+02, 2.945724792480469e+02, 2.946026306152344e+02, 2.945177307128906e+02, 2.94440185546875e+02, 2.943874206542969e+02, 2.94275390625e+02, 2.94303955078125e+02, 2.945500793457031e+02, 2.9471044921875e+02, 2.947288208007812e+02, 2.94658935546875e+02, 2.945787963867188e+02, 2.945212097167969e+02, 2.944558410644531e+02, 2.9438916015625e+02, 2.944554748535156e+02, 2.945168151855469e+02, 2.945960083007812e+02, 2.946575622558594e+02, 2.94598876953125e+02, 2.945050048828125e+02, 2.943930969238281e+02, 2.943314208984375e+02, 2.943184814453125e+02, 2.944741516113281e+02, 2.946212768554688e+02, 2.946607971191406e+02, 2.945785522460938e+02, 2.944685668945312e+02, 2.94378662109375e+02, 2.943259582519531e+02, 2.942540893554688e+02, 2.942991027832031e+02, 2.944644165039062e+02, 2.945938110351562e+02, 2.946439514160156e+02, 2.946183471679688e+02, 2.945052795410156e+02, 2.944101867675781e+02, 2.943428955078125e+02, 2.942816162109375e+02, 2.944527282714844e+02, 2.946766662597656e+02, 2.948018798828125e+02, 2.94833740234375e+02, 2.94723876953125e+02, 2.9463623046875e+02, 2.945601806640625e+02, 2.944779052734375e+02, 2.944741821289062e+02, 2.945939636230469e+02, 2.947295227050781e+02, 2.947580261230469e+02, 2.9472607421875e+02, 2.946090698242188e+02, 2.944996948242188e+02, 2.94390625e+02, 2.943395690917969e+02, 2.943945007324219e+02, 2.946250915527344e+02, 2.94760009765625e+02, 2.947911376953125e+02, 2.947596435546875e+02, 2.946058044433594e+02, 2.945100402832031e+02, 2.944219055175781e+02, 2.944342956542969e+02, 2.945441589355469e+02, 2.947401428222656e+02, 2.948627014160156e+02, 2.94920654296875e+02, 2.948793334960938e+02, 2.94720703125e+02, 2.946182250976562e+02, 2.945304260253906e+02, 2.9458544921875e+02, 2.947603149414062e+02, 2.950156860351562e+02, 2.952273864746094e+02, 2.953521118164062e+02, 2.95273681640625e+02, 2.948624267578125e+02, 2.947646484375e+02, 2.947081909179688e+02, 2.947882690429688e+02]
recZon1.TSensor=[2.931499938964844e+02, 2.936056518554688e+02, 2.938375244140625e+02, 2.939200439453125e+02, 2.939510803222656e+02, 2.939957275390625e+02, 2.9448095703125e+02, 2.948792114257812e+02, 2.947495727539062e+02, 2.945896911621094e+02, 2.945237731933594e+02, 2.944525756835938e+02, 2.944101257324219e+02, 2.94356689453125e+02, 2.944188842773438e+02, 2.946671447753906e+02, 2.948110046386719e+02, 2.947596740722656e+02, 2.946066284179688e+02, 2.945124816894531e+02, 2.944414672851562e+02, 2.943211364746094e+02, 2.943157958984375e+02, 2.946742553710938e+02, 2.953002624511719e+02, 2.951202087402344e+02, 2.94821044921875e+02, 2.9468310546875e+02, 2.945974426269531e+02, 2.945172424316406e+02, 2.944394226074219e+02, 2.944955749511719e+02, 2.945763854980469e+02, 2.946844482421875e+02, 2.947776794433594e+02, 2.946393432617188e+02, 2.945362548828125e+02, 2.944159545898438e+02, 2.943471069335938e+02, 2.943070983886719e+02, 2.945299072265625e+02, 2.949052429199219e+02, 2.951316833496094e+02, 2.947457580566406e+02, 2.945828247070312e+02, 2.944708251953125e+02, 2.943965759277344e+02, 2.943114013671875e+02, 2.943134460449219e+02, 2.946293334960938e+02, 2.95174072265625e+02, 2.95588623046875e+02, 2.950638427734375e+02, 2.946962585449219e+02, 2.945614318847656e+02, 2.944573059082031e+02, 2.943550720214844e+02, 2.945275573730469e+02, 2.951021423339844e+02, 2.959094848632812e+02, 2.960060424804688e+02, 2.954106140136719e+02, 2.948583068847656e+02, 2.947166442871094e+02, 2.946007995605469e+02, 2.945317993164062e+02, 2.947507934570312e+02, 2.954105224609375e+02, 2.961022644042969e+02, 2.957821655273438e+02, 2.950655822753906e+02, 2.946837463378906e+02, 2.945463562011719e+02, 2.94459228515625e+02, 2.944713439941406e+02, 2.949093322753906e+02, 2.957959899902344e+02, 2.958924255371094e+02, 2.95548828125e+02, 2.948868408203125e+02, 2.946761169433594e+02, 2.945565185546875e+02, 2.945001525878906e+02, 2.946383972167969e+02, 2.953069763183594e+02, 2.963823852539062e+02, 2.965715637207031e+02, 2.960534362792969e+02, 2.955039672851562e+02, 2.949704284667969e+02, 2.947235717773438e+02, 2.946838989257812e+02, 2.950390930175781e+02, 2.964334716796875e+02, 2.973225402832031e+02, 2.971822204589844e+02, 2.967276000976562e+02, 2.961509704589844e+02, 2.957111511230469e+02, 2.953222351074219e+02, 2.952130737304688e+02]
heaPum.con.T=[2.931499938964844e+02, 3.058480529785156e+02, 3.098248901367188e+02, 3.116701049804688e+02, 3.125587158203125e+02, 3.130625305175781e+02, 3.152727355957031e+02, 3.226273803710938e+02, 3.214884033203125e+02, 3.21019287109375e+02, 3.185690612792969e+02, 3.215012512207031e+02, 3.222039794921875e+02, 3.216685791015625e+02, 3.214923095703125e+02, 3.183853454589844e+02, 3.195971984863281e+02, 3.204396057128906e+02, 3.230868835449219e+02, 3.214959716796875e+02, 3.180570678710938e+02, 3.197529296875e+02, 3.193468017578125e+02, 3.229295959472656e+02, 3.1891748046875e+02, 3.21360595703125e+02, 3.188302917480469e+02, 3.195361938476562e+02, 3.197450866699219e+02, 3.222500610351562e+02, 3.202754821777344e+02, 3.227634887695312e+02, 3.218218078613281e+02, 3.215333557128906e+02, 3.189978942871094e+02, 3.196682434082031e+02, 3.233271179199219e+02, 3.20900390625e+02, 3.212309265136719e+02, 3.204310913085938e+02, 3.220729370117188e+02, 3.178025207519531e+02, 3.200593872070312e+02, 3.227146606445312e+02, 3.214081115722656e+02, 3.205642395019531e+02, 3.211703491210938e+02, 3.204467468261719e+02, 3.195631103515625e+02, 3.223819274902344e+02, 3.178633422851562e+02, 3.199543151855469e+02, 3.23334716796875e+02, 3.213834838867188e+02, 3.209016418457031e+02, 3.222829284667969e+02, 3.216134948730469e+02, 3.224224243164062e+02, 3.182264709472656e+02, 3.212431030273438e+02, 3.203475036621094e+02, 3.189740905761719e+02, 3.208516235351562e+02, 3.2275341796875e+02, 3.215540771484375e+02, 3.207972412109375e+02, 3.188334350585938e+02, 3.210590515136719e+02, 3.193662719726562e+02, 3.223979797363281e+02, 3.197176208496094e+02, 3.239533081054688e+02, 3.218861694335938e+02, 3.231894836425781e+02, 3.205715637207031e+02, 3.195847473144531e+02, 3.235087890625e+02, 3.207398071289062e+02, 3.194360961914062e+02, 3.236056213378906e+02, 3.21683837890625e+02, 3.208221435546875e+02, 3.233462524414062e+02, 3.229030456542969e+02, 3.188182983398438e+02, 3.248870239257812e+02, 3.216029663085938e+02, 3.211684265136719e+02, 3.197176818847656e+02, 3.234089050292969e+02, 3.215027160644531e+02, 3.175892944335938e+02, 3.202424011230469e+02, 3.198353881835938e+02, 3.19869384765625e+02, 3.199021606445312e+02, 3.199349060058594e+02, 3.197743835449219e+02, 3.185733642578125e+02, 3.21191650390625e+02, 3.196195678710938e+02]
senTemSup.T=[2.931499938964844e+02, 3.048571472167969e+02, 3.093840942382812e+02, 3.11455322265625e+02, 3.124498291015625e+02, 3.129769897460938e+02, 3.14656005859375e+02, 3.213778991699219e+02, 3.193874206542969e+02, 3.1890185546875e+02, 3.204304809570312e+02, 3.212379455566406e+02, 3.221642150878906e+02, 3.217863159179688e+02, 3.21380859375e+02, 3.19575439453125e+02, 3.204104919433594e+02, 3.217127990722656e+02, 3.222186584472656e+02, 3.209337158203125e+02, 3.201519470214844e+02, 3.197823791503906e+02, 3.19322998046875e+02, 3.219656066894531e+02, 3.192398681640625e+02, 3.220675048828125e+02, 3.193603210449219e+02, 3.205386962890625e+02, 3.228759765625e+02, 3.217108764648438e+02, 3.197056579589844e+02, 3.22346923828125e+02, 3.209861450195312e+02, 3.188453979492188e+02, 3.196068725585938e+02, 3.207564392089844e+02, 3.226922302246094e+02, 3.206107482910156e+02, 3.212676086425781e+02, 3.205137634277344e+02, 3.215268249511719e+02, 3.183662109375e+02, 3.204856567382812e+02, 3.2125830078125e+02, 3.204879150390625e+02, 3.186641235351562e+02, 3.210982360839844e+02, 3.206185302734375e+02, 3.195740661621094e+02, 3.216495666503906e+02, 3.183908386230469e+02, 3.204111328125e+02, 3.215687561035156e+02, 3.19047607421875e+02, 3.1860888671875e+02, 3.221401672363281e+02, 3.217880554199219e+02, 3.219791564941406e+02, 3.186153869628906e+02, 3.214478454589844e+02, 3.204907531738281e+02, 3.1924853515625e+02, 3.217042236328125e+02, 3.214883728027344e+02, 3.20597412109375e+02, 3.192999267578125e+02, 3.196902160644531e+02, 3.214026184082031e+02, 3.1960986328125e+02, 3.195326538085938e+02, 3.202247924804688e+02, 3.230101318359375e+02, 3.213870239257812e+02, 3.231394653320312e+02, 3.201929016113281e+02, 3.202281494140625e+02, 3.213848571777344e+02, 3.20946533203125e+02, 3.196676635742188e+02, 3.219652709960938e+02, 3.203376770019531e+02, 3.196990051269531e+02, 3.230188598632812e+02, 3.220025939941406e+02, 3.191062316894531e+02, 3.227156372070312e+02, 3.216649780273438e+02, 3.212633666992188e+02, 3.20013671875e+02, 3.216563110351562e+02, 3.19065673828125e+02, 3.18490234375e+02, 3.205292663574219e+02, 3.198527221679688e+02, 3.198514709472656e+02, 3.198514709472656e+02, 3.198514709472656e+02, 3.198703918457031e+02, 3.187939147949219e+02, 3.21600830078125e+02, 3.198266906738281e+02]
heaPum.QCon_flow=[0e+00, 6.573674926757812e+02, 6.476488037109375e+02, 6.431328125e+02, 6.4095166015625e+02, 6.397109375e+02, 6.34213134765625e+02, 6.15201904296875e+02, 6.183046875e+02, 6.195790405273438e+02, 0e+00, 6.1826904296875e+02, 6.163929443359375e+02, 6.178347778320312e+02, 6.182940063476562e+02, 0e+00, 0e+00, 0e+00, 6.139660034179688e+02, 6.182738037109375e+02, 0e+00, 6.228750610351562e+02, 6.239218139648438e+02, 6.143826904296875e+02, 0e+00, 0e+00, 0e+00, 0e+00, 0e+00, 6.162520141601562e+02, 6.215059814453125e+02, 6.148614501953125e+02, 6.173919067382812e+02, 6.182360229492188e+02, 0e+00, 0e+00, 6.133123779296875e+02, 6.198621826171875e+02, 6.189976806640625e+02, 6.211051635742188e+02, 6.1672265625e+02, 0e+00, 0e+00, 6.149723510742188e+02, 6.185044555664062e+02, 6.20824951171875e+02, 6.191551513671875e+02, 6.210696411132812e+02, 6.233637084960938e+02, 6.158828735351562e+02, 0e+00, 0e+00, 6.13260009765625e+02, 6.185994262695312e+02, 6.200508422851562e+02, 6.161776123046875e+02, 6.179835205078125e+02, 6.157813110351562e+02, 0e+00, 0e+00, 0e+00, 0e+00, 0e+00, 6.148666381835938e+02, 6.181134033203125e+02, 6.201442260742188e+02, 0e+00, 0e+00, 0e+00, 6.1584130859375e+02, 0e+00, 6.115645141601562e+02, 6.172332153320312e+02, 6.137110595703125e+02, 6.207191162109375e+02, 0e+00, 6.127715454101562e+02, 0e+00, 0e+00, 6.125149536132812e+02, 6.177650756835938e+02, 6.200709228515625e+02, 6.132669067382812e+02, 6.144595336914062e+02, 0e+00, 6.0888720703125e+02, 0e+00, 0e+00, 0e+00, 6.130557861328125e+02, 6.182793579101562e+02, 0e+00, 0e+00, 0e+00, 0e+00, 0e+00, 0e+00, 0e+00, 0e+00, 0e+00, 0e+00]
