last-generated=2019-12-02
statistics-initialization=
{
  "nonlinear": "8",
  "numerical Jacobians": "0"
}
statistics-simulation=
{
  "linear": "0, 0, 0, 0, 0, 0, 0, 0, 4, 4, 0, 0, 0, 0, 0, 0, 0",
  "nonlinear": "1",
  "number of continuous time states": "36",
  "numerical Jacobians": "0"
}
structure.TSensor[1]=[2.931499938964844e+02, 2.923514709472656e+02, 2.921655883789062e+02, 2.922212829589844e+02, 2.923507385253906e+02, 2.925054931640625e+02, 2.926709289550781e+02, 2.928367309570312e+02, 2.930013122558594e+02, 2.931690673828125e+02, 2.933232421875e+02, 2.934652404785156e+02, 2.935992431640625e+02, 2.937260437011719e+02, 2.938459167480469e+02, 2.93958984375e+02, 2.940652770996094e+02, 2.941651916503906e+02, 2.942597351074219e+02, 2.943498840332031e+02, 2.944366149902344e+02, 2.945202941894531e+02, 2.946005859375e+02, 2.946768798828125e+02, 2.947492370605469e+02, 2.948184204101562e+02, 2.948854064941406e+02, 2.94951171875e+02, 2.950162963867188e+02, 2.950826110839844e+02, 2.95155029296875e+02, 2.952041320800781e+02, 2.951908569335938e+02, 2.951249389648438e+02, 2.950103454589844e+02, 2.948802795410156e+02, 2.947365417480469e+02, 2.945911560058594e+02, 2.944514770507812e+02, 2.943193969726562e+02, 2.941931762695312e+02, 2.940687866210938e+02, 2.939546508789062e+02, 2.938509216308594e+02, 2.937522888183594e+02, 2.936540222167969e+02, 2.935540466308594e+02, 2.934530029296875e+02, 2.933514709472656e+02, 2.932495727539062e+02, 2.931483154296875e+02, 2.930858764648438e+02, 2.931278686523438e+02, 2.9323486328125e+02, 2.933707580566406e+02, 2.935190124511719e+02, 2.936794128417969e+02, 2.9382470703125e+02, 2.939593200683594e+02, 2.940862121582031e+02, 2.942058715820312e+02, 2.943191223144531e+02, 2.944268493652344e+02, 2.945297546386719e+02, 2.946278991699219e+02, 2.947208862304688e+02, 2.948082275390625e+02, 2.948903198242188e+02, 2.949677429199219e+02, 2.950407409667969e+02, 2.951094360351562e+02, 2.951709899902344e+02, 2.951484375e+02, 2.950308227539062e+02, 2.9486376953125e+02, 2.946703491210938e+02, 2.944658203125e+02, 2.942577514648438e+02, 2.940470581054688e+02, 2.938316345214844e+02, 2.936310729980469e+02, 2.934447326660156e+02, 2.932686157226562e+02, 2.931021728515625e+02, 2.930137023925781e+02, 2.930317687988281e+02, 2.931071166992188e+02, 2.932091064453125e+02, 2.933193054199219e+02, 2.93430908203125e+02, 2.9354150390625e+02, 2.93641845703125e+02, 2.937341613769531e+02, 2.938205871582031e+02, 2.939033203125e+02, 2.939832763671875e+02, 2.940604858398438e+02, 2.941341552734375e+02, 2.942026977539062e+02, 2.942649536132812e+02, 2.9432177734375e+02]
time=[0e+00, 1e+05]
heating.QHeaSys=[0e+00, 2e+03, 2e+03, 2e+03, 2e+03, 2e+03, 2e+03, 2e+03, 2e+03, 2e+03, 2e+03, 2e+03, 2e+03, 2e+03, 2e+03, 2e+03, 2e+03, 2e+03, 2e+03, 2e+03, 2e+03, 2e+03, 2e+03, 2e+03, 2e+03, 2e+03, 2e+03, 2e+03, 2e+03, 2e+03, 0e+00, 0e+00, 0e+00, 0e+00, 0e+00, 0e+00, 0e+00, 0e+00, 0e+00, 0e+00, 0e+00, 0e+00, 0e+00, 0e+00, 0e+00, 0e+00, 0e+00, 0e+00, 0e+00, 0e+00, 2e+03, 2e+03, 2e+03, 2e+03, 2e+03, 2e+03, 2e+03, 2e+03, 2e+03, 2e+03, 2e+03, 2e+03, 2e+03, 2e+03, 2e+03, 2e+03, 2e+03, 2e+03, 2e+03, 2e+03, 2e+03, 0e+00, 0e+00, 0e+00, 0e+00, 0e+00, 0e+00, 0e+00, 0e+00, 0e+00, 0e+00, 0e+00, 0e+00, 2e+03, 2e+03, 2e+03, 2e+03, 2e+03, 2e+03, 2e+03, 2e+03, 2e+03, 2e+03, 2e+03, 2e+03, 2e+03, 2e+03, 2e+03, 2e+03, 2e+03, 2e+03]
