last-generated=2020-11-19
statistics-initialization=
{
  "nonlinear": "7, 7, 7, 7",
  "numerical Jacobians": "0"
}
statistics-simulation=
{
  "linear": "0, 0, 0, 0, 0, 4, 0, 0, 0, 0, 0, 0, 0, 0, 0, 0, 0, 0, 0, 4, 0, 0, 0, 0, 0, 0, 0,   0, 0, 0, 0, 0, 0, 4, 0, 0, 0, 0, 0, 0, 0, 0, 0, 0, 0, 0, 0, 4, 0, 0, 0, 0, 0,   0, 0, 0",
  "nonlinear": "1",
  "number of continuous time states": "126",
  "numerical Jacobians": "0"
}
time=[0e+00, 1e+06]
zoneAirTight.TSensor=[2.931499938964844e+02, 2.920648803710938e+02, 2.915102844238281e+02, 2.910084838867188e+02, 2.911456604003906e+02, 2.909844970703125e+02, 2.904360656738281e+02, 2.899650573730469e+02, 2.894811706542969e+02, 2.889505920410156e+02, 2.884054870605469e+02, 2.878775329589844e+02, 2.875813598632812e+02, 2.874085998535156e+02, 2.870025329589844e+02, 2.864725646972656e+02, 2.860016784667969e+02, 2.855077819824219e+02, 2.850576171875e+02, 2.846339111328125e+02, 2.8424658203125e+02, 2.843116455078125e+02, 2.842360534667969e+02, 2.839533386230469e+02, 2.836546325683594e+02, 2.833474426269531e+02, 2.830379333496094e+02, 2.826822204589844e+02, 2.823369445800781e+02, 2.820890197753906e+02, 2.826796875e+02, 2.826728820800781e+02, 2.82189697265625e+02, 2.817892150878906e+02, 2.813629760742188e+02, 2.809236755371094e+02, 2.804631042480469e+02, 2.800228576660156e+02, 2.817828674316406e+02, 2.863120422363281e+02, 2.868161010742188e+02, 2.854151611328125e+02, 2.847599487304688e+02, 2.841446228027344e+02, 2.835568542480469e+02, 2.830133972167969e+02, 2.825097351074219e+02, 2.82263671875e+02, 2.831937561035156e+02, 2.8277587890625e+02, 2.821670837402344e+02, 2.817023010253906e+02, 2.81276611328125e+02, 2.808601989746094e+02, 2.804826049804688e+02, 2.802540283203125e+02, 2.805588989257812e+02, 2.805369873046875e+02, 2.80125732421875e+02, 2.798246459960938e+02, 2.795244140625e+02, 2.791747741699219e+02, 2.788090515136719e+02, 2.784222106933594e+02, 2.785906066894531e+02, 2.786423034667969e+02, 2.784410400390625e+02, 2.780456848144531e+02, 2.777111206054688e+02, 2.773882141113281e+02, 2.770477905273438e+02, 2.767333068847656e+02, 2.764318237304688e+02, 2.766248474121094e+02, 2.767180786132812e+02, 2.764044189453125e+02, 2.761656188964844e+02, 2.759325866699219e+02, 2.757073974609375e+02, 2.754923400878906e+02, 2.752903137207031e+02, 2.752566223144531e+02, 2.756249084472656e+02, 2.757110290527344e+02, 2.754921875e+02, 2.753773803710938e+02, 2.752487182617188e+02, 2.751111755371094e+02, 2.749825439453125e+02, 2.748634643554688e+02, 2.763416442871094e+02, 2.778087463378906e+02, 2.775720825195312e+02, 2.772650756835938e+02, 2.770311584472656e+02, 2.767501831054688e+02, 2.762656555175781e+02, 2.757501220703125e+02, 2.75268310546875e+02, 2.768539733886719e+02, 2.762209167480469e+02]
zoneFixedPressure.TSensor=[2.931499938964844e+02, 2.920648803710938e+02, 2.915102844238281e+02, 2.910084838867188e+02, 2.911456604003906e+02, 2.909844970703125e+02, 2.904360656738281e+02, 2.899650573730469e+02, 2.894811706542969e+02, 2.889505920410156e+02, 2.884054870605469e+02, 2.878775329589844e+02, 2.875813598632812e+02, 2.874085998535156e+02, 2.870025329589844e+02, 2.864725646972656e+02, 2.860016784667969e+02, 2.855077819824219e+02, 2.850576171875e+02, 2.846339111328125e+02, 2.8424658203125e+02, 2.843116455078125e+02, 2.842360534667969e+02, 2.839533386230469e+02, 2.836546325683594e+02, 2.833474426269531e+02, 2.830379333496094e+02, 2.826822204589844e+02, 2.823369445800781e+02, 2.820890197753906e+02, 2.826796875e+02, 2.826728820800781e+02, 2.82189697265625e+02, 2.817892150878906e+02, 2.813629760742188e+02, 2.809236755371094e+02, 2.804631042480469e+02, 2.800228576660156e+02, 2.817828674316406e+02, 2.863120422363281e+02, 2.868161010742188e+02, 2.854151611328125e+02, 2.847599487304688e+02, 2.841446228027344e+02, 2.835568542480469e+02, 2.830133972167969e+02, 2.825097351074219e+02, 2.82263671875e+02, 2.831937561035156e+02, 2.8277587890625e+02, 2.821670837402344e+02, 2.817023010253906e+02, 2.81276611328125e+02, 2.808601989746094e+02, 2.804826049804688e+02, 2.802540283203125e+02, 2.805588989257812e+02, 2.805369873046875e+02, 2.80125732421875e+02, 2.798246459960938e+02, 2.795244140625e+02, 2.791747741699219e+02, 2.788090515136719e+02, 2.784222106933594e+02, 2.785906066894531e+02, 2.786423034667969e+02, 2.784410400390625e+02, 2.780456848144531e+02, 2.777111206054688e+02, 2.773882141113281e+02, 2.770477905273438e+02, 2.767333068847656e+02, 2.764318237304688e+02, 2.766248474121094e+02, 2.767180786132812e+02, 2.764044189453125e+02, 2.761656188964844e+02, 2.759325866699219e+02, 2.757073974609375e+02, 2.754923400878906e+02, 2.752903137207031e+02, 2.752566223144531e+02, 2.756249084472656e+02, 2.757110290527344e+02, 2.754921875e+02, 2.753773803710938e+02, 2.752487182617188e+02, 2.751111755371094e+02, 2.749825439453125e+02, 2.748634643554688e+02, 2.763416442871094e+02, 2.778087463378906e+02, 2.775720825195312e+02, 2.772650756835938e+02, 2.770311584472656e+02, 2.767501831054688e+02, 2.762656555175781e+02, 2.757501220703125e+02, 2.75268310546875e+02, 2.768539733886719e+02, 2.762209167480469e+02]
zoneFixedPressureN50.TSensor=[2.931499938964844e+02, 2.916813354492188e+02, 2.910495300292969e+02, 2.904869995117188e+02, 2.905694885253906e+02, 2.903896179199219e+02, 2.898222351074219e+02, 2.893015441894531e+02, 2.887671203613281e+02, 2.881780395507812e+02, 2.8758203125e+02, 2.870113525390625e+02, 2.866660461425781e+02, 2.864713439941406e+02, 2.860625915527344e+02, 2.855200805664062e+02, 2.850278015136719e+02, 2.844998474121094e+02, 2.840575561523438e+02, 2.836352233886719e+02, 2.832569580078125e+02, 2.833297729492188e+02, 2.833038940429688e+02, 2.830540466308594e+02, 2.827677917480469e+02, 2.82462890625e+02, 2.821542358398438e+02, 2.817824096679688e+02, 2.814310302734375e+02, 2.811791381835938e+02, 2.817760925292969e+02, 2.818016662597656e+02, 2.813394470214844e+02, 2.809218139648438e+02, 2.804740905761719e+02, 2.800125732421875e+02, 2.795369567871094e+02, 2.790885009765625e+02, 2.8080126953125e+02, 2.853618774414062e+02, 2.858016052246094e+02, 2.843704223632812e+02, 2.836651306152344e+02, 2.830339965820312e+02, 2.824247741699219e+02, 2.818680419921875e+02, 2.813570556640625e+02, 2.811146850585938e+02, 2.82007568359375e+02, 2.816254272460938e+02, 2.810513610839844e+02, 2.805900573730469e+02, 2.801651306152344e+02, 2.797619018554688e+02, 2.794010314941406e+02, 2.791866455078125e+02, 2.795369567871094e+02, 2.795683898925781e+02, 2.791904602050781e+02, 2.788923645019531e+02, 2.78597412109375e+02, 2.782368774414062e+02, 2.7786669921875e+02, 2.774779663085938e+02, 2.776351623535156e+02, 2.777301330566406e+02, 2.775524597167969e+02, 2.771735534667969e+02, 2.768351135253906e+02, 2.765032043457031e+02, 2.761656188964844e+02, 2.758573303222656e+02, 2.755670776367188e+02, 2.757858276367188e+02, 2.759224853515625e+02, 2.756348876953125e+02, 2.754165649414062e+02, 2.75196533203125e+02, 2.749905700683594e+02, 2.747939147949219e+02, 2.746104125976562e+02, 2.745911254882812e+02, 2.750356140136719e+02, 2.751853637695312e+02, 2.749670104980469e+02, 2.748713989257812e+02, 2.747615356445312e+02, 2.746347045898438e+02, 2.745208740234375e+02, 2.74421142578125e+02, 2.759522399902344e+02, 2.775177612304688e+02, 2.772806701660156e+02, 2.769349060058594e+02, 2.766546020507812e+02, 2.763192443847656e+02, 2.757266540527344e+02, 2.751336364746094e+02, 2.745867919921875e+02, 2.760146484375e+02, 2.753679504394531e+02]
zoneAirTightN50.TSensor=[2.931499938964844e+02, 2.916813354492188e+02, 2.910495300292969e+02, 2.904869995117188e+02, 2.905694885253906e+02, 2.903896179199219e+02, 2.898222351074219e+02, 2.893015441894531e+02, 2.887671203613281e+02, 2.881780395507812e+02, 2.8758203125e+02, 2.870113525390625e+02, 2.866660461425781e+02, 2.864713439941406e+02, 2.860625915527344e+02, 2.855200805664062e+02, 2.850278015136719e+02, 2.844998474121094e+02, 2.840575561523438e+02, 2.836352233886719e+02, 2.832569580078125e+02, 2.833297729492188e+02, 2.833038940429688e+02, 2.830540466308594e+02, 2.827677917480469e+02, 2.82462890625e+02, 2.821542358398438e+02, 2.817824096679688e+02, 2.814310302734375e+02, 2.811791381835938e+02, 2.817760925292969e+02, 2.818016662597656e+02, 2.813394470214844e+02, 2.809218139648438e+02, 2.804740905761719e+02, 2.800125732421875e+02, 2.795369567871094e+02, 2.790885009765625e+02, 2.8080126953125e+02, 2.853618774414062e+02, 2.858016052246094e+02, 2.843704223632812e+02, 2.836651306152344e+02, 2.830339965820312e+02, 2.824247741699219e+02, 2.818680419921875e+02, 2.813570556640625e+02, 2.811146850585938e+02, 2.82007568359375e+02, 2.816254272460938e+02, 2.810513610839844e+02, 2.805900573730469e+02, 2.801651306152344e+02, 2.797619018554688e+02, 2.794010314941406e+02, 2.791866455078125e+02, 2.795369567871094e+02, 2.795683898925781e+02, 2.791904602050781e+02, 2.788923645019531e+02, 2.78597412109375e+02, 2.782368774414062e+02, 2.7786669921875e+02, 2.774779663085938e+02, 2.776351623535156e+02, 2.777301330566406e+02, 2.775524597167969e+02, 2.771735534667969e+02, 2.768351135253906e+02, 2.765032043457031e+02, 2.761656188964844e+02, 2.758573303222656e+02, 2.755670776367188e+02, 2.757858276367188e+02, 2.759224853515625e+02, 2.756348876953125e+02, 2.754165649414062e+02, 2.75196533203125e+02, 2.749905700683594e+02, 2.747939147949219e+02, 2.746104125976562e+02, 2.745911254882812e+02, 2.750356140136719e+02, 2.751853637695312e+02, 2.749670104980469e+02, 2.748713989257812e+02, 2.747615356445312e+02, 2.746347045898438e+02, 2.745208740234375e+02, 2.74421142578125e+02, 2.759522399902344e+02, 2.775177612304688e+02, 2.772806701660156e+02, 2.769349060058594e+02, 2.766546020507812e+02, 2.763192443847656e+02, 2.757266540527344e+02, 2.751336364746094e+02, 2.745867919921875e+02, 2.760146484375e+02, 2.753679504394531e+02]
