last-generated=2024-09-13
statistics-initialization=
{
  "nonlinear": "0, 0, 7, 0, 0, 0, 0, 0, 1, 0, 1, 1, 1",
  "numerical Jacobians": "0"
}
statistics-simulation=
{
  "linear": "24",
  "nonlinear": "0, 0, 8, 0, 1, 0, 1, 1, 1",
  "number of continuous time states": "74",
  "numerical Jacobians": "0"
}
time=[0e+00, 1e+03]
pmpNorth.m_flow=[0e+00, 3.935707569122314e+00, 5.780123710632324e+00, 5.809260845184326e+00, 5.690248966217041e+00, 5.605251789093018e+00, 5.558036804199219e+00, 5.541198253631592e+00, 5.548248767852783e+00, 5.572614192962646e+00, 5.60725212097168e+00, 5.646574020385742e+00, 5.68195629119873e+00, 5.721659183502197e+00, 5.762376308441162e+00, 5.800239086151123e+00, 5.834192276000977e+00, 5.864240169525146e+00, 5.890649795532227e+00, 5.913702487945557e+00, 5.933667182922363e+00, 5.950788497924805e+00, 5.965279102325439e+00, 5.977312564849854e+00, 5.987006187438965e+00, 5.994470596313477e+00, 5.999791622161865e+00, 6.390218257904053e+00, 6.807060718536377e+00, 6.980985641479492e+00, 7.000589847564697e+00, 6.958016872406006e+00, 6.904678344726562e+00, 6.85788631439209e+00, 6.819098949432373e+00, 6.785049915313721e+00, 6.752820014953613e+00, 6.719401359558105e+00, 6.682451248168945e+00, 6.642799854278564e+00, 6.600092887878418e+00, 6.552661895751953e+00, 6.499347686767578e+00, 6.439425468444824e+00, 6.372344017028809e+00, 6.297487258911133e+00, 6.214098453521729e+00, 6.121405601501465e+00, 6.018575191497803e+00, 5.90472412109375e+00, 5.778931617736816e+00, 4.472222805023193e+00, 1.755297064781189e+00, 5.3904128074646e-01, 1.095058470964432e-01, 2.235828712582588e-02, 1.433134824037552e-02, 1.325700245797634e-02, 1.233319472521544e-02, 1.133117917925119e-02, 1.023885887116194e-02, 9.090501815080643e-03, 7.915188558399677e-03, 6.742869038134813e-03, 5.604950245469809e-03, 4.532681312412024e-03, 3.555640112608671e-03, 2.69608898088336e-03, 1.968060154467821e-03, 1.376372645609081e-03, 9.167891694232821e-04, 5.772406584583223e-04, 3.403616137802601e-04, 1.856168964877725e-04, 9.225191752193496e-05, 4.133555557928048e-05, 1.701845576462802e-05, 7.16197337169433e-06, 3.757363174372585e-06, 3.105569021499832e-06, 3.586750835893326e-06, 4.024707322969334e-06, 3.557569925760617e-06, 2.520245516279829e-06, 1.554455593577586e-06, 8.792816288405447e-07, 4.560622812732618e-07, 2.273276891173737e-07, 1.05945360928672e-07, 4.605677261793062e-08, 2.103519847196367e-08, 1.026239715429256e-08, 4.865090996730714e-09, 2.176438140821801e-09, 1.061060128648705e-09, 7.044616001650184e-10, 6.664046536819512e-10, 7.009685609737915e-10, 6.420595166645171e-10, 6.099174498785942e-10, 6.078891834349065e-10]
pmpSouth.m_flow=[0e+00, 3.541483640670776e+00, 5.228498458862305e+00, 5.277653694152832e+00, 5.183781147003174e+00, 5.115005970001221e+00, 5.076906204223633e+00, 5.063878059387207e+00, 5.070731163024902e+00, 5.092066287994385e+00, 5.122040748596191e+00, 5.155413150787354e+00, 5.186307430267334e+00, 5.221044063568115e+00, 5.25636625289917e+00, 5.289225578308105e+00, 5.318795204162598e+00, 5.345073223114014e+00, 5.368266582489014e+00, 5.388593673706055e+00, 5.406264781951904e+00, 5.421471118927002e+00, 5.434379100799561e+00, 5.44512414932251e+00, 5.453797817230225e+00, 5.460488796234131e+00, 5.465263843536377e+00, 5.777576446533203e+00, 6.10559606552124e+00, 6.243696689605713e+00, 6.263339996337891e+00, 6.234051704406738e+00, 6.194808959960938e+00, 6.159223556518555e+00, 6.128802299499512e+00, 6.101316452026367e+00, 6.074681282043457e+00, 6.04368782043457e+00, 6.012726783752441e+00, 5.980929851531982e+00, 5.945607662200928e+00, 5.905802249908447e+00, 5.860975742340088e+00, 5.810734272003174e+00, 5.754707813262939e+00, 5.692436695098877e+00, 5.623340129852295e+00, 5.546817779541016e+00, 5.462209701538086e+00, 5.368796825408936e+00, 5.265804290771484e+00, 4.085397243499756e+00, 1.604473114013672e+00, 4.962460398674011e-01, 9.691473841667175e-02, 1.890702173113823e-02, 1.212592795491219e-02, 1.138632092624903e-02, 1.070638652890921e-02, 9.926682338118553e-03, 9.053584188222885e-03, 8.120139129459858e-03, 7.149638142436743e-03, 6.164555437862873e-03, 5.189414136111736e-03, 4.250690340995789e-03, 3.376150270923972e-03, 2.589763840660453e-03, 1.909947604872286e-03, 1.347354962490499e-03, 9.037050767801702e-04, 5.719912005588412e-04, 3.385212039574981e-04, 1.850665430538356e-04, 9.211552242049947e-05, 4.13081215810962e-05, 1.701380278973375e-05, 7.059692961774999e-06, 3.443802597757895e-06, 2.667652779564378e-06, 2.685047775230487e-06, 2.495948820069316e-06, 1.962658643606119e-06, 1.340509470537654e-06, 8.185029969354218e-07, 4.606572190368752e-07, 2.377607302150864e-07, 1.178094990450518e-07, 5.45037366350698e-08, 2.348929228901397e-08, 1.062362109394144e-08, 5.128675262255911e-09, 2.405210919320666e-09, 1.06460851245771e-09, 5.138282577199504e-10, 3.38030353708163e-10, 3.171931328704858e-10, 3.313377905378445e-10, 3.017356642320834e-10, 2.852723335333707e-10, 2.832422352216923e-10]
