last-generated=2025-06-23
statistics-initialization=
{
  "nonlinear": "7, 7",
  "numerical Jacobians": "0"
}
statistics-simulation=
{
  "linear": "0, 0, 0, 0, 0, 0, 4, 0, 0, 0, 0, 0, 0, 0, 0, 0, 0, 0, 0, 0, 0, 0, 4, 0, 0, 0, 0,   0, 0, 0, 0, 0, 0, 0, 0",
  "nonlinear": "1",
  "number of continuous time states": "84",
  "numerical Jacobians": "0"
}
time=[0e+00, 8.64e+05]
sim.Te=[2.8025e+02, 2.797803955078125e+02, 2.7975e+02, 2.7975e+02, 2.798004150390625e+02, 2.801499938964844e+02, 2.804397277832031e+02, 2.804591979980469e+02, 2.797922668457031e+02, 2.786630859375e+02, 2.779500122070312e+02, 2.778492126464844e+02, 2.775894775390625e+02, 2.778386535644531e+02, 2.779209899902344e+02, 2.789500122070312e+02, 2.791524047851562e+02, 2.784140014648438e+02, 2.78101318359375e+02, 2.77989990234375e+02, 2.7775e+02, 2.774715881347656e+02, 2.772783203125e+02, 2.76989990234375e+02, 2.770260009765625e+02, 2.7775e+02, 2.7823095703125e+02, 2.779884033203125e+02, 2.780228576660156e+02, 2.761850280761719e+02, 2.758500061035156e+02, 2.756795959472656e+02, 2.755182800292969e+02, 2.760899963378906e+02, 2.765556030273438e+02, 2.7725e+02, 2.765700073242188e+02, 2.759100036621094e+02, 2.7585986328125e+02, 2.763945617675781e+02, 2.768500061035156e+02, 2.76952392578125e+02, 2.77906005859375e+02, 2.784035949707031e+02, 2.788244018554688e+02, 2.788500061035156e+02, 2.787099914550781e+02, 2.78307861328125e+02, 2.777099914550781e+02, 2.772300109863281e+02, 2.7675e+02, 2.76179931640625e+02, 2.762193298339844e+02, 2.765700073242188e+02, 2.769067993164062e+02, 2.7775e+02, 2.779682006835938e+02, 2.777796020507812e+02, 2.775299987792969e+02, 2.775132141113281e+02, 2.775499877929688e+02, 2.776579895019531e+02, 2.753699951171875e+02, 2.77444580078125e+02, 2.784757690429688e+02, 2.794500122070312e+02, 2.801452026367188e+02, 2.806076049804688e+02, 2.809179992675781e+02, 2.810347900390625e+02, 2.816499938964844e+02, 2.816816711425781e+02, 2.796952819824219e+02, 2.786099853515625e+02, 2.788119506835938e+02, 2.801499938964844e+02, 2.805917053222656e+02, 2.79510009765625e+02, 2.789917602539062e+02, 2.783042297363281e+02, 2.779500122070312e+02, 2.767316284179688e+02, 2.769445190429688e+02, 2.764541625976562e+02, 2.766700134277344e+02, 2.773500061035156e+02, 2.789176025390625e+02, 2.789500122070312e+02, 2.776750793457031e+02, 2.769299926757812e+02, 2.766499938964844e+02, 2.762900085449219e+02, 2.756300048828125e+02, 2.75489990234375e+02, 2.759856262207031e+02, 2.7675e+02, 2.775311279296875e+02, 2.771340026855469e+02, 2.763692016601562e+02, 2.756700134277344e+02, 2.7525e+02]
sim.Tground=[2.831499938964844e+02, 2.831499938964844e+02]
zonSlaOnGro.TSensor=[2.931499938964844e+02, 2.918592834472656e+02, 2.912676696777344e+02, 2.907664184570312e+02, 2.90431396484375e+02, 2.902165222167969e+02, 2.898439636230469e+02, 2.894620361328125e+02, 2.889959716796875e+02, 2.884757995605469e+02, 2.879817810058594e+02, 2.87501220703125e+02, 2.870531921386719e+02, 2.86620849609375e+02, 2.867945556640625e+02, 2.893707275390625e+02, 2.913005676269531e+02, 2.902525939941406e+02, 2.892224426269531e+02, 2.886437377929688e+02, 2.881345520019531e+02, 2.876513671875e+02, 2.871800231933594e+02, 2.866978759765625e+02, 2.865503234863281e+02, 2.883472900390625e+02, 2.894100341796875e+02, 2.884577941894531e+02, 2.877005310058594e+02, 2.871513671875e+02, 2.866050415039062e+02, 2.86128173828125e+02, 2.85682373046875e+02, 2.852911987304688e+02, 2.850888366699219e+02, 2.863397827148438e+02, 2.870172119140625e+02, 2.859671325683594e+02, 2.853553466796875e+02, 2.849547119140625e+02, 2.846299743652344e+02, 2.843353881835938e+02, 2.840931701660156e+02, 2.838814697265625e+02, 2.838922424316406e+02, 2.843708801269531e+02, 2.847196960449219e+02, 2.842015380859375e+02, 2.838226623535156e+02, 2.835125732421875e+02, 2.832170104980469e+02, 2.828933715820312e+02, 2.82610107421875e+02, 2.823659057617188e+02, 2.824152221679688e+02, 2.834984436035156e+02, 2.841881408691406e+02, 2.835528259277344e+02, 2.831201782226562e+02, 2.828648376464844e+02, 2.826360473632812e+02, 2.824242858886719e+02, 2.821071166992188e+02, 2.818887023925781e+02, 2.818635559082031e+02, 2.819911193847656e+02, 2.820645141601562e+02, 2.819931640625e+02, 2.819488220214844e+02, 2.8189599609375e+02, 2.819031677246094e+02, 2.819198303222656e+02, 2.817492370605469e+02, 2.815172424316406e+02, 2.819723815917969e+02, 2.84252685546875e+02, 2.858988037109375e+02, 2.851820068359375e+02, 2.845325012207031e+02, 2.841800537109375e+02, 2.838562927246094e+02, 2.835104370117188e+02, 2.831947631835938e+02, 2.829187927246094e+02, 2.832293701171875e+02, 2.852569885253906e+02, 2.87197509765625e+02, 2.864432983398438e+02, 2.856057434082031e+02, 2.851058044433594e+02, 2.846864013671875e+02, 2.842843017578125e+02, 2.838924865722656e+02, 2.834801940917969e+02, 2.832806396484375e+02, 2.837297058105469e+02, 2.842240295410156e+02, 2.83683837890625e+02, 2.83166748046875e+02, 2.827658996582031e+02, 2.824089965820312e+02]
zonOutWal.TSensor=[2.931499938964844e+02, 2.918597412109375e+02, 2.912710571289062e+02, 2.907728271484375e+02, 2.904374389648438e+02, 2.902176818847656e+02, 2.898358459472656e+02, 2.894412841796875e+02, 2.889601135253906e+02, 2.884229736328125e+02, 2.879098205566406e+02, 2.87407470703125e+02, 2.869352416992188e+02, 2.864764404296875e+02, 2.866215515136719e+02, 2.891675415039062e+02, 2.910665588378906e+02, 2.899925842285156e+02, 2.8893359375e+02, 2.883301391601562e+02, 2.877958984375e+02, 2.872877197265625e+02, 2.867910766601562e+02, 2.862835693359375e+02, 2.861108703613281e+02, 2.878802185058594e+02, 2.889176330566406e+02, 2.879441833496094e+02, 2.871666564941406e+02, 2.865980224609375e+02, 2.860313720703125e+02, 2.855348815917969e+02, 2.850679016113281e+02, 2.846554565429688e+02, 2.844326782226562e+02, 2.856596374511719e+02, 2.863182678222656e+02, 2.852515563964844e+02, 2.846234436035156e+02, 2.8420654296875e+02, 2.838638305664062e+02, 2.8355126953125e+02, 2.832914123535156e+02, 2.830643005371094e+02, 2.830607604980469e+02, 2.835249328613281e+02, 2.838630065917969e+02, 2.833397521972656e+02, 2.829552612304688e+02, 2.826408081054688e+02, 2.823396606445312e+02, 2.820116577148438e+02, 2.817212219238281e+02, 2.81469482421875e+02, 2.815077209472656e+02, 2.825791015625e+02, 2.832609252929688e+02, 2.826231689453125e+02, 2.821822509765625e+02, 2.819215393066406e+02, 2.816881408691406e+02, 2.814720764160156e+02, 2.811524047851562e+02, 2.809324035644531e+02, 2.809010009765625e+02, 2.810242919921875e+02, 2.810963439941406e+02, 2.810313110351562e+02, 2.809939270019531e+02, 2.809460754394531e+02, 2.809602661132812e+02, 2.809912719726562e+02, 2.808318786621094e+02, 2.8060498046875e+02, 2.810641784667969e+02, 2.833558349609375e+02, 2.850124206542969e+02, 2.843104248046875e+02, 2.836703186035156e+02, 2.833270263671875e+02, 2.830133056640625e+02, 2.82675048828125e+02, 2.823654174804688e+02, 2.82091552734375e+02, 2.824014587402344e+02, 2.844267883300781e+02, 2.863663024902344e+02, 2.856153869628906e+02, 2.847758178710938e+02, 2.842758483886719e+02, 2.838567199707031e+02, 2.834538269042969e+02, 2.830599975585938e+02, 2.826429748535156e+02, 2.8243603515625e+02, 2.828751220703125e+02, 2.83360595703125e+02, 2.828153686523438e+02, 2.822910766601562e+02, 2.818812255859375e+02, 2.815208435058594e+02]
