last-generated=2019-09-19
statistics-initialization=
{
  "linear": "0, 0, 0, 0, 0, 0, 0, 0, 0, 0",
  "nonlinear": "7, 7, 5, 5, 0, 2",
  "numerical Jacobians": "0"
}
statistics-simulation=
{
  "linear": "0, 0, 0, 0, 0, 0, 0, 0, 0, 0, 0, 0, 0, 0, 0, 0, 5, 0, 0, 0, 0, 0, 0, 0, 0, 0, 0,   0, 0, 5, 0, 0, 0, 0",
  "nonlinear": "0, 2, 2, 1",
  "number of continuous time states": "76",
  "numerical Jacobians": "0"
}
rectangularZoneTemplate1.TSensor=[2.931499938964844e+02, 2.935999450683594e+02, 2.935270080566406e+02, 2.934543151855469e+02, 2.933919067382812e+02, 2.934604187011719e+02, 2.936786193847656e+02, 2.938583679199219e+02, 2.938343811035156e+02, 2.937043151855469e+02, 2.936366271972656e+02, 2.935690307617188e+02, 2.934960327148438e+02, 2.934421081542969e+02, 2.934877624511719e+02, 2.935390930175781e+02, 2.93562255859375e+02, 2.935183715820312e+02, 2.934317626953125e+02, 2.933704528808594e+02, 2.932975769042969e+02, 2.932187805175781e+02, 2.931900024414062e+02, 2.932501525878906e+02, 2.932947998046875e+02, 2.932838439941406e+02, 2.932137756347656e+02, 2.931408996582031e+02, 2.930711059570312e+02, 2.929828796386719e+02, 2.928955383300781e+02, 2.930143737792969e+02, 2.939172058105469e+02, 2.950074157714844e+02, 2.952261657714844e+02, 2.943694763183594e+02, 2.939198608398438e+02, 2.937170715332031e+02, 2.935660705566406e+02, 2.935057983398438e+02, 2.936620178222656e+02, 2.942581176757812e+02, 2.946239929199219e+02, 2.945723571777344e+02, 2.942272033691406e+02, 2.940450744628906e+02, 2.939336853027344e+02, 2.938209533691406e+02, 2.9386279296875e+02, 2.945345764160156e+02, 2.951049499511719e+02, 2.954021301269531e+02, 2.951371459960938e+02, 2.947929382324219e+02, 2.944733276367188e+02, 2.941322937011719e+02, 2.939694519042969e+02, 2.941338806152344e+02, 2.953016967773438e+02, 2.956755981445312e+02, 2.959356994628906e+02, 2.956626281738281e+02, 2.953460693359375e+02, 2.950343933105469e+02, 2.947103271484375e+02, 2.944031677246094e+02, 2.94397705078125e+02, 2.948466796875e+02, 2.954345703125e+02, 2.952366027832031e+02, 2.948962097167969e+02, 2.946295166015625e+02, 2.943543701171875e+02, 2.940759887695312e+02, 2.941377563476562e+02, 2.947870483398438e+02, 2.957855834960938e+02, 2.96174072265625e+02, 2.958490600585938e+02, 2.955509948730469e+02, 2.95275390625e+02, 2.949773559570312e+02, 2.946996154785156e+02, 2.948987731933594e+02, 2.95528564453125e+02, 2.959607543945312e+02, 2.963470764160156e+02, 2.960394287109375e+02, 2.957586059570312e+02, 2.95457763671875e+02, 2.951243591308594e+02, 2.948798217773438e+02, 2.949845581054688e+02, 2.953673706054688e+02, 2.954974670410156e+02, 2.952821655273438e+02, 2.949270324707031e+02, 2.945918273925781e+02, 2.941968994140625e+02, 2.939333801269531e+02, 2.939346618652344e+02]
rectangularZoneTemplate.TSensor=[2.931499938964844e+02, 2.935770874023438e+02, 2.935137329101562e+02, 2.934491271972656e+02, 2.933926391601562e+02, 2.934730834960938e+02, 2.936118469238281e+02, 2.937446594238281e+02, 2.937649536132812e+02, 2.936737976074219e+02, 2.936165771484375e+02, 2.935575256347656e+02, 2.934923400878906e+02, 2.934559326171875e+02, 2.934801635742188e+02, 2.935225219726562e+02, 2.935451965332031e+02, 2.93514404296875e+02, 2.934396362304688e+02, 2.933821411132812e+02, 2.933136291503906e+02, 2.932392272949219e+02, 2.932106323242188e+02, 2.932532043457031e+02, 2.932901000976562e+02, 2.932858276367188e+02, 2.932263488769531e+02, 2.931588134765625e+02, 2.930923156738281e+02, 2.930085754394531e+02, 2.929946899414062e+02, 2.931224975585938e+02, 2.932754516601562e+02, 2.934078979492188e+02, 2.934410400390625e+02, 2.934052124023438e+02, 2.932938537597656e+02, 2.932027282714844e+02, 2.931398315429688e+02, 2.932993774414062e+02, 2.933640441894531e+02, 2.936112365722656e+02, 2.937686462402344e+02, 2.938062744140625e+02, 2.93760009765625e+02, 2.937230224609375e+02, 2.936696472167969e+02, 2.936044311523438e+02, 2.938333740234375e+02, 2.939692687988281e+02, 2.941669921875e+02, 2.943123474121094e+02, 2.942420349121094e+02, 2.940643615722656e+02, 2.939526977539062e+02, 2.938399353027344e+02, 2.939351501464844e+02, 2.94031005859375e+02, 2.943883361816406e+02, 2.947685241699219e+02, 2.949247436523438e+02, 2.948036804199219e+02, 2.945750732421875e+02, 2.943359680175781e+02, 2.940940551757812e+02, 2.939881896972656e+02, 2.94040771484375e+02, 2.94176025390625e+02, 2.943489074707031e+02, 2.943283081054688e+02, 2.941216430664062e+02, 2.940245971679688e+02, 2.93935302734375e+02, 2.938478393554688e+02, 2.940374755859375e+02, 2.942479248046875e+02, 2.946205444335938e+02, 2.948010864257812e+02, 2.947278442382812e+02, 2.945374755859375e+02, 2.943389282226562e+02, 2.941172790527344e+02, 2.941988220214844e+02, 2.94343017578125e+02, 2.946524658203125e+02, 2.949229125976562e+02, 2.950515441894531e+02, 2.949930725097656e+02, 2.94804443359375e+02, 2.945810241699219e+02, 2.943267211914062e+02, 2.94267333984375e+02, 2.942867431640625e+02, 2.944900512695312e+02, 2.945916442871094e+02, 2.944890747070312e+02, 2.942334899902344e+02, 2.9404345703125e+02, 2.938927612304688e+02, 2.937637634277344e+02, 2.939148559570312e+02]
time=[1e+07, 1.1e+07]
pumpSec.heatPort.T=[2.931499938964844e+02, 3.178315734863281e+02, 3.172843322753906e+02, 3.170414428710938e+02, 3.147270812988281e+02, 3.151968078613281e+02, 3.168533630371094e+02, 3.17825439453125e+02, 3.145928649902344e+02, 3.159452819824219e+02, 3.154854431152344e+02, 3.178539123535156e+02, 3.182228088378906e+02, 3.17896240234375e+02, 3.164506530761719e+02, 3.158398132324219e+02, 3.17727294921875e+02, 3.182923278808594e+02, 3.134325561523438e+02, 3.156264038085938e+02, 3.140647277832031e+02, 3.131275939941406e+02, 3.142660522460938e+02, 3.154959411621094e+02, 3.1813037109375e+02, 3.138652038574219e+02, 3.150182495117188e+02, 3.174911193847656e+02, 3.161935424804688e+02, 3.141126403808594e+02, 3.16754638671875e+02, 3.167148132324219e+02, 3.169942626953125e+02, 3.161218872070312e+02, 3.181261291503906e+02, 3.163161315917969e+02, 3.142013549804688e+02, 3.138355407714844e+02, 3.178974304199219e+02, 3.145142517089844e+02, 3.13638671875e+02, 3.149933166503906e+02, 3.163780517578125e+02, 3.200849304199219e+02, 3.138680114746094e+02, 3.174179077148438e+02, 3.164927368164062e+02, 3.180408630371094e+02, 3.138403015136719e+02, 3.145684204101562e+02, 3.151253662109375e+02, 3.145756530761719e+02, 3.140491943359375e+02, 3.157964477539062e+02, 3.175932006835938e+02, 3.188833618164062e+02, 3.139116821289062e+02, 3.215968322753906e+02, 3.175690002441406e+02, 3.169596252441406e+02, 3.163785400390625e+02, 3.158197631835938e+02, 3.1527490234375e+02, 3.147387390136719e+02, 3.246028747558594e+02, 3.13447021484375e+02, 3.209024047851562e+02, 3.184793395996094e+02, 3.17837646484375e+02, 3.172247314453125e+02, 3.166150207519531e+02, 3.230429077148438e+02, 3.13656005859375e+02, 3.177238464355469e+02, 3.149184875488281e+02, 3.186628112792969e+02, 3.180199279785156e+02, 3.174098815917969e+02, 3.168257751464844e+02, 3.162557983398438e+02, 3.156956481933594e+02, 3.148410034179688e+02, 3.205355529785156e+02, 3.198313293457031e+02, 3.191608276367188e+02, 3.185184326171875e+02, 3.179031372070312e+02, 3.173110961914062e+02, 3.167340087890625e+02, 3.161672973632812e+02, 3.156091003417969e+02, 3.150584411621094e+02, 3.145171203613281e+02, 3.139898986816406e+02, 3.134815368652344e+02, 3.238638610839844e+02, 3.360925598144531e+02, 3.188987121582031e+02, 3.159786987304688e+02, 3.187140502929688e+02, 3.140543518066406e+02]
heaPum.QCon_flow=[0e+00, 0e+00, 6.465614624023438e+02, 6.469960327148438e+02, 6.748757934570312e+02, 0e+00, 0e+00, 0e+00, 0e+00, 0e+00, 0e+00, 0e+00, 0e+00, 0e+00, 0e+00, 6.624573974609375e+02, 6.4303759765625e+02, 0e+00, 7.02783203125e+02, 6.606697998046875e+02, 0e+00, 7.061127319335938e+02, 0e+00, 6.580717163085938e+02, 6.332206420898438e+02, 6.875120239257812e+02, 6.640803833007812e+02, 6.340556030273438e+02, 6.433250122070312e+02, 6.721557006835938e+02, 6.337532348632812e+02, 0e+00, 0e+00, 0e+00, 0e+00, 0e+00, 6.89503173828125e+02, 0e+00, 6.359334106445312e+02, 6.78331298828125e+02, 0e+00, 0e+00, 0e+00, 0e+00, 6.884230346679688e+02, 0e+00, 0e+00, 0e+00, 0e+00, 0e+00, 0e+00, 0e+00, 0e+00, 0e+00, 0e+00, 0e+00, 0e+00, 0e+00, 0e+00, 0e+00, 0e+00, 0e+00, 0e+00, 0e+00, 0e+00, 0e+00, 0e+00, 0e+00, 0e+00, 0e+00, 0e+00, 0e+00, 6.869118041992188e+02, 0e+00, 0e+00, 0e+00, 0e+00, 0e+00, 0e+00, 0e+00, 0e+00, 0e+00, 0e+00, 0e+00, 0e+00, 0e+00, 0e+00, 0e+00, 0e+00, 0e+00, 0e+00, 0e+00, 0e+00, 0e+00, 0e+00, 0e+00, 0e+00, 0e+00, 0e+00, 0e+00, 0e+00]
