last-generated=2020-11-19
statistics-initialization=
{
  "nonlinear": "7",
  "numerical Jacobians": "0"
}
statistics-simulation=
{
  "linear": "0, 0, 0, 0, 0, 0, 0, 0, 0, 4, 0, 0",
  "nonlinear": "1",
  "number of continuous time states": "28",
  "numerical Jacobians": "0"
}
time=[1e+07, 1.1e+07]
zone.TSensor=[2.931499938964844e+02, 2.925429077148438e+02, 2.921189880371094e+02, 2.916966857910156e+02, 2.912766418457031e+02, 2.909820861816406e+02, 2.90869384765625e+02, 2.90868896484375e+02, 2.908459777832031e+02, 2.906719970703125e+02, 2.903993530273438e+02, 2.900739135742188e+02, 2.897186584472656e+02, 2.893744506835938e+02, 2.891266174316406e+02, 2.889463195800781e+02, 2.8878857421875e+02, 2.88595458984375e+02, 2.883600158691406e+02, 2.880287170410156e+02, 2.876476440429688e+02, 2.872423706054688e+02, 2.868932189941406e+02, 2.871273498535156e+02, 2.872178039550781e+02, 2.87223876953125e+02, 2.871537475585938e+02, 2.863581848144531e+02, 2.859206848144531e+02, 2.854265441894531e+02, 2.849053039550781e+02, 2.846968688964844e+02, 2.856866455078125e+02, 2.864089660644531e+02, 2.867772521972656e+02, 2.863776550292969e+02, 2.85840576171875e+02, 2.854901733398438e+02, 2.851944580078125e+02, 2.849739685058594e+02, 2.853834838867188e+02, 2.862148132324219e+02, 2.868760986328125e+02, 2.873626098632812e+02, 2.870848999023438e+02, 2.869479370117188e+02, 2.867487182617188e+02, 2.865385437011719e+02, 2.865337219238281e+02, 2.877232360839844e+02, 2.885180358886719e+02, 2.890711975097656e+02, 2.892578430175781e+02, 2.887082824707031e+02, 2.883894958496094e+02, 2.881164855957031e+02, 2.8785205078125e+02, 2.881488037109375e+02, 2.896120300292969e+02, 2.903093566894531e+02, 2.908043518066406e+02, 2.905945129394531e+02, 2.902042541503906e+02, 2.899139709472656e+02, 2.896406555175781e+02, 2.893831787109375e+02, 2.892533569335938e+02, 2.894102783203125e+02, 2.896998596191406e+02, 2.898377380371094e+02, 2.897688903808594e+02, 2.895973510742188e+02, 2.893718872070312e+02, 2.891333618164062e+02, 2.890970458984375e+02, 2.895408630371094e+02, 2.901446838378906e+02, 2.905740356445312e+02, 2.906071166992188e+02, 2.90446533203125e+02, 2.902259521484375e+02, 2.89973388671875e+02, 2.897344970703125e+02, 2.901109313964844e+02, 2.911396484375e+02, 2.917073059082031e+02, 2.921736145019531e+02, 2.919309997558594e+02, 2.915789489746094e+02, 2.912520141601562e+02, 2.909227905273438e+02, 2.906521606445312e+02, 2.910418090820312e+02, 2.915107421875e+02, 2.918092651367188e+02, 2.919482421875e+02, 2.912625732421875e+02, 2.908327941894531e+02, 2.903481750488281e+02, 2.898451843261719e+02, 2.896314392089844e+02]
