last-generated=2024-10-22
statistics-simulation=
{
  "linear": "0, 0",
  "nonlinear": "1",
  "number of continuous time states": "5",
  "numerical Jacobians": "0"
}
time=[0e+00, 2.592e+06]
tabDat_m_flow.m_flow=[0e+00, -3.944150914073422e-13, 1.772214846607664e-09, -1.263836063444614e-02, 1.027084467932582e-03, 2.613054215908051e-02, 2.266014169435948e-04, 2.463240288197976e-02, 1.960213035345077e-02, 1.278676987567451e-04, -1.736005287966691e-05, 1.023214164888486e-04, 3.622909891419113e-04, 5.72984991595149e-03, 1.676463871262482e-04, 1.214796584099531e-02, -4.267531409141157e-07, 5.394771062582628e-06, -9.395768120884895e-03, 2.291609672829509e-03, -2.772009186446667e-02, 2.791637980408268e-05, -6.604246608912945e-03, 1.417791494168342e-03, 6.655981298536062e-03, 2.128802007064223e-03, 2.245571613311768e-02, 9.233509004116059e-03, 7.310380507260087e-03, -1.987572237849235e-02, -1.642893627285957e-02, -9.756300798358097e-07, -1.362524914942653e-12, 1.164148785173893e-02, 8.720875412101127e-05, 1.153871789574623e-02, -2.982388772070408e-02, -1.471111066639423e-02, -1.710094921290874e-02, -6.802883595228196e-02, -1.993304863572121e-02, 2.313501797616482e-02, -1.523048126728099e-07, 4.172720422502607e-04, 2.67941932179383e-06, -6.194823640726099e-07, 9.891703166067601e-03, 5.71115342900157e-03, 2.601748444139957e-02, -1.648966632783413e-02, -3.411740809679031e-02, -1.723375022411346e-02, -3.32327201962471e-02, 2.567937644198537e-03, 1.92430067807436e-02, 2.19071339815855e-02, 2.398995049297913e-02, 2.613165676593781e-02, 1.27531498670578e-02, 1.148782502859831e-02, -1.484582389821298e-05, 1.915386468172074e-02, 8.004419319331647e-03, -4.015670716762543e-02, -5.302427858114243e-02, -2.762823738157749e-02, -4.626050144433975e-02, -4.853679910302162e-02, -8.365961350500269e-03, -2.103487774729824e-02, 4.768438171595335e-03, 5.194027163088322e-03, 2.613720260560513e-02, 2.579619288444519e-02, -3.671462461352348e-02, -2.433572523295879e-02, -4.298726841807365e-02, -9.121995605528354e-03, -1.415675189346075e-02, -5.234635025262833e-02, 9.369133971631527e-03, 2.468995824456215e-02, -2.581114694476128e-02, -3.391154482960701e-02, 2.243322413414717e-03, 2.613508701324463e-02, -1.346698421984911e-02, -2.117708325386047e-03, -1.570303328335285e-02, -4.688170775771141e-02, -7.820248603820801e-03, -1.65041483938694e-02, -4.246458783745766e-02, -1.861259751021862e-02, 5.601665005087852e-03, 1.371218357235193e-02, 5.523545015603304e-03, 2.101066755130887e-03, 2.969566197134554e-03, 2.613809332251549e-02, -2.439741417765617e-02]
tabDat_V_flow.V_flow=[0e+00, 4.732981178203269e-13, -2.12665776264066e-09, -1.053214687854052e-02, 8.563642390072347e-04, 2.177814394235611e-02, 1.890224521048367e-04, 2.053283601999268e-02, 1.633547693490982e-02, 1.064007286913693e-04, 2.083206345560029e-05, 8.530979102943093e-05, 3.015414855326526e-04, 4.77427588775754e-03, 1.385155221214115e-04, 1.02300401777029e-02, 5.121037332855849e-07, -6.473724943133587e-06, -7.794728502631187e-03, 1.909701060503721e-03, -2.310425788164139e-02, 2.166492413380183e-05, -5.502423364669084e-03, 1.181466807611287e-03, 5.546674504876137e-03, 1.779099577106535e-03, 1.871341615915299e-02, 7.707826048135757e-03, 6.09120829030832e-03, -1.651506312191486e-02, -1.367931626737118e-02, 1.170756151225305e-06, 1.635029850226288e-12, 9.565947204828264e-03, 7.332491186382435e-05, 9.627752937376499e-03, -2.485312111675739e-02, -1.229055421426892e-02, -1.425327938050032e-02, -5.669009387493133e-02, -1.660135202109814e-02, 1.927718035876751e-02, 1.827657712283326e-07, 3.481048333924264e-04, -3.215303240722278e-06, 7.433787914123968e-07, 8.243481814861297e-03, 4.759300872683525e-03, 2.167997248470783e-02, -1.373681109398603e-02, -2.843623235821724e-02, -1.436168104410171e-02, -2.769348099827766e-02, 2.139779599383473e-03, 1.603677272796631e-02, 1.825510524213314e-02, 1.999677494168368e-02, 2.177584208548069e-02, 1.06276223435998e-02, 9.574352577328683e-03, 1.781498758646194e-05, 1.596108842641115e-02, 6.670624320395291e-03, -3.346517533063888e-02, -4.418628141283989e-02, -2.302013710141182e-02, -3.855051472783089e-02, -4.04489979147911e-02, -6.971930619328952e-03, -1.753536537289698e-02, 3.976043313741684e-03, 4.326945543289185e-03, 2.177895680069923e-02, 2.148324064910412e-02, -3.059509098529816e-02, -2.030045539140701e-02, -3.582204505801201e-02, -7.6025758869946e-03, -1.179703380912542e-02, -4.362150803208351e-02, 7.805830799043179e-03, 2.05748300999403e-02, -2.150995768606663e-02, -2.826041243970394e-02, 1.869987137615681e-03, 2.177872136235237e-02, -1.122305225580931e-02, -1.769974268972874e-03, -1.308578699827194e-02, -3.90674501657486e-02, -6.515451706945896e-03, -1.375220213085413e-02, -3.538986593484879e-02, -1.552081890404224e-02, 4.668115079402924e-03, 1.142570842057467e-02, 4.603386344388128e-03, 1.7491101520136e-03, 2.476175990886986e-03, 2.178184688091278e-02, -2.033412456512451e-02]
