last-generated=2019-12-09
statistics-initialization=
{
  "nonlinear": "3",
  "numerical Jacobians": "0"
}
statistics-simulation=
{
  "linear": "0, 0, 0, 0, 4, 4",
  "nonlinear": "1",
  "number of continuous time states": "15",
  "numerical Jacobians": "0"
}
winLinLos.propsBus_a.surfCon.Q_flow=[0e+00, 3.726850271224976e+00, 3.651287317276001e+00, 3.308091163635254e+00, 1.472784519195557e+00, 1.923335671424866e+00, 2.821507930755615e+00, 2.895252227783203e+00, 3.01733660697937e+00, 3.319356918334961e+00, 3.513134002685547e+00, 3.52156400680542e+00, 2.152241945266724e+00, 2.197827339172363e+00, 2.732107162475586e+00, 3.030000925064087e+00, 2.946755647659302e+00, 3.026646614074707e+00, 2.754072904586792e+00, 2.586480617523193e+00, 2.396490573883057e+00, 7.258131504058838e-01, 8.987944722175598e-01, 1.636693000793457e+00, 1.741486310958862e+00, 1.862002968788147e+00, 1.941857099533081e+00, 2.207154273986816e+00, 2.275455713272095e+00, 1.467503309249878e+00, -1.402445286512375e-01, 6.252597570419312e-01, 2.011467933654785e+00, 2.309941053390503e+00, 2.575545787811279e+00, 2.776631116867065e+00, 2.946039199829102e+00, 2.952013969421387e+00, -1.365521335601807e+01, -2.684675407409668e+01, 1.53100860118866e+00, 5.577859401702881e+00, 4.505492210388184e+00, 4.015311241149902e+00, 3.870643615722656e+00, 3.63036322593689e+00, 3.397917032241821e+00, 2.631894826889038e+00, -2.848733425140381e+00, 3.018060684204102e+00, 3.052016735076904e+00, 2.837468385696411e+00, 2.640362977981567e+00, 2.498895883560181e+00, 2.364106416702271e+00, 1.174328327178955e+00, 1.209743320941925e-01, 6.22692346572876e-01, 1.650170922279358e+00, 1.778308272361755e+00, 1.860062003135681e+00, 2.119507789611816e+00, 2.246901512145996e+00, 2.299889326095581e+00, -7.447571307420731e-02, 6.329633593559265e-01, 1.450648188591003e+00, 1.961499929428101e+00, 2.058990001678467e+00, 2.183338165283203e+00, 2.207396507263184e+00, 2.16362476348877e+00, 2.055294752120972e+00, 7.010379433631897e-01, 4.553363919258118e-01, 1.502538204193115e+00, 1.47057056427002e+00, 1.477365612983704e+00, 1.4157954454422e+00, 1.393833875656128e+00, 1.339961528778076e+00, 4.228511452674866e-01, -2.817150950431824e-01, 1.012946739792824e-01, 6.888045072555542e-01, 7.231084704399109e-01, 7.288296818733215e-01, 7.924649715423584e-01, 7.94107973575592e-01, 7.959422469139099e-01, -5.424882888793945e+00, -5.036898612976074e+00, 1.587106734514236e-01, 8.760174512863159e-01, 1.188393831253052e+00, 1.641079306602478e+00, 2.733339548110962e+00, 3.260881900787354e+00, 3.054192066192627e+00, -4.722095012664795e+00, 2.612783432006836e+00]
win.propsBus_a.surfCon.Q_flow=[0e+00, 2.393650054931641e+00, 2.326873540878296e+00, 2.100481748580933e+00, 8.729907870292664e-01, 1.176088571548462e+00, 1.796879410743713e+00, 1.848235368728638e+00, 1.934576034545898e+00, 2.100333213806152e+00, 2.188827514648438e+00, 2.20134973526001e+00, 1.343353033065796e+00, 1.338975429534912e+00, 1.713685393333435e+00, 1.938650965690613e+00, 1.913518905639648e+00, 2.0084388256073e+00, 1.824384808540344e+00, 1.719336032867432e+00, 1.591951847076416e+00, 4.482520520687103e-01, 5.783909559249878e-01, 1.057099461555481e+00, 1.121761083602905e+00, 1.186068654060364e+00, 1.236497282981873e+00, 1.388871788978577e+00, 1.440919280052185e+00, 9.408544898033142e-01, -1.466354131698608e-01, 3.817856907844543e-01, 1.328587055206299e+00, 1.49166202545166e+00, 1.646864414215088e+00, 1.732774615287781e+00, 1.854630351066589e+00, 1.844730615615845e+00, -1.064254951477051e+01, -2.07515926361084e+01, 1.23421585559845e+00, 4.163155555725098e+00, 3.146007061004639e+00, 2.659022569656372e+00, 2.457721948623657e+00, 2.295043706893921e+00, 2.13301944732666e+00, 1.643681883811951e+00, -2.488726377487183e+00, 1.953580856323242e+00, 2.047645807266235e+00, 1.877600789070129e+00, 1.741869807243347e+00, 1.641158819198608e+00, 1.559679985046387e+00, 8.157976269721985e-01, 7.564742118120193e-02, 3.914794921875e-01, 1.096960425376892e+00, 1.157029271125793e+00, 1.199987053871155e+00, 1.365281939506531e+00, 1.465733766555786e+00, 1.519903659820557e+00, -5.368305370211601e-02, 3.671716153621674e-01, 9.276118278503418e-01, 1.264168977737427e+00, 1.320148944854736e+00, 1.382841348648071e+00, 1.384188652038574e+00, 1.366466999053955e+00, 1.29808235168457e+00, 4.012297987937927e-01, 2.689627707004547e-01, 9.653698801994324e-01, 9.431573748588562e-01, 9.444109797477722e-01, 9.053574800491333e-01, 8.947882056236267e-01, 8.558827042579651e-01, 2.865768671035767e-01, -2.479073256254196e-01, 3.098177351057529e-02, 4.516002833843231e-01, 4.701011478900909e-01, 4.730532467365265e-01, 5.113050937652588e-01, 5.114902853965759e-01, 5.164064764976501e-01, -4.057200908660889e+00, -3.786433458328247e+00, 1.061415746808052e-01, 6.555827856063843e-01, 8.170307874679565e-01, 1.062092065811157e+00, 1.717858195304871e+00, 2.025088548660278e+00, 1.904886841773987e+00, -3.644228458404541e+00, 1.681732177734375e+00]
time=[0e+00, 1e+06]
