last-generated=2023-10-23
statistics-initialization=
{
  "nonlinear": "17, 10, 8, 11, 10, 8, 11, 7",
  "numerical Jacobians": "0"
}
statistics-simulation=
{
  "linear": "0, 0, 0, 0, 0, 0, 0, 0, 0, 0, 0, 0, 0, 0, 0, 0, 0, 0, 0, 0, 0, 0, 0, 0, 0, 0, 0,   0, 0, 0, 0, 0, 0, 0, 0, 0, 0, 0, 0, 0, 0, 0, 0, 0, 0, 0, 0, 0, 0, 0, 0, 0, 0,   0, 0, 0, 0, 0, 0, 0, 0, 0, 0, 0, 0, 0, 0, 0, 0, 0, 0, 0, 0, 0, 0, 0, 0, 0, 0,   0, 0, 0, 0, 0, 0, 0, 0, 0, 0, 0, 0, 0, 0, 0, 0, 0, 0, 0, 0, 0, 0, 0, 0, 0, 0,   0, 0, 0, 0, 0, 0, 0, 0, 0, 0, 0, 0, 0, 0, 0, 0, 0, 0, 0, 0, 0, 0, 0, 0",
  "nonlinear": "7, 3, 6, 1, 1, 1, 1, 1, 1, 1, 1",
  "number of continuous time states": "442",
  "numerical Jacobians": "0"
}
time=[1.5e+07, 2.35872e+07]
comparison_W1[1]=[4.398602759465575e-04, 4.377645677110801e-04, 4.38400120086347e-04, 4.385114787146449e-04, 4.385215959822138e-04, 4.385251978722711e-04, 4.385267966426909e-04, 4.385276988614351e-04, 4.385283189670493e-04, 4.385287966579199e-04, 4.385291540529579e-04, 4.38529431897526e-04, 4.385296488180757e-04, 4.385298234410584e-04, 4.385299689602107e-04, 4.385300853755325e-04, 4.385301726870239e-04, 4.385302308946848e-04, 4.385302891023457e-04, 4.385303182061762e-04, 4.385303764138371e-04, 4.385303764138371e-04, 4.385304055176675e-04, 4.38530434621498e-04, 4.38530434621498e-04, 4.385304637253284e-04, 4.385304637253284e-04, 4.385304637253284e-04, 4.385304637253284e-04, 4.385304637253284e-04, 4.385304928291589e-04, 4.385304928291589e-04, 4.385304928291589e-04, 4.385304928291589e-04, 4.385304928291589e-04, 4.385304928291589e-04, 4.385304928291589e-04, 4.385304928291589e-04, 4.385304928291589e-04, 4.385304928291589e-04, 4.385304928291589e-04, 4.385304928291589e-04, 4.385304928291589e-04, 4.385304928291589e-04, 4.385304928291589e-04, 4.385304928291589e-04, 4.385304928291589e-04, 4.385304928291589e-04, 4.385304928291589e-04, 4.385304928291589e-04, 4.385304928291589e-04, 4.385304928291589e-04, 4.385304928291589e-04, 4.385304928291589e-04, 4.385304928291589e-04, 4.385304928291589e-04, 4.385304928291589e-04, 4.385304928291589e-04, 4.385304928291589e-04, 4.363621294032782e-04, 4.414486931636929e-04, 4.401571971053878e-04, 4.398268237175634e-04, 4.463770792426658e-04, 4.393287329003215e-04, 4.387131387678285e-04, 4.646694287657738e-04, 4.465986931851755e-04, 4.416153467415522e-04, 4.513801110442728e-04, 4.599899693857878e-04, 4.597863201828052e-04, 4.650544014293701e-04, 4.404755309224129e-04, 4.399673435060928e-04, 4.414410213939846e-04, 4.403121078697344e-04, 4.372852532348285e-04, 6.332736951299012e-04, 4.604254162404686e-04, 4.527424209906409e-04, 4.939564084634185e-04, 5.304655207631489e-04, 4.599611709515254e-04, 4.391715489327907e-04, 5.123581077593069e-04, 4.94567312610646e-04, 4.509212414268404e-04, 4.428773342321317e-04, 4.540195122050743e-04, 4.654958320315927e-04, 4.461589502170682e-04, 4.471792618278414e-04, 4.448744689580053e-04, 4.4946650431181e-04, 4.798248914691309e-04, 4.356999660376459e-04, 4.449889102640251e-04, 4.439840481306116e-04, 4.459208273328841e-04, 4.447185492608696e-04]
comparison_W1[2]=[1.196250013890676e-05, 1.150000025518239e-05, 1.169999995909166e-05, 1.169999995909166e-05, 1.169999995909166e-05, 1.169999995909166e-05, 1.169999995909166e-05, 1.169999995909166e-05, 1.169999995909166e-05, 1.169999995909166e-05, 1.169999995909166e-05, 1.169999995909166e-05, 1.169999995909166e-05, 1.169999995909166e-05, 1.169999995909166e-05, 1.169999995909166e-05, 1.169999995909166e-05, 1.169999995909166e-05, 1.169999995909166e-05, 1.169999995909166e-05, 1.169999995909166e-05, 1.169999995909166e-05, 1.169999995909166e-05, 1.169999995909166e-05, 1.169999995909166e-05, 1.169999995909166e-05, 1.169999995909166e-05, 1.169999995909166e-05, 1.169999995909166e-05, 1.169999995909166e-05, 1.169999995909166e-05, 1.169999995909166e-05, 1.169999995909166e-05, 1.169999995909166e-05, 1.169999995909166e-05, 1.169999995909166e-05, 1.169999995909166e-05, 1.169999995909166e-05, 1.169999995909166e-05, 1.169999995909166e-05, 1.169999995909166e-05, 1.169999995909166e-05, 1.169999995909166e-05, 1.169999995909166e-05, 1.169999995909166e-05, 1.169999995909166e-05, 1.169999995909166e-05, 1.169999995909166e-05, 1.169999995909166e-05, 1.169999995909166e-05, 1.169999995909166e-05, 1.169999995909166e-05, 1.169999995909166e-05, 1.169999995909166e-05, 1.169999995909166e-05, 1.169999995909166e-05, 1.169999995909166e-05, 1.169999995909166e-05, 1.169999995909166e-05, -1.085229181141282e-04, 1.932800005306489e-05, 2.912875017500482e-05, 3.56966736974561e-05, 2.039025484918966e-04, 2.221484223506801e-05, 2.468333271584318e-05, 2.86230007186532e-04, 1.392027516461288e-04, 3.136266522536365e-05, 1.539225020678714e-04, 2.239500017215808e-04, 2.384533317914854e-04, 3.185674897395074e-04, 2.041233286339169e-05, 6.786333451600513e-06, 1.006500042421976e-05, 6.280224983735631e-05, 2.134783260165326e-05, 8.528150012716651e-04, 2.38383342900003e-04, 1.805749964357043e-04, 4.511000064667314e-04, 6.111433256107072e-04, 2.672399914202591e-04, 6.754100060788914e-05, 5.200083212306102e-04, 4.803975143780311e-04, 1.177775033283979e-04, -1.121783211904889e-05, 1.93736666891103e-04, 3.250749898143113e-04, 5.173763449420221e-05, 9.257366424814487e-05, 3.506399909383617e-05, 1.295866596046835e-04, 3.938333344801019e-04, 2.435597541989409e-05, -1.916666573379189e-05, 2.882366616783353e-05, 8.155799907399341e-05, 5.160000000614673e-05]
comparison_W7[1]=[4.238329362124205e-03, 4.175947097440561e-03, 4.168441519141197e-03, 4.168286006897687e-03, 4.168183704217275e-03, 4.168147221207619e-03, 4.168130923062563e-03, 4.168121609836817e-03, 4.168115090578794e-03, 4.168110433965921e-03, 4.168106708675623e-03, 4.168103914707899e-03, 4.168101586401463e-03, 4.168100189417601e-03, 4.168098792433739e-03, 4.168097395449877e-03, 4.168096464127302e-03, 4.168095998466015e-03, 4.168095532804728e-03, 4.16809506714344e-03, 4.168094601482153e-03, 4.168094601482153e-03, 4.168094135820866e-03, 4.168094135820866e-03, 4.168093670159578e-03, 4.168093670159578e-03, 4.168093670159578e-03, 4.168093670159578e-03, 4.168093670159578e-03, 4.168093670159578e-03, 4.168093670159578e-03, 4.168093670159578e-03, 4.168093670159578e-03, 4.168093204498291e-03, 4.168093204498291e-03, 4.168093204498291e-03, 4.168093204498291e-03, 4.168093204498291e-03, 4.168093204498291e-03, 4.168093204498291e-03, 4.168093204498291e-03, 4.168093204498291e-03, 4.168093204498291e-03, 4.168093204498291e-03, 4.168093204498291e-03, 4.168093204498291e-03, 4.168093204498291e-03, 4.168093204498291e-03, 4.168093204498291e-03, 4.168093204498291e-03, 4.168093204498291e-03, 4.168093204498291e-03, 4.168093204498291e-03, 4.168093204498291e-03, 4.168093204498291e-03, 4.168093204498291e-03, 4.168093204498291e-03, 4.168093204498291e-03, 4.168093204498291e-03, 4.188918185730775e-03, 4.172518756240607e-03, 4.164452298233906e-03, 4.166425251569904e-03, 4.156179493293166e-03, 4.165373394886653e-03, 4.153197320799033e-03, 4.20606967061758e-03, 4.168467484414577e-03, 4.182251753906409e-03, 4.192052036523819e-03, 4.18921827028195e-03, 4.16946696738402e-03, 4.167749751359224e-03, 4.195283229152361e-03, 4.192440925786893e-03, 4.191551357507706e-03, 4.182891932626566e-03, 4.1689333319664e-03, 4.540580473840237e-03, 4.175370782613754e-03, 4.205965499083201e-03, 4.258381854742766e-03, 4.299860869844754e-03, 4.195910841226578e-03, 4.19573275372386e-03, 4.320839202652375e-03, 4.235327647378048e-03, 4.129955898970365e-03, 4.23178818076849e-03, 4.191425020496051e-03, 4.205198399722576e-03, 4.242846226940552e-03, 4.244512772808472e-03, 4.240376930683851e-03, 4.238850108037392e-03, 4.240985649327437e-03, 4.231879580765962e-03, 4.274113606661558e-03, 4.296967287858327e-03, 4.268477261066436e-03, 4.272850230336189e-03]
comparison_W7[2]=[1.820000034058467e-04, 1.809999957913533e-04, 1.809999957913533e-04, 1.809999957913533e-04, 1.809999957913533e-04, 1.809999957913533e-04, 1.809999957913533e-04, 1.809999957913533e-04, 1.809999957913533e-04, 1.809999957913533e-04, 1.809999957913533e-04, 1.809999957913533e-04, 1.809999957913533e-04, 1.809999957913533e-04, 1.809999957913533e-04, 1.809999957913533e-04, 1.809999957913533e-04, 1.809999957913533e-04, 1.809999957913533e-04, 1.809999957913533e-04, 1.809999957913533e-04, 1.809999957913533e-04, 1.809999957913533e-04, 1.809999957913533e-04, 1.809999957913533e-04, 1.809999957913533e-04, 1.809999957913533e-04, 1.809999957913533e-04, 1.809999957913533e-04, 1.809999957913533e-04, 1.809999957913533e-04, 1.809999957913533e-04, 1.809999957913533e-04, 1.809999957913533e-04, 1.809999957913533e-04, 1.809999957913533e-04, 1.809999957913533e-04, 1.809999957913533e-04, 1.809999957913533e-04, 1.809999957913533e-04, 1.809999957913533e-04, 1.809999957913533e-04, 1.809999957913533e-04, 1.809999957913533e-04, 1.809999957913533e-04, 1.809999957913533e-04, 1.809999957913533e-04, 1.809999957913533e-04, 1.809999957913533e-04, 1.809999957913533e-04, 1.809999957913533e-04, 1.809999957913533e-04, 1.809999957913533e-04, 1.809999957913533e-04, 1.809999957913533e-04, 1.809999957913533e-04, 1.809999957913533e-04, 1.809999957913533e-04, 1.809999957913533e-04, 5.212033408073087e-04, -7.021499768598006e-05, -1.747005698659147e-04, 9.921457436933854e-05, 1.16061929929856e-04, -3.891858418986278e-05, -3.257499930138389e-04, 8.128800103440881e-04, -1.17668167319304e-04, -2.194999988811711e-05, 3.799400001298636e-04, 4.232333216350525e-04, -4.584599986750012e-04, -3.831724950578064e-04, -2.139341629420718e-04, -2.951599953424496e-05, -1.404999966325704e-05, 2.341974945738912e-04, -2.386753429891542e-04, 3.030699947848916e-03, -2.993641848055025e-04, -2.989300041614721e-04, 5.670497613027691e-04, 9.592591521019737e-04, -2.941616574147095e-04, 1.147502720914417e-04, 1.418666681274772e-03, 5.80011997759963e-04, -1.473674979060888e-03, 6.32725009539475e-04, -4.029725003056228e-04, -3.206587512977422e-04, 4.368616733700036e-05, 2.1317916107364e-04, 3.633040018030442e-05, 3.070575041541209e-04, 5.859333323314786e-04, 3.667599952314049e-04, 7.264066503072778e-04, 8.804183329145114e-04, 3.050799923948943e-04, 2.300000051036477e-04]
comparison_W10[1]=[8.458418305963278e-04, 8.634542743675411e-04, 8.61820177330325e-04, 8.602794515900314e-04, 8.60381474873672e-04, 8.604176264877121e-04, 8.60433615744114e-04, 8.604427442575495e-04, 8.604490027452509e-04, 8.604536415077746e-04, 8.604572503827512e-04, 8.604600761706631e-04, 8.604623121209443e-04, 8.604640606790781e-04, 8.6046545766294e-04, 8.604665636084974e-04, 8.604674142164489e-04, 8.604680770076811e-04, 8.604686590842903e-04, 8.604690665379167e-04, 8.604694157838821e-04, 8.604697068221867e-04, 8.604698814451694e-04, 8.604700560681522e-04, 8.60470172483474e-04, 8.604702888987958e-04, 8.604704053141177e-04, 8.604704635217786e-04, 8.604705217294395e-04, 8.604705217294395e-04, 8.604705799371004e-04, 8.604705799371004e-04, 8.604706381447613e-04, 8.604706381447613e-04, 8.604706381447613e-04, 8.604706381447613e-04, 8.604706381447613e-04, 8.604706963524222e-04, 8.604706963524222e-04, 8.604706963524222e-04, 8.604706963524222e-04, 8.604706963524222e-04, 8.604706963524222e-04, 8.604706963524222e-04, 8.604706963524222e-04, 8.604706963524222e-04, 8.604706963524222e-04, 8.604706963524222e-04, 8.604706963524222e-04, 8.604706963524222e-04, 8.604706963524222e-04, 8.604706963524222e-04, 8.604706963524222e-04, 8.604706963524222e-04, 8.604706963524222e-04, 8.604706963524222e-04, 8.604706963524222e-04, 8.604706963524222e-04, 8.604706963524222e-04, 8.854495780542493e-04, 8.680147351697087e-04, 8.622261028115949e-04, 8.450444257192192e-04, 8.004315386642702e-04, 8.606520799609522e-04, 8.649220612520973e-04, 6.741277291439473e-04, 8.505953072259824e-04, 8.707788959145546e-04, 7.950554112903774e-04, 7.404013924921552e-04, 8.309652757210036e-04, 7.914454606361687e-04, 8.589302763963739e-04, 8.505859621800483e-04, 8.542652358300984e-04, 8.091486617922783e-04, 8.467587945051491e-04, -7.11691128090024e-04, 8.260382510100802e-04, 8.407431111360589e-04, 6.152402935549617e-04, 4.311409375319878e-04, 8.102188523237903e-04, 8.279609330929816e-04, 3.492763789836317e-04, 6.35670335808148e-04, 9.62357425596565e-04, 7.525500414582591e-04, 8.453160920180381e-04, 7.80359620694071e-04, 8.576804609037935e-04, 8.343570438834528e-04, 8.572953916154802e-04, 8.101435385954877e-04, 6.360022428755959e-04, 8.014111826196313e-04, 8.664636236305038e-04, 8.816380550463994e-04, 8.577975700609385e-04, 8.530397317372262e-04]
comparison_W10[2]=[4.925000030198134e-05, 5.00999994983431e-05, 5.020000025979243e-05, 5.020000025979243e-05, 5.020000025979243e-05, 5.020000025979243e-05, 5.020000025979243e-05, 5.020000025979243e-05, 5.020000025979243e-05, 5.020000025979243e-05, 5.020000025979243e-05, 5.020000025979243e-05, 5.020000025979243e-05, 5.020000025979243e-05, 5.020000025979243e-05, 5.020000025979243e-05, 5.020000025979243e-05, 5.020000025979243e-05, 5.020000025979243e-05, 5.020000025979243e-05, 5.020000025979243e-05, 5.020000025979243e-05, 5.020000025979243e-05, 5.020000025979243e-05, 5.020000025979243e-05, 5.020000025979243e-05, 5.020000025979243e-05, 5.020000025979243e-05, 5.020000025979243e-05, 5.020000025979243e-05, 5.020000025979243e-05, 5.020000025979243e-05, 5.020000025979243e-05, 5.020000025979243e-05, 5.020000025979243e-05, 5.020000025979243e-05, 5.020000025979243e-05, 5.020000025979243e-05, 5.020000025979243e-05, 5.020000025979243e-05, 5.020000025979243e-05, 5.020000025979243e-05, 5.020000025979243e-05, 5.020000025979243e-05, 5.020000025979243e-05, 5.020000025979243e-05, 5.020000025979243e-05, 5.020000025979243e-05, 5.020000025979243e-05, 5.020000025979243e-05, 5.020000025979243e-05, 5.020000025979243e-05, 5.020000025979243e-05, 5.020000025979243e-05, 5.020000025979243e-05, 5.020000025979243e-05, 5.020000025979243e-05, 5.020000025979243e-05, 5.020000025979243e-05, 2.175649965647608e-04, -4.099999569007195e-06, 5.799999969894998e-05, -1.776881327997649e-04, -6.52806931611849e-04, 2.486266603227705e-05, 1.683333384183546e-04, -1.407475019805133e-03, -2.9298000348111e-04, -6.925066777815421e-05, -7.117075053974986e-04, -9.287000090504686e-04, -3.097113355761394e-04, -5.855424958281219e-04, 1.275733313135182e-04, -1.300933448267945e-06, -2.225000025646295e-05, -3.629933235545953e-04, 1.251826617711534e-04, -4.908300023525953e-03, -4.405399858175466e-04, -2.752166765276343e-04, -1.659109946340322e-03, -2.367899989088376e-03, -5.105133214965463e-04, -2.67439991584979e-04, -2.514666753510634e-03, -1.75044166855514e-03, 8.856575097888708e-04, -8.850258247305949e-04, -2.283125083583096e-04, -6.507000070996583e-04, -1.743989103609541e-04, -4.208400038381417e-04, -1.24279999290593e-04, -5.851474800147116e-04, -1.513833312007288e-03, -4.964625253342092e-04, 2.180541659860561e-04, 2.415241650305688e-04, 1.191800006199628e-04, 7.639999967068434e-05]
comparison_W37[1]=[-7.364105549640954e-04, -7.18133132904768e-04, -7.201252272352576e-04, -7.21143102273345e-04, -7.210902830896278e-04, -7.21071664399157e-04, -7.210634369403124e-04, -7.210587562682728e-04, -7.210555486381054e-04, -7.21053178422153e-04, -7.210513499254982e-04, -7.210499024949968e-04, -7.210487383417785e-04, -7.210478652268648e-04, -7.210471085272729e-04, -7.210465846583247e-04, -7.210461189970374e-04, -7.210457697510719e-04, -7.210454787127674e-04, -7.210452458821237e-04, -7.21045071259141e-04, -7.210449548438191e-04, -7.210448384284973e-04, -7.210447802208364e-04, -7.210447220131755e-04, -7.210446638055146e-04, -7.210446055978537e-04, -7.210445473901927e-04, -7.210445473901927e-04, -7.210444891825318e-04, -7.210444891825318e-04, -7.210444891825318e-04, -7.210444891825318e-04, -7.210444891825318e-04, -7.210444891825318e-04, -7.210444309748709e-04, -7.210444309748709e-04, -7.210444309748709e-04, -7.210444309748709e-04, -7.210444309748709e-04, -7.210444309748709e-04, -7.210444309748709e-04, -7.210444309748709e-04, -7.210444309748709e-04, -7.210444309748709e-04, -7.210444309748709e-04, -7.210444309748709e-04, -7.210444309748709e-04, -7.210444309748709e-04, -7.210444309748709e-04, -7.210444309748709e-04, -7.210444309748709e-04, -7.210444309748709e-04, -7.210444309748709e-04, -7.210444309748709e-04, -7.210444309748709e-04, -7.210444309748709e-04, -7.210444309748709e-04, -7.210444309748709e-04, -7.234283544433614e-04, -7.213823613710701e-04, -7.206375423508386e-04, -7.207193154246226e-04, -7.165580027503893e-04, -7.210208320369324e-04, -7.199448572161297e-04, -7.152562565170228e-04, -7.188618113286794e-04, -7.200522759618858e-04, -7.216621655970812e-04, -7.172681430044274e-04, -7.171420853895445e-04, -7.148872059769928e-04, -7.291111047379673e-04, -7.307277549989522e-04, -7.305089384317398e-04, -7.298144698143005e-04, -7.280264748260379e-04, -6.673504109494388e-04, -7.194196494917075e-04, -7.251695070105295e-04, -7.155945035628975e-04, -7.047470930653314e-04, -7.18571002750347e-04, -7.283201511017978e-04, -7.111437812757988e-04, -7.123311352916062e-04, -7.179401977919042e-04, -7.317471170487503e-04, -7.220924886253973e-04, -7.195315207354725e-04, -7.325950513283412e-04, -7.337338283347587e-04, -7.359723676927388e-04, -7.348533680972953e-04, -7.242386617387335e-04, -7.378361886367201e-04, -7.346023657980065e-04, -7.368731064101061e-04, -7.378191128373146e-04, -7.397446897812188e-04]
comparison_W37[2]=[2.08749995067592e-07, -1.727200005916529e-06, -2.459999905113364e-06, -2.459999905113364e-06, -2.459999905113364e-06, -2.459999905113364e-06, -2.459999905113364e-06, -2.459999905113364e-06, -2.459999905113364e-06, -2.459999905113364e-06, -2.459999905113364e-06, -2.459999905113364e-06, -2.459999905113364e-06, -2.459999905113364e-06, -2.459999905113364e-06, -2.459999905113364e-06, -2.459999905113364e-06, -2.459999905113364e-06, -2.459999905113364e-06, -2.459999905113364e-06, -2.459999905113364e-06, -2.459999905113364e-06, -2.459999905113364e-06, -2.459999905113364e-06, -2.459999905113364e-06, -2.459999905113364e-06, -2.459999905113364e-06, -2.459999905113364e-06, -2.459999905113364e-06, -2.459999905113364e-06, -2.459999905113364e-06, -2.459999905113364e-06, -2.459999905113364e-06, -2.459999905113364e-06, -2.459999905113364e-06, -2.459999905113364e-06, -2.459999905113364e-06, -2.459999905113364e-06, -2.459999905113364e-06, -2.459999905113364e-06, -2.459999905113364e-06, -2.459999905113364e-06, -2.459999905113364e-06, -2.459999905113364e-06, -2.459999905113364e-06, -2.459999905113364e-06, -2.459999905113364e-06, -2.459999905113364e-06, -2.459999905113364e-06, -2.459999905113364e-06, -2.459999905113364e-06, -2.459999905113364e-06, -2.459999905113364e-06, -2.459999905113364e-06, -2.459999905113364e-06, -2.459999905113364e-06, -2.459999905113364e-06, -2.459999905113364e-06, -2.459999905113364e-06, -1.047252504698311e-04, 1.608900047358474e-05, 3.250124946741076e-05, 1.531372555425643e-05, 1.277401402148826e-04, 1.803439998184331e-05, 4.005999993144845e-05, 1.511000044411048e-04, 9.96982520155143e-05, 2.048336665514701e-05, 8.330324839334936e-05, 1.270499982638285e-04, 1.830925012473017e-04, 2.307700022356585e-04, 2.809366613898116e-05, 5.56131654472362e-06, 5.760000021837186e-06, 2.630908294425656e-05, 3.149433405875849e-05, 4.112499917391688e-04, 1.761877488267297e-04, 1.374129201091516e-04, 2.696750091854483e-04, 3.541666700039059e-04, 1.936975010903552e-04, 3.858124910038896e-05, 2.787499921396375e-04, 2.872400012953828e-04, 1.923199999146163e-04, -5.33493339753477e-05, 1.516733293343956e-04, 2.332875010324642e-04, 3.210208259891563e-05, 5.044833262218162e-05, 1.985800001421012e-05, 7.015549878512199e-05, 2.289999974891543e-04, -1.97287488845177e-05, -5.138533306308091e-05, -3.507833402788189e-05, 3.877100025420077e-05, 1.949999932548963e-05]
